1 0.5399 0.5709 0.2241 0.3864
1 0.0621 0.6281 0.1242 0.2045
27 0.4951 0.9407 0.2122 0.1187
27 0.8007 0.6605 0.0941 0.1157
27 0.6679 0.6515 0.0773 0.1013
1 0.6658 0.6409 0.1083 0.1607
22 0.9138 0.4475 0.0606 0.0648
22 0.2184 0.3218 0.0733 0.0408
22 0.6569 0.4513 0.1138 0.0719
22 0.6492 0.4007 0.0892 0.0498
22 0.7666 0.3976 0.1228 0.0749
22 0.9594 0.3636 0.0812 0.0660
22 0.6176 0.3486 0.0907 0.0394
22 0.6410 0.3221 0.0617 0.0268
22 0.5714 0.3207 0.0558 0.0392
1 0.4177 0.8040 0.4093 0.3117
1 0.2633 0.7287 0.3499 0.2924
22 0.5162 0.3717 0.1119 0.0452
22 0.0525 0.3222 0.0493 0.0351
22 0.0231 0.3420 0.0428 0.0349
22 0.2444 0.3721 0.0912 0.0669
31 0.4786 0.9333 0.2204 0.1333
22 0.4813 0.3500 0.9625 0.0969
