18 0.9023 0.5836 0.1679 0.1358
62 0.8264 0.3487 0.0331 0.0712
62 0.8841 0.3602 0.0562 0.0814
62 0.8000 0.3322 0.0298 0.0335
62 0.8624 0.3462 0.0386 0.0694
67 0.8029 0.3077 0.1035 0.0165
1 0.4675 0.4269 0.5068 0.7854
1 0.7389 0.2813 0.0434 0.0474
1 0.6024 0.2827 0.0556 0.1567
1 0.6506 0.3275 0.0323 0.0792
31 0.3053 0.5587 0.1013 0.5369
1 0.5594 0.2689 0.0319 0.1039
1 0.3625 0.2515 0.0119 0.0799
1 0.6567 0.2848 0.0122 0.0319
1 0.6983 0.3206 0.0455 0.2141
27 0.6103 0.2663 0.0425 0.0643
53 0.9014 0.7263 0.0519 0.0671
53 0.8359 0.8191 0.0650 0.0784
53 0.2861 0.2483 0.0486 0.0702
53 0.9138 0.8234 0.0600 0.0845
53 0.6956 0.9300 0.0740 0.0901
53 0.3100 0.9077 0.3767 0.1644
53 0.6576 0.8420 0.0624 0.0771
53 0.0462 0.9435 0.0925 0.1130
53 0.5561 0.9233 0.0643 0.0803
1 0.6392 0.2720 0.0232 0.0372
1 0.8916 0.2579 0.0259 0.0671
28 0.5873 0.1942 0.1230 0.1210
1 0.7583 0.2546 0.0292 0.0651
1 0.6821 0.2382 0.0077 0.0424
53 0.7906 0.7851 0.0577 0.0748
53 0.6884 0.8799 0.4003 0.2402
53 0.9714 0.8341 0.0572 0.0837
1 0.6712 0.2328 0.0144 0.0354
31 0.5671 0.5434 0.1884 0.4606
1 0.4813 0.3292 0.5219 0.2333
