28 0.8345 0.5401 0.1330 0.0968
1 0.8548 0.6507 0.0688 0.1847
15 0.6868 0.7405 0.2151 0.0942
15 0.3050 0.7770 0.2200 0.1738
67 0.1627 0.7859 0.1683 0.0419
67 0.7041 0.7814 0.1189 0.0287
62 0.1869 0.8726 0.0906 0.2460
62 0.3354 0.8093 0.1083 0.1453
62 0.4857 0.7606 0.0921 0.0239
62 0.0589 0.7563 0.1178 0.0489
62 0.3067 0.8951 0.1407 0.2097
62 0.4931 0.8981 0.1239 0.2008
62 0.6798 0.8921 0.1280 0.1933
62 0.7916 0.8953 0.1247 0.1986
62 0.9409 0.8935 0.1182 0.2120
62 0.1461 0.9007 0.1416 0.1947
62 0.7263 0.7735 0.0986 0.0595
62 0.6224 0.8657 0.0993 0.2529
67 0.9435 0.7783 0.1130 0.0304
67 0.3238 0.7874 0.1487 0.0395
67 0.4900 0.7877 0.1459 0.0448
67 0.0462 0.7850 0.0921 0.0355
62 0.0351 0.8991 0.0702 0.1945
