1 0.0201 0.6128 0.0246 0.1166
1 0.5299 0.5474 0.0163 0.0325
1 0.5556 0.5531 0.0200 0.0462
1 0.0693 0.5113 0.0175 0.0623
9 0.1849 0.6675 0.1623 0.1277
9 0.1069 0.5705 0.1154 0.0493
9 0.0587 0.3438 0.0754 0.0624
9 0.4482 0.3153 0.2998 0.6239
9 0.6495 0.4092 0.0422 0.0644
9 0.2188 0.7793 0.3184 0.1212
9 0.5896 0.4040 0.1040 0.2524
1 0.0399 0.5815 0.0126 0.0646
1 0.0257 0.5270 0.0195 0.0511
1 0.0088 0.5474 0.0102 0.0312
1 0.7426 0.4649 0.0169 0.0545
1 0.6940 0.3840 0.0096 0.0358
1 0.0054 0.6067 0.0107 0.0914
9 0.2095 0.8494 0.3172 0.1185
9 0.8408 0.4431 0.1483 0.8862
9 0.0655 0.2607 0.1310 0.3700
9 0.0844 0.5374 0.0732 0.0260
9 0.3653 0.3959 0.0833 0.0929
9 0.0324 0.4570 0.0648 0.0174
1 0.6497 0.3985 0.0173 0.0478
9 0.4727 0.5704 0.6422 0.3005
