75 0.6395 0.4557 0.0131 0.0386
1 0.9000 0.3764 0.1854 0.3169
1 0.0761 0.4635 0.0919 0.4489
1 0.1472 0.3867 0.0665 0.2186
1 0.6920 0.5404 0.1525 0.6383
1 0.2334 0.6528 0.2612 0.6719
1 0.5454 0.5228 0.1323 0.5844
1 0.1874 0.2837 0.0682 0.0787
1 0.0300 0.3028 0.0599 0.1310
44 0.9280 0.5011 0.0162 0.0358
44 0.3409 0.3427 0.0106 0.0169
46 0.0648 0.3730 0.0175 0.0567
51 0.8237 0.5260 0.0735 0.0660
51 0.3210 0.3646 0.0403 0.0314
67 0.3325 0.4368 0.0963 0.1432
1 0.4761 0.6011 0.2444 0.7393
1 0.0336 0.5222 0.0673 0.3922
47 0.3543 0.3755 0.0121 0.0263
75 0.2082 0.6578 0.0352 0.1275
75 0.5963 0.4090 0.0318 0.0417
75 0.5111 0.3670 0.0359 0.0464
75 0.5979 0.3369 0.0059 0.0066
44 0.9795 0.6134 0.0268 0.1027
67 0.8886 0.6606 0.2228 0.3005
1 0.2538 0.3521 0.0661 0.1571
