44 0.1029 0.1226 0.0633 0.1046
59 0.7258 0.8653 0.1980 0.2207
61 0.1491 0.3899 0.2902 0.1551
61 0.1131 0.8511 0.1168 0.1613
47 0.2667 0.0555 0.1152 0.1065
50 0.1204 0.5615 0.1210 0.1453
51 0.4745 0.1244 0.2950 0.2349
51 0.1693 0.6118 0.3184 0.2337
51 0.4683 0.6071 0.2780 0.2421
51 0.7820 0.6094 0.2701 0.2449
51 0.8052 0.3701 0.2761 0.2292
51 0.1633 0.3646 0.3208 0.2379
51 0.5724 0.8168 0.1411 0.1775
51 0.0669 0.0426 0.1271 0.0835
51 0.3239 0.8627 0.2962 0.2192
51 0.4880 0.3649 0.3098 0.2520
51 0.2800 0.1821 0.0948 0.1310
51 0.7726 0.1244 0.3219 0.2434
47 0.7077 0.3160 0.1121 0.1554
47 0.1831 0.1493 0.1292 0.1225
51 0.1042 0.8649 0.1351 0.2697
51 0.1242 0.1638 0.2484 0.1638
