67 0.5045 0.5562 0.9865 0.8517
1 0.3576 0.1935 0.7152 0.3870
47 0.9160 0.2006 0.1242 0.1575
48 0.4236 0.1809 0.1730 0.0921
49 0.9021 0.6320 0.1958 0.0372
50 0.1511 0.4461 0.2932 0.0839
51 0.1744 0.6849 0.2349 0.2349
51 0.7080 0.2537 0.3834 0.1506
62 0.7424 0.0760 0.1171 0.1438
50 0.8552 0.9612 0.1021 0.0777
57 0.2054 0.6005 0.1297 0.0639
57 0.1689 0.6646 0.1049 0.0642
57 0.1253 0.6791 0.0324 0.0328
57 0.1557 0.7426 0.0880 0.0522
57 0.1072 0.6964 0.0721 0.0556
57 0.2095 0.6694 0.0970 0.0527
77 0.8035 0.1731 0.1017 0.0610
