77 0.6099 0.3961 0.0783 0.1372
77 0.3209 0.4608 0.0323 0.0909
62 0.7231 0.8842 0.5287 0.2315
1 0.7120 0.3214 0.0601 0.2067
1 0.5562 0.4978 0.4891 0.7438
15 0.9684 0.3866 0.0632 0.1056
15 0.2418 0.6086 0.0922 0.3730
47 0.5953 0.7962 0.0672 0.0811
47 0.4996 0.7577 0.0461 0.2270
47 0.0475 0.7306 0.0519 0.1915
1 0.0357 0.5428 0.0714 0.4579
67 0.4296 0.8158 0.5604 0.3684
67 0.0587 0.8753 0.1118 0.0966
15 0.1139 0.6247 0.1115 0.4026
1 0.2765 0.5921 0.4975 0.8157
47 0.0235 0.8232 0.0470 0.1104
47 0.9879 0.7248 0.0241 0.0825
