2 0.4271 0.6465 0.0250 0.1123
2 0.5898 0.7141 0.1093 0.1408
2 0.4742 0.6347 0.0275 0.1093
2 0.4664 0.4245 0.0253 0.0719
2 0.4172 0.4073 0.0251 0.0715
2 0.3641 0.3682 0.0226 0.0605
2 0.3141 0.3372 0.0453 0.0617
9 0.8913 0.4957 0.2174 0.3440
9 0.6829 0.3472 0.3953 0.1482
1 0.5845 0.6008 0.1219 0.1637
1 0.4250 0.5836 0.1070 0.2109
1 0.4889 0.5739 0.0615 0.1785
1 0.5018 0.4720 0.0868 0.1407
1 0.4678 0.3785 0.0539 0.1133
27 0.4043 0.5406 0.0609 0.0537
1 0.4124 0.3697 0.0637 0.1258
1 0.3578 0.3310 0.0663 0.1116
1 0.3108 0.3023 0.0657 0.0842
1 0.5224 0.4170 0.0541 0.0600
9 0.3135 0.2769 0.1976 0.1390
27 0.6225 0.7066 0.0209 0.0500
9 0.2248 0.2013 0.0329 0.0553
