44 0.3006 0.5838 0.0180 0.0941
62 0.1637 0.8720 0.1726 0.2301
62 0.9261 0.7741 0.1012 0.1725
67 0.7456 0.7282 0.1218 0.2424
67 0.2321 0.7165 0.3229 0.0918
46 0.3722 0.6762 0.0409 0.1099
46 0.7463 0.6278 0.0190 0.0599
46 0.2302 0.6718 0.0257 0.0792
46 0.0977 0.6577 0.0287 0.0796
46 0.0486 0.5184 0.0182 0.0426
1 0.5663 0.6831 0.2629 0.6337
1 0.1782 0.4550 0.0861 0.1351
1 0.3580 0.4586 0.0803 0.1187
1 0.0897 0.4554 0.0910 0.1506
1 0.7923 0.4917 0.0725 0.2033
1 0.4172 0.4543 0.0652 0.1227
1 0.6503 0.4890 0.0715 0.1258
1 0.2745 0.4553 0.0862 0.1196
1 0.7422 0.4983 0.0866 0.1819
1 0.8238 0.4788 0.0868 0.1311
1 0.8433 0.6422 0.2733 0.4101
46 0.1984 0.5100 0.0165 0.0401
67 0.3298 0.6428 0.1521 0.0712
46 0.3467 0.5089 0.0099 0.0278
46 0.7736 0.6150 0.0185 0.0593
46 0.6941 0.5451 0.0129 0.0410
46 0.1284 0.5105 0.0114 0.0369
46 0.7075 0.5546 0.0168 0.0490
62 0.6906 0.9156 0.1851 0.1377
62 0.3317 0.9231 0.1894 0.1524
62 0.4105 0.4467 0.0114 0.0183
62 0.1779 0.6121 0.0861 0.1285
62 0.8573 0.9113 0.1703 0.1775
62 0.3312 0.9127 0.1696 0.1000
1 0.5133 0.4785 0.0423 0.1203
1 0.3885 0.6975 0.2941 0.5349
1 0.4570 0.4990 0.9141 0.1437
