1 0.5999 0.5146 0.0479 0.2322
1 0.7079 0.5016 0.0180 0.0883
1 0.6879 0.4983 0.0175 0.0960
1 0.1747 0.4609 0.0232 0.0955
1 0.2409 0.4803 0.0297 0.1416
1 0.6343 0.4943 0.0166 0.0974
33 0.4540 0.7612 0.1088 0.1651
33 0.5094 0.7570 0.1001 0.1664
33 0.6019 0.7681 0.0884 0.1614
33 0.0982 0.8187 0.1700 0.2135
33 0.2797 0.7679 0.1205 0.1348
33 0.3314 0.7554 0.1405 0.1913
33 0.7279 0.7399 0.1237 0.1162
33 0.6261 0.6569 0.0872 0.0891
33 0.5124 0.6303 0.0703 0.0524
33 0.8410 0.7220 0.0407 0.0801
33 0.7349 0.7141 0.1508 0.1399
33 0.7641 0.6483 0.0795 0.0519
1 0.4637 0.5036 0.0268 0.1409
1 0.0872 0.4327 0.0247 0.0468
1 0.2909 0.4897 0.0351 0.1171
1 0.4443 0.5005 0.0395 0.1534
1 0.2669 0.4887 0.0254 0.1262
1 0.2137 0.4871 0.0316 0.1113
1 0.2913 0.4186 0.0142 0.0363
33 0.6457 0.6018 0.0406 0.0257
31 0.7039 0.7567 0.1022 0.1011
33 0.4992 0.7149 0.9984 0.3574
