15 0.5970 0.3072 0.0720 0.0484
41 0.2186 0.5837 0.1986 0.1146
41 0.5675 0.8230 0.0911 0.0961
41 0.6781 0.3861 0.0643 0.0180
1 0.2827 0.6224 0.1216 0.3510
1 0.3826 0.4407 0.0787 0.1508
1 0.4494 0.2990 0.0219 0.0568
1 0.5459 0.2975 0.0329 0.0678
1 0.6797 0.3334 0.0452 0.1181
1 0.7167 0.3075 0.0290 0.0618
1 0.8615 0.2837 0.0471 0.1518
1 0.8306 0.2929 0.0494 0.0981
1 0.5671 0.6428 0.1533 0.3766
1 0.4647 0.2808 0.0431 0.0969
1 0.5741 0.2773 0.0338 0.0879
1 0.2327 0.3593 0.0769 0.1984
41 0.7138 0.3400 0.0209 0.0070
41 0.9816 0.3466 0.0360 0.0213
41 0.8650 0.3385 0.0261 0.0522
1 0.6338 0.2794 0.0285 0.0891
41 0.3629 0.4457 0.0073 0.0180
1 0.5343 0.2802 0.9281 0.1193
