19 0.3895 0.4350 0.0838 0.0736
19 0.4827 0.4284 0.0724 0.0825
19 0.3221 0.4357 0.0228 0.0728
19 0.4355 0.4344 0.0193 0.0688
21 0.3959 0.4333 0.1109 0.0751
1 0.4754 0.3630 0.0334 0.0469
1 0.7266 0.4624 0.0110 0.0186
1 0.7908 0.4681 0.0112 0.0225
1 0.8221 0.4744 0.0084 0.0207
1 0.8558 0.4791 0.0117 0.0251
1 0.6553 0.5167 0.0212 0.0498
8 0.7636 0.5912 0.3473 0.1348
1 0.7923 0.4908 0.0167 0.0254
1 0.2183 0.4452 0.0158 0.0185
1 0.2417 0.4421 0.0181 0.0237
1 0.9959 0.5376 0.0082 0.0125
1 0.9741 0.5379 0.0178 0.0148
19 0.3535 0.4320 0.0570 0.0807
21 0.3291 0.4337 0.0361 0.0767
1 0.9568 0.5308 0.0142 0.0275
1 0.4938 0.5021 0.9844 0.2250
