1 0.4181 0.3551 0.1002 0.1034
1 0.1334 0.4514 0.0122 0.0145
1 0.1719 0.5444 0.0300 0.0627
1 0.8524 0.3974 0.0151 0.0262
1 0.8321 0.3583 0.0169 0.0255
1 0.7865 0.3707 0.0462 0.0218
42 0.4018 0.4429 0.1052 0.0942
42 0.8096 0.4205 0.0328 0.0274
42 0.9684 0.3702 0.0110 0.0181
1 0.9542 0.3682 0.0099 0.0207
1 0.0541 0.5617 0.0537 0.0431
1 0.0472 0.4537 0.0203 0.0329
1 0.8152 0.3506 0.0071 0.0183
1 0.9629 0.3936 0.0126 0.0234
1 0.1195 0.4567 0.0162 0.0097
42 0.0718 0.4613 0.0084 0.0109
1 0.7709 0.4086 0.0161 0.0269
1 0.5437 0.4589 0.9094 0.1197
