9 0.3864 0.6833 0.7654 0.1010
9 0.2727 0.6180 0.5393 0.0629
9 0.1339 0.5547 0.2678 0.0381
9 0.1072 0.5380 0.2125 0.0207
9 0.1733 0.4615 0.2129 0.0213
9 0.3327 0.4802 0.3490 0.0328
9 0.0968 0.5208 0.1861 0.0208
9 0.1611 0.4891 0.3223 0.0490
9 0.1296 0.4990 0.2592 0.0468
16 0.5512 0.5072 0.0513 0.0460
9 0.4917 0.8538 0.9835 0.2886
9 0.1692 0.5821 0.3375 0.0405
9 0.3027 0.4594 0.2670 0.0145
1 0.8632 0.5781 0.0164 0.0242
1 0.5416 0.4950 0.0214 0.0205
9 0.1134 0.5094 0.2212 0.0319
9 0.4573 0.5664 0.6188 0.2672
