3 0.0138 0.7162 0.0269 0.0534
6 0.0799 0.6504 0.1568 0.1694
10 0.0611 0.3654 0.0281 0.0697
10 0.1658 0.4355 0.0213 0.0590
10 0.4278 0.5725 0.0151 0.0796
10 0.5258 0.4947 0.0141 0.0486
10 0.6077 0.4926 0.0133 0.0437
10 0.7398 0.4955 0.0130 0.0467
10 0.8742 0.6030 0.0323 0.0403
3 0.5949 0.6735 0.0255 0.0254
3 0.5419 0.6799 0.0341 0.0476
3 0.1817 0.6719 0.0263 0.0197
8 0.6517 0.7087 0.2102 0.1023
10 0.4030 0.5940 0.0157 0.0359
10 0.6090 0.6139 0.0095 0.0187
10 0.6392 0.6117 0.0057 0.0183
10 0.6186 0.6296 0.0056 0.0148
10 0.6354 0.6321 0.0052 0.0161
