46 0.2369 0.6486 0.0235 0.0510
46 0.8906 0.6000 0.0180 0.0369
46 0.3125 0.7170 0.0276 0.0839
88 0.2891 0.6568 0.0516 0.1005
1 0.5357 0.7522 0.1921 0.4956
1 0.3615 0.6697 0.1197 0.4270
1 0.4164 0.8333 0.2686 0.3131
1 0.0547 0.4921 0.0385 0.0615
1 0.9246 0.7292 0.1394 0.5339
1 0.6345 0.5455 0.0686 0.2594
1 0.8174 0.5252 0.1050 0.1680
1 0.6629 0.7312 0.2105 0.5376
46 0.5992 0.4948 0.0134 0.0257
46 0.8063 0.5290 0.0157 0.0286
88 0.2927 0.5919 0.0444 0.0645
1 0.1121 0.7449 0.2242 0.4786
1 0.5796 0.5432 0.0608 0.2251
46 0.6689 0.8161 0.0459 0.1559
46 0.5968 0.6791 0.0177 0.0653
1 0.7831 0.7683 0.2512 0.4635
1 0.4046 0.5273 0.0646 0.1733
1 0.7246 0.5018 0.0636 0.1443
1 0.4523 0.5448 0.5359 0.1521
