19 0.2472 0.6583 0.0602 0.1171
19 0.3163 0.6540 0.1262 0.1581
19 0.8266 0.6663 0.0965 0.1695
19 0.5704 0.6656 0.1268 0.1714
19 0.6978 0.6645 0.1552 0.1709
19 0.4507 0.6619 0.1326 0.1690
19 0.2078 0.6611 0.0621 0.0950
1 0.7931 0.5953 0.0849 0.1609
1 0.6821 0.6068 0.0893 0.1676
1 0.5596 0.6066 0.0956 0.1402
1 0.4372 0.6074 0.0864 0.1254
1 0.3022 0.6138 0.0634 0.1344
1 0.4214 0.5901 0.0353 0.0627
1 0.3432 0.5887 0.0472 0.0545
1 0.2400 0.6141 0.0703 0.1079
1 0.1293 0.6200 0.0213 0.0392
1 0.1893 0.6103 0.0491 0.1065
1 0.0922 0.6222 0.0111 0.0300
1 0.0548 0.6201 0.0323 0.0425
1 0.4773 0.5804 0.0212 0.0357
