1 0.4565 0.7699 0.0592 0.2176
1 0.5195 0.7482 0.0336 0.1431
1 0.7912 0.7891 0.0858 0.2063
1 0.9035 0.7023 0.0232 0.0749
1 0.4104 0.7457 0.0188 0.0775
1 0.6507 0.7413 0.0251 0.0287
38 0.2285 0.2149 0.1464 0.1964
38 0.0652 0.2279 0.0730 0.0998
38 0.8976 0.0530 0.0321 0.0143
38 0.1593 0.9190 0.1849 0.1385
38 0.8074 0.0132 0.0646 0.0264
1 0.8323 0.6953 0.0173 0.0337
1 0.9196 0.7013 0.0227 0.0719
1 0.9507 0.7475 0.0387 0.1543
1 0.8152 0.7039 0.0140 0.0556
1 0.0064 0.7864 0.0127 0.1348
1 0.3908 0.7502 0.0233 0.0745
1 0.8313 0.7240 0.0312 0.0396
