79 0.1004 0.5256 0.1726 0.1633
81 0.3477 0.5645 0.0448 0.0233
1 0.1284 0.6865 0.1570 0.4652
1 0.2541 0.5208 0.0775 0.2334
1 0.6442 0.4919 0.0803 0.1172
1 0.4175 0.5303 0.1093 0.1881
1 0.1987 0.5358 0.0910 0.1681
1 0.4948 0.5240 0.0659 0.1913
51 0.4424 0.7716 0.0957 0.0700
51 0.6023 0.7654 0.1032 0.0758
55 0.1830 0.6840 0.0160 0.0144
1 0.8028 0.5150 0.0731 0.1918
1 0.8906 0.6311 0.0899 0.3770
1 0.6989 0.4790 0.0697 0.1788
32 0.8907 0.5195 0.0485 0.0257
32 0.4236 0.5356 0.0263 0.0488
51 0.5640 0.8143 0.0577 0.0234
51 0.6898 0.7726 0.0492 0.0533
55 0.2203 0.6753 0.0175 0.0228
82 0.5229 0.4560 0.1253 0.1247
32 0.2308 0.4965 0.0250 0.0373
81 0.3185 0.5679 0.0521 0.0186
