9 0.2775 0.4624 0.1004 0.1067
1 0.1883 0.8717 0.2768 0.2152
1 0.4733 0.7237 0.1026 0.1020
1 0.9255 0.8847 0.0987 0.1886
1 0.1588 0.4116 0.1962 0.0986
1 0.8925 0.4366 0.0485 0.1616
1 0.8201 0.4374 0.0747 0.1486
1 0.1811 0.0888 0.0899 0.1194
1 0.5306 0.0805 0.0731 0.1050
1 0.8130 0.1263 0.1364 0.1596
1 0.4532 0.7732 0.1517 0.1593
1 0.4800 0.0984 0.0907 0.0849
1 0.3812 0.6008 0.0482 0.1073
22 0.1820 0.2264 0.1795 0.1943
22 0.5219 0.2126 0.1975 0.2075
22 0.8315 0.2324 0.1706 0.1863
22 0.8503 0.5493 0.2539 0.2087
22 0.5335 0.5164 0.2178 0.2907
22 0.1451 0.5351 0.2544 0.2511
22 0.1733 0.8270 0.3198 0.3101
22 0.4842 0.8851 0.2780 0.1644
22 0.4353 0.5905 0.0963 0.1262
22 0.5825 0.8167 0.1471 0.1644
22 0.7622 0.8300 0.1749 0.3063
1 0.5594 0.7150 0.0570 0.0851
