62 0.9162 0.5223 0.0926 0.1281
62 0.9463 0.6380 0.1074 0.1951
62 0.0626 0.6260 0.1251 0.2796
62 0.9734 0.5208 0.0533 0.1323
62 0.0808 0.4450 0.0939 0.0855
62 0.1840 0.4055 0.0488 0.0270
1 0.4966 0.5344 0.8729 0.8804
1 0.8410 0.4074 0.0185 0.0189
60 0.5446 0.4838 0.3875 0.1705
28 0.8071 0.2416 0.3858 0.3618
62 0.0933 0.4273 0.0772 0.0571
62 0.1166 0.4011 0.0173 0.0306
67 0.9004 0.5376 0.0870 0.1031
28 0.9305 0.3509 0.0291 0.1113
28 0.8837 0.3779 0.0384 0.0972
28 0.8123 0.3759 0.0308 0.0693
28 0.0208 0.1773 0.0416 0.3221
62 0.9338 0.4578 0.0476 0.0200
62 0.8818 0.4620 0.0336 0.0509
62 0.1603 0.3912 0.0175 0.0071
62 0.9661 0.4388 0.0326 0.0366
67 0.1186 0.4156 0.1197 0.0667
67 0.9216 0.4339 0.1068 0.0096
28 0.8632 0.3516 0.0375 0.0936
28 0.9532 0.4127 0.0354 0.0860
28 0.8490 0.3803 0.0179 0.0513
28 0.1498 0.2980 0.1072 0.1826
67 0.8514 0.4264 0.0814 0.0080
