7 0.7991 0.4622 0.4002 0.4273
1 0.1562 0.5791 0.0797 0.3026
1 0.2148 0.5760 0.0479 0.2460
1 0.2367 0.5705 0.0275 0.2421
1 0.4351 0.5487 0.0527 0.2309
1 0.4767 0.5296 0.0295 0.1953
1 0.5209 0.5202 0.0434 0.1942
27 0.0768 0.5211 0.0297 0.0782
27 0.0819 0.5173 0.0234 0.0749
31 0.2500 0.6208 0.0115 0.0534
33 0.0546 0.6313 0.0523 0.1379
1 0.5822 0.5156 0.0231 0.1478
1 0.5945 0.5197 0.0203 0.1444
1 0.3369 0.5539 0.0544 0.2225
1 0.5641 0.5283 0.0323 0.1746
1 0.0898 0.5711 0.0481 0.2601
32 0.4347 0.5041 0.0071 0.0539
33 0.5482 0.5738 0.0138 0.0470
1 0.1622 0.4737 0.0272 0.0621
31 0.1927 0.6551 0.0281 0.0773
