19 0.6164 0.5984 0.7672 0.7756
1 0.2122 0.5706 0.0719 0.1061
1 0.0534 0.5629 0.0622 0.0815
1 0.3414 0.5651 0.0726 0.0630
1 0.4019 0.5599 0.0492 0.0750
1 0.4689 0.5455 0.0241 0.0222
1 0.4455 0.5524 0.0270 0.0390
1 0.2806 0.5452 0.0455 0.0398
1 0.1402 0.5610 0.0688 0.0842
32 0.7442 0.1576 0.0289 0.0186
62 0.2721 0.5930 0.0516 0.0609
62 0.4854 0.5881 0.0469 0.0539
62 0.4428 0.5827 0.0641 0.0397
62 0.3547 0.5832 0.0253 0.0389
62 0.0251 0.5828 0.0476 0.0442
62 0.1230 0.5924 0.0476 0.0626
62 0.2252 0.6065 0.0332 0.0317
1 0.7775 0.3213 0.3013 0.5662
