1 0.3881 0.5169 0.1855 0.6287
1 0.9194 0.5258 0.1567 0.6741
1 0.6396 0.5618 0.2646 0.8539
1 0.1718 0.3139 0.0540 0.2079
1 0.5278 0.2835 0.0455 0.1903
27 0.4512 0.3181 0.1473 0.2088
27 0.8738 0.4581 0.0543 0.1294
31 0.8721 0.4556 0.0543 0.1203
33 0.4761 0.7337 0.1466 0.4202
33 0.2010 0.3716 0.0473 0.0811
33 0.5008 0.6407 0.9983 0.6172
1 0.2366 0.2651 0.0266 0.0998
1 0.7653 0.2580 0.0500 0.0936
33 0.8771 0.6951 0.0872 0.1219
33 0.0551 0.5105 0.1065 0.1119
33 0.2667 0.3824 0.0332 0.0556
1 0.1115 0.2764 0.0497 0.0956
1 0.2852 0.2746 0.0446 0.1327
1 0.0504 0.3333 0.0834 0.2898
31 0.3855 0.4104 0.0258 0.2369
1 0.1085 0.2590 0.0481 0.1125
33 0.2961 0.3089 0.0231 0.0446
27 0.2596 0.3120 0.0351 0.0571
