82 0.3221 0.5472 0.0973 0.1454
82 0.0522 0.4086 0.1045 0.5079
1 0.7306 0.4944 0.5388 0.9820
46 0.5343 0.7556 0.1214 0.3977
46 0.1947 0.7485 0.0823 0.2595
49 0.3085 0.6380 0.1019 0.0580
51 0.6027 0.4583 0.0481 0.0279
53 0.3678 0.7133 0.0358 0.0466
67 0.2587 0.8202 0.5140 0.2607
81 0.5911 0.5359 0.1118 0.0938
1 0.3801 0.3944 0.3118 0.4921
78 0.0208 0.2673 0.0416 0.1586
47 0.5613 0.4645 0.0238 0.0392
47 0.3278 0.4508 0.0217 0.0331
51 0.4552 0.7944 0.0840 0.1065
51 0.3717 0.7787 0.0826 0.1029
51 0.3346 0.7108 0.0710 0.0793
51 0.2805 0.7475 0.0746 0.0900
51 0.4046 0.7328 0.0706 0.0748
53 0.2851 0.7465 0.0407 0.0196
53 0.6925 0.6012 0.0276 0.0309
53 0.4581 0.8010 0.0751 0.0721
53 0.3334 0.7171 0.0139 0.0090
55 0.3344 0.7655 0.0399 0.0606
53 0.2779 0.7673 0.0246 0.0236
67 0.1638 0.6616 0.1965 0.0867
