37 0.7732 0.0983 0.0382 0.0548
1 0.2816 0.7049 0.1235 0.5621
1 0.0281 0.6335 0.0562 0.3754
1 0.8663 0.5342 0.0167 0.0458
1 0.7182 0.6880 0.1741 0.4463
3 0.0756 0.5570 0.0815 0.0649
3 0.1490 0.5476 0.0848 0.0600
1 0.9799 0.7576 0.0403 0.0760
3 0.3804 0.5349 0.0949 0.0893
3 0.4685 0.5411 0.0850 0.0622
3 0.5422 0.5418 0.0775 0.0737
3 0.9531 0.5224 0.0830 0.0730
3 0.6979 0.5145 0.0506 0.0328
3 0.7747 0.5175 0.0506 0.0669
3 0.8666 0.5247 0.0946 0.0678
3 0.2174 0.5506 0.0699 0.0637
3 0.5076 0.5131 0.0526 0.0352
3 0.6173 0.5260 0.0765 0.0780
3 0.1771 0.5197 0.0578 0.0299
1 0.2367 0.6795 0.1065 0.4846
3 0.3539 0.5222 0.6484 0.0468
