72 0.8822 0.4237 0.1393 0.2265
63 0.7237 0.8581 0.5527 0.2495
62 0.6968 0.4056 0.1822 0.1777
62 0.5897 0.3909 0.1169 0.1760
62 0.6897 0.3181 0.0631 0.0436
62 0.0441 0.5794 0.0882 0.1143
67 0.6080 0.4189 0.1939 0.1689
84 0.2163 0.1845 0.1191 0.0584
84 0.2256 0.3209 0.1235 0.0647
84 0.2095 0.3900 0.0328 0.0459
84 0.2036 0.3715 0.0382 0.0204
62 0.0753 0.4502 0.1505 0.1891
84 0.1702 0.2529 0.0210 0.0579
84 0.2351 0.2592 0.0569 0.0498
84 0.1795 0.2554 0.0040 0.0529
84 0.2232 0.2568 0.0399 0.0538
84 0.1750 0.2556 0.0043 0.0504
84 0.1938 0.2571 0.0139 0.0509
