1 0.2225 0.6337 0.3236 0.7056
1 0.6825 0.4424 0.1598 0.3510
1 0.7678 0.4606 0.0762 0.3216
1 0.8494 0.4037 0.0881 0.1541
1 0.9128 0.6099 0.1743 0.7801
47 0.0923 0.9307 0.1192 0.1385
51 0.5614 0.8167 0.2058 0.1131
51 0.7507 0.8117 0.2001 0.1307
58 0.3629 0.7942 0.0481 0.0687
58 0.6276 0.8294 0.0433 0.0523
58 0.5986 0.7867 0.0682 0.0441
58 0.5649 0.8052 0.0491 0.0695
58 0.5300 0.8328 0.0240 0.0409
58 0.5481 0.8379 0.0240 0.0324
58 0.6029 0.8129 0.0255 0.0615
1 0.1180 0.4573 0.1517 0.3978
1 0.0361 0.4174 0.0721 0.2420
1 0.9202 0.5741 0.1596 0.2024
1 0.9234 0.5533 0.1260 0.2647
10 0.8013 0.3049 0.0135 0.0231
47 0.4420 0.9782 0.0837 0.0435
50 0.8276 0.6549 0.0585 0.0988
51 0.8378 0.5273 0.1065 0.1355
58 0.5393 0.7982 0.0319 0.0471
58 0.5684 0.8394 0.0138 0.0275
1 0.4256 0.5427 0.2343 0.6944
1 0.0394 0.6054 0.0788 0.5040
58 0.4974 0.8439 0.0222 0.0283
58 0.6000 0.8517 0.0192 0.0149
62 0.9634 0.5905 0.0723 0.0727
1 0.6225 0.5023 0.2642 0.5328
58 0.5844 0.7854 0.0406 0.0331
58 0.6385 0.8369 0.0224 0.0460
