1 0.1397 0.5358 0.1109 0.2504
1 0.4333 0.4400 0.0545 0.0353
1 0.0853 0.4894 0.0504 0.1420
1 0.6700 0.4149 0.0368 0.0347
53 0.3010 0.5026 0.0183 0.0114
53 0.2718 0.6524 0.0541 0.0358
55 0.3206 0.5076 0.1258 0.0415
56 0.6543 0.5603 0.0665 0.0375
56 0.5491 0.6743 0.2798 0.2941
57 0.4606 0.6269 0.2964 0.2534
31 0.2312 0.4708 0.0400 0.0580
56 0.5111 0.7477 0.0363 0.0758
1 0.5160 0.4319 0.0363 0.0284
1 0.1763 0.4355 0.0327 0.0350
1 0.2246 0.5102 0.0837 0.2012
1 0.3842 0.4232 0.0279 0.0326
1 0.1950 0.4506 0.0325 0.0757
1 0.2537 0.4314 0.0234 0.0418
1 0.0251 0.4457 0.0402 0.0902
