22 0.5064 0.4742 0.3216 0.3326
22 0.8216 0.5023 0.3268 0.3311
22 0.2358 0.4122 0.3175 0.3816
1 0.9839 0.2411 0.0318 0.1306
1 0.9492 0.1827 0.0217 0.0538
1 0.9318 0.2356 0.0354 0.1127
1 0.4238 0.2240 0.0240 0.1034
1 0.8003 0.2023 0.0209 0.0994
1 0.7538 0.2077 0.0244 0.0843
1 0.3905 0.3515 0.0276 0.1309
1 0.5889 0.2105 0.0337 0.0702
1 0.8421 0.2250 0.0231 0.1253
1 0.9582 0.2407 0.0321 0.1135
1 0.9746 0.1878 0.0299 0.0656
1 0.6638 0.4226 0.0410 0.2459
1 0.4455 0.2105 0.0185 0.0985
1 0.5508 0.3189 0.7172 0.6332
