20 0.5512 0.4335 0.0476 0.0496
20 0.3679 0.4566 0.0398 0.0523
20 0.5183 0.4010 0.0459 0.0502
20 0.6769 0.4073 0.0336 0.0493
20 0.7897 0.3928 0.0391 0.0266
20 0.8305 0.3850 0.0398 0.0506
20 0.0919 0.3919 0.0241 0.0491
20 0.1124 0.3138 0.0416 0.0451
20 0.5548 0.4449 0.0446 0.0496
20 0.5003 0.4278 0.0434 0.0497
20 0.5026 0.4629 0.0343 0.0500
20 0.7867 0.4344 0.0415 0.0617
21 0.7176 0.3897 0.0322 0.0314
21 0.8408 0.3772 0.0390 0.0426
21 0.4990 0.3193 0.0437 0.0479
21 0.2171 0.2223 0.0255 0.0295
21 0.9228 0.1424 0.0392 0.0407
21 0.0591 0.3609 0.0412 0.0499
21 0.3223 0.4558 0.0379 0.0579
21 0.8725 0.1364 0.0225 0.0338
21 0.7538 0.1571 0.0381 0.0390
20 0.4168 0.4469 0.0291 0.0575
21 0.7096 0.4217 0.0508 0.0537
20 0.4922 0.2564 0.9625 0.4660
21 0.4891 0.2482 0.9719 0.4684
