77 0.4638 0.5183 0.0218 0.0186
1 0.4843 0.5080 0.4015 0.4832
1 0.4299 0.2504 0.1685 0.4128
1 0.7553 0.4160 0.0215 0.0329
1 0.7355 0.3773 0.0317 0.0640
31 0.6895 0.5351 0.1404 0.1151
62 0.5059 0.4957 0.0440 0.1234
62 0.9771 0.4823 0.0457 0.1297
62 0.2947 0.5683 0.0748 0.2399
77 0.6789 0.4639 0.0228 0.0194
77 0.0397 0.2742 0.0185 0.0413
1 0.5255 0.4101 0.0267 0.0586
1 0.9077 0.4272 0.1812 0.4296
62 0.8009 0.4735 0.0728 0.1059
62 0.1694 0.8493 0.0813 0.1712
1 0.1879 0.5726 0.3758 0.8191
1 0.7393 0.5373 0.4320 0.6728
1 0.7273 0.4457 0.0405 0.0978
27 0.8387 0.7747 0.1628 0.1207
