85 0.6387 0.2778 0.0519 0.0873
85 0.7056 0.2841 0.0376 0.0832
3 0.8694 0.6737 0.2584 0.2622
3 0.2845 0.6659 0.1440 0.2454
31 0.8681 0.6601 0.0540 0.1710
31 0.6795 0.6256 0.0282 0.0462
1 0.6614 0.6337 0.0595 0.2507
1 0.6012 0.6836 0.0777 0.3663
1 0.4476 0.6971 0.1037 0.3906
1 0.4000 0.6351 0.1433 0.4272
1 0.2910 0.6883 0.0945 0.4472
1 0.2134 0.6626 0.0378 0.2903
1 0.1883 0.6996 0.0814 0.3588
1 0.0964 0.6563 0.0465 0.2709
1 0.5146 0.6878 0.0619 0.3468
1 0.1409 0.6838 0.0474 0.3479
1 0.8762 0.7031 0.0847 0.3965
1 0.3464 0.5342 0.0218 0.0409
