3 0.2330 0.7498 0.2159 0.1937
3 0.0705 0.7661 0.1382 0.2519
3 0.5654 0.6874 0.0973 0.0935
3 0.6297 0.6746 0.0784 0.0738
3 0.6610 0.6724 0.0382 0.0693
3 0.9726 0.6662 0.0257 0.0433
1 0.7580 0.6625 0.0179 0.0813
1 0.2878 0.6525 0.0322 0.0525
1 0.4409 0.6612 0.0283 0.1180
1 0.4655 0.6651 0.0211 0.0981
41 0.7090 0.8512 0.0492 0.0186
1 0.6939 0.7311 0.0686 0.2273
1 0.7313 0.6651 0.0270 0.0738
3 0.9611 0.6484 0.0338 0.0415
3 0.7361 0.6230 0.0374 0.0255
3 0.9518 0.6352 0.0279 0.0234
8 0.8361 0.6112 0.0487 0.1009
1 0.9399 0.6423 0.0080 0.0171
31 0.4487 0.6371 0.0092 0.0386
8 0.8987 0.6099 0.0771 0.0667
