1 0.7986 0.3888 0.1642 0.7594
1 0.6314 0.3905 0.1949 0.7810
1 0.4578 0.3807 0.1675 0.7614
1 0.5021 0.4006 0.9958 0.7980
1 0.6868 0.0561 0.0508 0.0884
1 0.3352 0.0765 0.0502 0.0910
32 0.2995 0.1962 0.0300 0.1314
32 0.4545 0.1008 0.0174 0.0585
32 0.6285 0.1034 0.0323 0.1012
1 0.4022 0.0586 0.0590 0.1172
1 0.4858 0.0482 0.0335 0.0394
32 0.1169 0.2067 0.0190 0.0872
32 0.8127 0.1011 0.0234 0.0995
32 0.1974 0.1573 0.0206 0.0321
32 0.9375 0.0247 0.0277 0.0234
32 0.0503 0.1857 0.0104 0.0234
1 0.8317 0.0525 0.0422 0.1051
