3 0.1396 0.1740 0.1917 0.1973
3 0.4206 0.1291 0.0245 0.0174
3 0.5667 0.1356 0.0192 0.0205
53 0.4046 0.5360 0.1449 0.3611
53 0.6069 0.5461 0.1295 0.3791
53 0.8462 0.5380 0.1329 0.3387
53 0.1805 0.5025 0.1451 0.3888
53 0.0236 0.4873 0.0404 0.3146
53 0.4587 0.2771 0.0558 0.1361
53 0.5059 0.5427 0.1393 0.3691
53 0.8992 0.2849 0.0543 0.1252
53 0.6339 0.2332 0.0413 0.0254
53 0.5490 0.2295 0.0401 0.0321
55 0.0811 0.5147 0.1360 0.3362
3 0.5839 0.1337 0.0168 0.0224
3 0.4649 0.1521 0.0601 0.0971
3 0.6513 0.1328 0.0388 0.0283
55 0.7320 0.4732 0.0209 0.0258
55 0.3344 0.4227 0.0199 0.0245
55 0.2959 0.4529 0.0199 0.0267
55 0.2674 0.5286 0.0182 0.0260
