3 0.0484 0.7208 0.0968 0.0729
6 0.4836 0.5259 0.5587 0.7465
1 0.9868 0.7283 0.0263 0.2796
1 0.1082 0.7067 0.0293 0.0917
1 0.1806 0.7059 0.0278 0.0961
1 0.1366 0.7083 0.0280 0.0892
1 0.9678 0.6636 0.0164 0.0671
1 0.9492 0.6593 0.0114 0.0758
1 0.9333 0.6369 0.0151 0.0538
1 0.9808 0.6528 0.0150 0.0483
1 0.0206 0.7003 0.0134 0.0207
1 0.6562 0.5904 0.0447 0.1419
31 0.9234 0.7526 0.0339 0.0860
1 0.9179 0.7688 0.0913 0.2685
1 0.9589 0.6361 0.0084 0.0150
3 0.1978 0.7228 0.0225 0.0469
3 0.1183 0.7195 0.0106 0.0396
31 0.1842 0.7023 0.0156 0.0247
1 0.0112 0.6999 0.0089 0.0233
