44 0.6059 0.5005 0.0246 0.0880
39 0.6637 0.2439 0.0760 0.3791
39 0.1183 0.5746 0.0272 0.3022
39 0.0907 0.5538 0.0432 0.1615
40 0.3054 0.5921 0.0845 0.1148
1 0.2486 0.6640 0.2174 0.4382
1 0.4877 0.4381 0.1357 0.5723
1 0.7500 0.5247 0.2528 0.7079
15 0.7714 0.6118 0.4369 0.1812
15 0.3698 0.5383 0.0361 0.0162
44 0.9179 0.6733 0.0293 0.0790
1 0.5916 0.3281 0.1550 0.6472
1 0.9831 0.4764 0.0338 0.4640
1 0.0873 0.4568 0.0671 0.5302
1 0.0640 0.4056 0.1281 0.7079
1 0.8284 0.2921 0.1264 0.4809
1 0.4384 0.6158 0.2098 0.2282
1 0.6801 0.4520 0.1011 0.5251
