3 0.5434 0.4051 0.0832 0.1061
15 0.2791 0.8041 0.5581 0.3896
31 0.4952 0.5052 0.0553 0.0818
31 0.1024 0.4832 0.0955 0.2001
3 0.9406 0.2947 0.1187 0.0525
1 0.0902 0.4725 0.1154 0.3049
3 0.4158 0.3563 0.0384 0.0336
3 0.3308 0.3773 0.1503 0.0456
27 0.3497 0.4323 0.0770 0.0861
27 0.8128 0.3853 0.0804 0.0854
1 0.4627 0.4523 0.1204 0.3096
1 0.5932 0.5690 0.1165 0.5266
1 0.6583 0.4054 0.0718 0.2104
1 0.7159 0.5839 0.1227 0.5239
1 0.7508 0.3778 0.0648 0.1968
1 0.7998 0.5085 0.1110 0.4477
1 0.3442 0.4564 0.1307 0.2894
1 0.9048 0.5328 0.1042 0.4695
27 0.9092 0.4397 0.0801 0.1400
27 0.3850 0.6057 0.1894 0.1022
27 0.5816 0.6497 0.0915 0.2108
67 0.2535 0.7564 0.5070 0.3091
1 0.2409 0.4729 0.1137 0.2815
