62 0.3259 0.8865 0.3189 0.2045
62 0.6546 0.8105 0.2729 0.3789
62 0.7595 0.5760 0.0610 0.2569
62 0.8033 0.5248 0.0495 0.3230
62 0.1030 0.4807 0.0509 0.1179
62 0.2586 0.3856 0.0235 0.1168
67 0.4710 0.5728 0.2305 0.6050
46 0.5099 0.5015 0.0288 0.1319
46 0.4375 0.5455 0.0301 0.0978
46 0.4809 0.2963 0.0315 0.1303
46 0.5152 0.2972 0.0191 0.0833
46 0.4138 0.3291 0.0234 0.0570
46 0.5491 0.4114 0.0171 0.0948
51 0.4687 0.4842 0.0623 0.0742
51 0.4350 0.4025 0.0620 0.0662
1 0.2950 0.6599 0.3702 0.6599
31 0.8308 0.4695 0.0542 0.1339
44 0.5049 0.4007 0.0144 0.0779
46 0.3894 0.4239 0.0230 0.0819
47 0.4827 0.5134 0.0273 0.0686
47 0.5487 0.3194 0.0166 0.0579
47 0.6302 0.3302 0.0163 0.0393
47 0.4152 0.5410 0.0252 0.0942
47 0.4573 0.3466 0.0191 0.0437
48 0.5415 0.5755 0.0254 0.0615
50 0.5178 0.3582 0.0127 0.0534
62 0.6308 0.2806 0.0083 0.0600
64 0.6735 0.1361 0.0902 0.2723
64 0.3833 0.1102 0.0743 0.2203
1 0.5790 0.2148 0.1089 0.2167
1 0.3145 0.2669 0.0902 0.2144
1 0.4056 0.2461 0.0860 0.2286
1 0.6037 0.6430 0.2620 0.6334
1 0.7029 0.3691 0.1288 0.3679
1 0.7688 0.3385 0.0670 0.2328
1 0.1893 0.3469 0.1413 0.2663
1 0.1782 0.6176 0.1927 0.6141
51 0.3616 0.3147 0.0675 0.0628
62 0.1179 0.8228 0.2210 0.3543
44 0.5184 0.3996 0.0147 0.0727
47 0.4918 0.2993 0.0177 0.0653
51 0.4560 0.2919 0.0392 0.0512
