44 0.2809 0.4559 0.0095 0.0492
1 0.8901 0.6222 0.2035 0.3410
1 0.0863 0.4945 0.0724 0.1678
1 0.0346 0.4560 0.0650 0.1605
47 0.2472 0.5414 0.0087 0.0318
50 0.1835 0.6503 0.0469 0.0214
79 0.3534 0.6455 0.1532 0.1404
44 0.3297 0.4670 0.0099 0.0459
44 0.3159 0.4604 0.0129 0.0483
44 0.3068 0.4692 0.0054 0.0261
44 0.2919 0.4521 0.0139 0.0467
51 0.7488 0.5093 0.0592 0.0318
51 0.7380 0.4826 0.0551 0.0307
79 0.4868 0.6553 0.2285 0.1746
47 0.2362 0.5427 0.0129 0.0295
47 0.2929 0.5477 0.0135 0.0380
47 0.2599 0.5422 0.0093 0.0296
47 0.2658 0.5419 0.0082 0.0266
47 0.2775 0.5397 0.0088 0.0283
47 0.3257 0.5573 0.0169 0.0413
47 0.3573 0.5634 0.0177 0.0308
47 0.2368 0.5240 0.0098 0.0114
47 0.2538 0.5405 0.0066 0.0341
47 0.2841 0.5462 0.0088 0.0375
44 0.3227 0.4624 0.0072 0.0425
44 0.3022 0.4497 0.0081 0.0537
47 0.3422 0.5604 0.0170 0.0409
51 0.5678 0.8020 0.1679 0.1514
47 0.3098 0.5504 0.0174 0.0383
47 0.3039 0.5875 0.1766 0.1833
