3 0.8416 0.5437 0.2685 0.1938
3 0.6326 0.4977 0.0496 0.0302
10 0.0868 0.2685 0.0290 0.1527
10 0.7791 0.2389 0.0267 0.1638
10 0.4285 0.4027 0.0125 0.0594
10 0.6980 0.3851 0.0134 0.0577
1 0.5455 0.5203 0.0156 0.0608
1 0.5701 0.5053 0.0130 0.0664
1 0.4658 0.4907 0.0085 0.0339
1 0.6303 0.5199 0.0147 0.0697
1 0.4540 0.5118 0.0110 0.0613
8 0.1679 0.4828 0.0529 0.0387
10 0.1257 0.2722 0.0386 0.1595
15 0.0376 0.5200 0.0683 0.0413
1 0.4899 0.4927 0.0091 0.0361
1 0.4785 0.4918 0.0055 0.0317
1 0.4733 0.4901 0.0054 0.0372
10 0.7177 0.3907 0.0171 0.0615
15 0.1614 0.5204 0.0789 0.0418
15 0.2782 0.4958 0.0411 0.0204
1 0.6575 0.4920 0.0070 0.0326
8 0.8459 0.5519 0.2688 0.1896
1 0.4161 0.4903 0.0086 0.0424
3 0.1001 0.4809 0.0296 0.0537
1 0.4851 0.4908 0.0057 0.0364
