2 0.9164 0.6272 0.1430 0.1703
10 0.7406 0.4118 0.0217 0.0575
10 0.0805 0.3997 0.0145 0.0605
10 0.1049 0.4315 0.0139 0.0434
1 0.7781 0.5874 0.0455 0.2100
1 0.2941 0.5830 0.0547 0.2659
1 0.3719 0.5866 0.0671 0.2746
1 0.1710 0.5823 0.0588 0.2875
1 0.0652 0.5850 0.0705 0.3708
1 0.1242 0.5898 0.0478 0.2345
1 0.8179 0.5854 0.0465 0.2404
1 0.9865 0.5798 0.0270 0.2697
2 0.3296 0.6208 0.0476 0.0952
31 0.1221 0.5608 0.0335 0.1186
1 0.5837 0.5097 0.0495 0.0808
1 0.2099 0.5913 0.0400 0.2503
1 0.2450 0.5888 0.0342 0.1817
1 0.8991 0.5771 0.0888 0.2253
2 0.1955 0.6633 0.0462 0.0669
10 0.1922 0.3345 0.0189 0.0493
10 0.0925 0.2867 0.0188 0.0201
1 0.6647 0.5860 0.0251 0.1141
10 0.8022 0.4287 0.0083 0.0138
10 0.5068 0.4569 0.0141 0.0207
10 0.8006 0.4424 0.0153 0.0214
31 0.8454 0.5585 0.0168 0.0344
1 0.5398 0.5831 0.4422 0.1733
