64 0.2833 0.5076 0.0945 0.1765
64 0.6971 0.5356 0.0818 0.1404
49 0.6977 0.9594 0.2125 0.0726
61 0.4732 0.8872 0.2618 0.1589
1 0.8433 0.7024 0.3135 0.1701
47 0.7173 0.8761 0.0767 0.1351
47 0.2906 0.8319 0.0656 0.1180
48 0.6271 0.9146 0.0687 0.0153
67 0.4938 0.7124 0.9708 0.5483
86 0.4837 0.6453 0.0510 0.1527
1 0.1359 0.5130 0.1482 0.4969
1 0.0704 0.6506 0.1407 0.5506
47 0.6402 0.7016 0.0418 0.0785
47 0.6107 0.6455 0.0336 0.0547
47 0.4321 0.7417 0.0602 0.0721
47 0.1308 0.8370 0.0639 0.1199
47 0.8482 0.9517 0.0833 0.0957
47 0.1583 0.9478 0.1347 0.1044
47 0.2787 0.9551 0.0839 0.0899
47 0.3907 0.6474 0.0350 0.0486
47 0.3425 0.7234 0.0422 0.0846
62 0.8678 0.5481 0.1009 0.1573
51 0.7056 0.8046 0.0885 0.0254
61 0.4532 0.8455 0.1003 0.0867
64 0.4849 0.4738 0.1302 0.1102
64 0.4818 0.5938 0.1038 0.2499
51 0.6488 0.8483 0.0715 0.0720
