1 0.8360 0.4574 0.1048 0.3339
1 0.9313 0.4542 0.0712 0.2920
1 0.7209 0.4853 0.1288 0.2602
1 0.9587 0.5391 0.0826 0.3993
55 0.2140 0.4581 0.0129 0.0107
55 0.2169 0.4453 0.0117 0.0107
56 0.6293 0.7793 0.0696 0.0744
56 0.6801 0.8145 0.0734 0.0682
56 0.6709 0.7552 0.0453 0.0496
56 0.4017 0.6898 0.0636 0.0642
56 0.7156 0.8007 0.0441 0.1061
31 0.3446 0.4346 0.0860 0.1019
31 0.8053 0.4785 0.0872 0.2334
53 0.3078 0.6312 0.1271 0.0684
55 0.2151 0.4534 0.0116 0.0093
55 0.2394 0.4408 0.0105 0.0098
57 0.4798 0.8983 0.0191 0.0326
57 0.4940 0.8530 0.1099 0.0686
57 0.5353 0.9130 0.0688 0.0609
1 0.5922 0.5100 0.1967 0.2690
53 0.4238 0.4622 0.0746 0.0354
55 0.4563 0.4261 0.0662 0.0363
57 0.4909 0.9301 0.0102 0.0363
57 0.4134 0.8109 0.0900 0.0663
57 0.5064 0.9269 0.0263 0.0478
57 0.6296 0.8567 0.0419 0.0328
57 0.4430 0.8959 0.0113 0.0604
57 0.5393 0.8343 0.0627 0.0441
57 0.6220 0.8597 0.0838 0.1434
57 0.4424 0.8923 0.0494 0.0467
57 0.4657 0.9059 0.0323 0.0491
57 0.5576 0.8731 0.0247 0.0264
1 0.3518 0.4296 0.1230 0.2305
57 0.3890 0.7385 0.3700 0.3538
