6 0.5012 0.6616 0.7877 0.2819
1 0.3742 0.9056 0.2436 0.1889
1 0.5042 0.8246 0.1066 0.1678
1 0.0605 0.8672 0.1142 0.2619
1 0.6310 0.8274 0.1641 0.2402
1 0.7507 0.8112 0.0657 0.1589
1 0.8221 0.8176 0.0646 0.1474
31 0.8849 0.8568 0.0843 0.0459
31 0.2520 0.8406 0.1069 0.1350
1 0.2168 0.7790 0.0584 0.0917
1 0.0880 0.7635 0.0538 0.0736
1 0.1380 0.7893 0.0792 0.1502
1 0.9636 0.7135 0.0523 0.0522
10 0.7267 0.5052 0.0337 0.0264
27 0.9345 0.7821 0.0460 0.0417
1 0.5742 0.9247 0.1959 0.1505
1 0.2690 0.8593 0.1645 0.2626
6 0.4918 0.5147 0.0785 0.0128
27 0.7506 0.7881 0.0532 0.0664
1 0.8939 0.8473 0.0918 0.2599
1 0.5000 0.7630 0.9940 0.4340
