3 0.3322 0.9464 0.1970 0.1072
3 0.1285 0.9416 0.2016 0.0764
10 0.3630 0.6841 0.0281 0.0865
10 0.7275 0.6876 0.0454 0.0890
3 0.6738 0.8826 0.0480 0.0402
3 0.2530 0.8946 0.0739 0.0914
3 0.3892 0.8951 0.0487 0.0514
3 0.4388 0.9087 0.0144 0.0579
3 0.4668 0.9160 0.0575 0.0944
3 0.7663 0.9013 0.0603 0.0525
10 0.3274 0.7045 0.0429 0.1366
1 0.3763 0.9305 0.0186 0.0302
1 0.9767 0.8750 0.0181 0.0255
3 0.9041 0.9236 0.1426 0.0542
3 0.6647 0.9425 0.1305 0.0932
3 0.5544 0.9076 0.0619 0.0481
3 0.7859 0.9312 0.0749 0.0852
3 0.0391 0.9688 0.0781 0.0624
3 0.7070 0.9015 0.5820 0.1477
