47 0.3796 0.4418 0.0297 0.0574
61 0.5311 0.5494 0.1769 0.1146
1 0.6944 0.7854 0.2191 0.4068
1 0.9066 0.8422 0.1868 0.3156
1 0.4546 0.3484 0.0749 0.1364
1 0.6867 0.4482 0.1323 0.2612
1 0.5736 0.3425 0.2846 0.4043
1 0.5117 0.7798 0.1748 0.4391
1 0.3539 0.7414 0.1620 0.4812
1 0.1643 0.5195 0.3287 0.9281
1 0.2419 0.3820 0.1386 0.1839
1 0.8020 0.4555 0.1040 0.2260
1 0.5428 0.1315 0.1401 0.2630
47 0.3722 0.3867 0.0259 0.0504
47 0.3253 0.4302 0.0157 0.0597
61 0.5105 0.5119 0.0440 0.0430
31 0.8165 0.1490 0.0800 0.1030
1 0.3674 0.2032 0.1717 0.4047
1 0.9167 0.5106 0.1667 0.1938
1 0.1453 0.2354 0.2156 0.4708
