2 0.8723 0.7127 0.2318 0.4270
2 0.8536 0.8390 0.2928 0.3220
3 0.3202 0.5952 0.5952 0.5183
1 0.1732 0.6256 0.3430 0.7220
1 0.8157 0.6509 0.2807 0.6505
1 0.7362 0.4306 0.1048 0.1789
1 0.9691 0.6225 0.0607 0.4944
1 0.4290 0.4550 0.1006 0.1491
4 0.3801 0.7726 0.3166 0.4311
4 0.6958 0.7716 0.1125 0.3136
31 0.4660 0.4468 0.0664 0.1115
31 0.6750 0.5305 0.0646 0.2197
77 0.2087 0.4010 0.0151 0.0528
1 0.2999 0.4418 0.0227 0.0968
2 0.9681 0.7048 0.0638 0.1971
9 0.4841 0.3951 0.0410 0.0439
3 0.9020 0.3481 0.0192 0.0133
