2 0.8590 0.8138 0.0582 0.0922
3 0.5110 0.7672 0.1018 0.0954
1 0.2948 0.8068 0.0701 0.2093
1 0.0377 0.7824 0.0754 0.1921
1 0.1584 0.7986 0.0879 0.2330
1 0.2226 0.7868 0.0788 0.2001
1 0.3903 0.7936 0.0580 0.1954
1 0.4486 0.8062 0.0826 0.2076
1 0.5703 0.8274 0.0627 0.1789
1 0.6345 0.8074 0.0558 0.1778
1 0.7256 0.8179 0.0438 0.1678
31 0.3652 0.7869 0.0221 0.0823
31 0.5820 0.7868 0.0214 0.0760
31 0.2379 0.7668 0.0358 0.0667
31 0.7505 0.8003 0.0299 0.0714
31 0.7336 0.7870 0.0203 0.0646
1 0.7520 0.8375 0.0602 0.1691
3 0.0815 0.6766 0.0447 0.0412
3 0.1566 0.7348 0.0925 0.1174
3 0.0119 0.7055 0.0238 0.0835
3 0.1092 0.6850 0.0309 0.0396
3 0.3831 0.7376 0.0971 0.0697
28 0.6496 0.7259 0.0341 0.0529
28 0.5919 0.7245 0.0723 0.0361
28 0.6220 0.7067 0.0418 0.0238
28 0.7723 0.7535 0.0740 0.0540
28 0.2454 0.6771 0.0836 0.0307
28 0.2035 0.7073 0.0456 0.0429
28 0.3145 0.6958 0.0779 0.0377
28 0.3400 0.6691 0.0693 0.0256
28 0.0417 0.6836 0.0710 0.0610
1 0.9489 0.8408 0.0507 0.1665
3 0.2624 0.7169 0.0404 0.0513
27 0.2103 0.7387 0.0328 0.0702
27 0.2388 0.7557 0.0329 0.0647
27 0.0165 0.7273 0.0282 0.0450
27 0.4289 0.7625 0.0347 0.0961
1 0.3311 0.7839 0.0348 0.1693
1 0.6134 0.8027 0.0494 0.1602
3 0.9432 0.7434 0.0676 0.0246
31 0.2934 0.7373 0.0250 0.0331
