2 0.7761 0.5774 0.3328 0.2601
2 0.5397 0.4990 0.0475 0.1404
31 0.2143 0.2517 0.1225 0.2676
31 0.4126 0.4281 0.0297 0.0780
33 0.3448 0.9040 0.2701 0.1655
1 0.2172 0.3081 0.3077 0.6139
1 0.7008 0.4820 0.1846 0.9414
1 0.9612 0.5668 0.0775 0.5462
1 0.5328 0.4154 0.0749 0.2434
1 0.8052 0.4080 0.0583 0.3124
1 0.0299 0.4480 0.0598 0.4530
1 0.3534 0.3946 0.0404 0.2137
1 0.3799 0.4242 0.0306 0.1995
1 0.4525 0.4135 0.1129 0.3506
1 0.5948 0.4261 0.0515 0.2020
1 0.8162 0.2118 0.1071 0.1262
1 0.5776 0.4002 0.0281 0.1057
31 0.3999 0.4910 0.0215 0.0570
31 0.5877 0.4094 0.0205 0.0633
2 0.0754 0.4962 0.0697 0.1149
1 0.4039 0.4272 0.0398 0.2793
