38 0.5513 0.5053 0.4213 0.1607
38 0.2623 0.6568 0.3135 0.0635
38 0.5199 0.8614 0.3987 0.1214
38 0.7671 0.2830 0.4657 0.1295
38 0.4945 0.0667 0.0508 0.0389
38 0.4882 0.1581 0.0204 0.0548
1 0.5516 0.9870 0.0096 0.0259
1 0.8723 0.9903 0.0195 0.0194
1 0.8967 0.9884 0.0121 0.0233
1 0.9161 0.9940 0.0102 0.0119
1 0.1748 0.9799 0.0078 0.0258
1 0.1891 0.9868 0.0135 0.0208
1 0.0119 0.9656 0.0123 0.0210
1 0.7364 0.9165 0.0110 0.0274
1 0.8079 0.8973 0.0151 0.0284
1 0.1765 0.9514 0.0102 0.0209
38 0.9892 0.6635 0.0216 0.0237
38 0.9697 0.9688 0.0551 0.0364
