3 0.9693 0.4432 0.0605 0.0511
3 0.2280 0.4554 0.0608 0.0443
6 0.5857 0.4323 0.5560 0.4092
1 0.3103 0.6303 0.1362 0.5448
1 0.8910 0.5290 0.0885 0.3440
1 0.8486 0.5298 0.0534 0.3054
1 0.1725 0.6403 0.1112 0.5204
1 0.6988 0.8225 0.1401 0.3550
2 0.8975 0.7213 0.1915 0.3520
8 0.5948 0.4644 0.5520 0.3333
27 0.9238 0.4763 0.0680 0.1420
1 0.4597 0.3885 0.0323 0.0875
10 0.8719 0.2325 0.0195 0.0540
10 0.6230 0.1730 0.0130 0.0516
10 0.4350 0.1950 0.0140 0.0492
10 0.8259 0.2873 0.0119 0.0367
10 0.0983 0.3513 0.0216 0.0378
31 0.7484 0.8229 0.0302 0.1685
3 0.0614 0.4622 0.1013 0.0536
31 0.9458 0.7452 0.0305 0.1412
1 0.9542 0.7285 0.0916 0.5429
1 0.2134 0.5842 0.0929 0.3525
10 0.3028 0.2933 0.0121 0.0352
10 0.1270 0.3522 0.0075 0.0355
10 0.3954 0.2046 0.0125 0.0453
