4 0.4845 0.6348 0.4490 0.4876
1 0.4975 0.5065 0.5557 0.5871
1 0.3937 0.2571 0.0766 0.1252
1 0.0839 0.2993 0.0902 0.1604
1 0.8417 0.3332 0.1247 0.2695
1 0.1901 0.3460 0.1410 0.3059
1 0.9571 0.3427 0.0777 0.1730
1 0.9179 0.2129 0.0540 0.0266
1 0.9493 0.2056 0.0319 0.0291
1 0.2504 0.2103 0.0695 0.0619
10 0.2455 0.0487 0.1293 0.0949
10 0.0984 0.0543 0.1163 0.1004
1 0.3156 0.2541 0.0867 0.1213
10 0.8809 0.0684 0.0701 0.1352
31 0.3210 0.2691 0.0300 0.0725
1 0.7159 0.3738 0.0888 0.2042
10 0.8254 0.0691 0.0705 0.1235
10 0.7371 0.0704 0.1112 0.1283
1 0.5993 0.2590 0.0791 0.1343
1 0.0389 0.3607 0.0752 0.3310
1 0.4988 0.3172 0.9977 0.3156
