3 0.0843 0.5180 0.1680 0.5669
1 0.8981 0.3360 0.0689 0.3737
1 0.9675 0.3620 0.0649 0.3067
1 0.8745 0.3390 0.0425 0.3243
1 0.7939 0.3400 0.0810 0.3596
1 0.1652 0.2555 0.0265 0.0684
1 0.2577 0.3734 0.0983 0.3602
1 0.0989 0.1815 0.0668 0.1051
1 0.8347 0.3530 0.0814 0.3877
1 0.2006 0.3545 0.0575 0.1969
1 0.1097 0.3738 0.0844 0.2729
10 0.1781 0.0579 0.0578 0.1142
1 0.5905 0.4086 0.0902 0.2040
1 0.1624 0.3881 0.0573 0.2410
3 0.5520 0.5446 0.6071 0.7846
1 0.3220 0.2164 0.0411 0.0506
10 0.0753 0.0598 0.0606 0.1062
1 0.3531 0.3240 0.6594 0.4244
