3 0.0710 0.4242 0.1420 0.1575
1 0.5262 0.5191 0.4679 0.9415
1 0.0698 0.4802 0.0563 0.2188
1 0.1435 0.4418 0.0599 0.0879
1 0.3488 0.3995 0.0459 0.1318
1 0.3251 0.4705 0.0626 0.1664
2 0.2142 0.5349 0.1349 0.1418
2 0.1446 0.5198 0.0653 0.0955
1 0.8638 0.4133 0.0368 0.1091
1 0.2170 0.4656 0.0836 0.1871
2 0.5360 0.7904 0.6706 0.4193
2 0.0308 0.5272 0.0616 0.1273
4 0.8267 0.4460 0.0860 0.0636
15 0.3867 0.4870 0.0712 0.0158
3 0.9467 0.3884 0.0540 0.0411
1 0.2081 0.3567 0.0414 0.0641
1 0.8271 0.4112 0.0333 0.0660
