17 0.7710 0.7011 0.2258 0.3785
1 0.1711 0.3698 0.3388 0.6315
1 0.7697 0.4584 0.4607 0.9079
73 0.3565 0.7371 0.5882 0.5034
74 0.8325 0.8656 0.0484 0.0890
84 0.4055 0.4029 0.0153 0.0851
84 0.3524 0.2898 0.0143 0.0536
84 0.3034 0.2180 0.0337 0.0719
84 0.3222 0.1641 0.1654 0.0864
84 0.3752 0.2981 0.0095 0.0515
84 0.3278 0.3823 0.0144 0.1105
84 0.3594 0.3841 0.0760 0.1167
84 0.4276 0.0234 0.0059 0.0466
84 0.2940 0.2822 0.1172 0.0628
44 0.0939 0.6537 0.0734 0.4486
84 0.3678 0.2332 0.0104 0.0491
84 0.4327 0.4928 0.0045 0.0323
84 0.3262 0.2178 0.0116 0.0629
84 0.3235 0.1026 0.1768 0.0984
84 0.3922 0.3250 0.3812 0.6500
