1 0.4340 0.6955 0.3826 0.5820
1 0.1222 0.6899 0.2444 0.6202
1 0.7197 0.3461 0.1888 0.6068
1 0.1519 0.1284 0.0888 0.0962
1 0.2156 0.0465 0.0636 0.0834
1 0.3024 0.0571 0.0583 0.1004
1 0.9605 0.0912 0.0790 0.1235
1 0.9134 0.1835 0.0894 0.0986
40 0.7019 0.2974 0.0642 0.0666
1 0.4982 0.3458 0.0991 0.2610
1 0.5806 0.1016 0.0893 0.1326
62 0.9490 0.1727 0.0302 0.0535
62 0.9756 0.2075 0.0488 0.0576
62 0.9863 0.1732 0.0275 0.0599
1 0.1682 0.1028 0.0664 0.1378
1 0.8417 0.1790 0.0796 0.1062
1 0.3470 0.0831 0.0698 0.0952
40 0.4029 0.8294 0.0437 0.0630
1 0.4992 0.2521 0.9984 0.5042
