62 0.7805 0.5496 0.2868 0.1875
62 0.8003 0.4527 0.1625 0.0882
62 0.5538 0.4470 0.0662 0.1037
67 0.5246 0.7704 0.9492 0.4592
67 0.3940 0.4417 0.2281 0.1294
1 0.3036 0.4543 0.6073 0.9013
1 0.7953 0.3218 0.1469 0.2121
1 0.6665 0.3679 0.0775 0.1847
1 0.9606 0.3961 0.0788 0.2026
1 0.9353 0.3540 0.0436 0.0975
1 0.7067 0.3646 0.0304 0.0723
1 0.2287 0.3466 0.1814 0.2960
47 0.6830 0.8225 0.0887 0.2247
47 0.6040 0.6997 0.0668 0.1680
47 0.5304 0.6872 0.0903 0.2732
47 0.8718 0.7667 0.1217 0.3264
48 0.2450 0.9161 0.1550 0.1678
49 0.3284 0.8899 0.2540 0.0450
1 0.8342 0.3166 0.0303 0.0254
47 0.3420 0.4291 0.0266 0.0886
49 0.3747 0.9311 0.0388 0.0345
51 0.4587 0.6651 0.0619 0.0614
54 0.6699 0.6382 0.0892 0.1060
62 0.5413 0.4166 0.0824 0.0986
64 0.9666 0.6731 0.0667 0.2147
64 0.4308 0.4178 0.0356 0.0605
1 0.6391 0.3417 0.0321 0.0870
1 0.9951 0.4215 0.0072 0.0082
62 0.4723 0.3632 0.0499 0.0406
62 0.4457 0.3698 0.0203 0.0356
62 0.6200 0.5013 0.0390 0.2525
67 0.7076 0.4218 0.0282 0.0528
50 0.6272 0.5547 0.0227 0.0725
62 0.7639 0.4789 0.1679 0.0476
62 0.4476 0.4105 0.1096 0.0682
62 0.9605 0.4464 0.0791 0.1243
62 0.7006 0.3791 0.0145 0.0495
