3 0.9215 0.4837 0.1224 0.0656
3 0.6439 0.4695 0.0484 0.0429
4 0.4550 0.5773 0.2222 0.1657
4 0.1990 0.5827 0.2632 0.1974
4 0.8198 0.5656 0.1944 0.1643
1 0.4553 0.5433 0.1087 0.2507
1 0.1977 0.5466 0.1132 0.2796
1 0.8309 0.5287 0.1081 0.2419
1 0.7656 0.4637 0.0332 0.0870
1 0.7126 0.4932 0.0463 0.1643
10 0.6554 0.2489 0.0345 0.1017
10 0.7088 0.3430 0.0257 0.0491
10 0.8589 0.2972 0.0330 0.0864
10 0.7145 0.2515 0.0191 0.0689
1 0.7438 0.4637 0.0250 0.0680
3 0.6889 0.4650 0.0181 0.0475
31 0.8145 0.4967 0.0367 0.0355
31 0.7639 0.4926 0.0191 0.0197
3 0.9940 0.4974 0.0118 0.0425
