3 0.0739 0.5782 0.1478 0.0998
7 0.3698 0.4916 0.2117 0.2629
1 0.5387 0.5608 0.0208 0.1091
1 0.5271 0.5540 0.0228 0.1084
1 0.3018 0.5660 0.0191 0.1042
1 0.2917 0.5380 0.0133 0.0442
1 0.2661 0.5655 0.0147 0.0909
1 0.5092 0.5530 0.0264 0.1023
3 0.6767 0.5254 0.0504 0.0431
1 0.2853 0.5634 0.0203 0.1019
1 0.2722 0.5735 0.0104 0.0733
1 0.4716 0.5435 0.0143 0.0685
3 0.8310 0.5234 0.0565 0.0496
3 0.0067 0.5539 0.0135 0.0177
8 0.7577 0.5166 0.1042 0.0897
8 0.6190 0.5340 0.1050 0.1014
3 0.6193 0.5369 0.1038 0.1020
