3 0.3996 0.3199 0.3273 0.1447
3 0.0899 0.2686 0.1782 0.1242
3 0.6900 0.3056 0.2493 0.1105
3 0.9463 0.3274 0.1074 0.1786
3 0.5034 0.2293 0.0488 0.0340
4 0.5059 0.2826 0.0773 0.0637
1 0.2271 0.5631 0.3230 0.2725
8 0.2644 0.2157 0.1051 0.0575
11 0.6606 0.5149 0.0585 0.0910
1 0.4655 0.2539 0.0530 0.0620
3 0.1000 0.2241 0.0988 0.0510
3 0.5660 0.2280 0.0303 0.0161
8 0.1345 0.2089 0.1243 0.0620
1 0.4711 0.2309 0.0183 0.0418
1 0.3972 0.2849 0.0142 0.0316
3 0.5617 0.2609 0.1129 0.0517
3 0.7970 0.2706 0.1169 0.0568
3 0.1333 0.2088 0.1266 0.0595
