2 0.6638 0.8003 0.2677 0.2779
2 0.0545 0.7340 0.0996 0.1742
28 0.7848 0.5426 0.1192 0.1178
28 0.3470 0.4770 0.1136 0.0575
28 0.5609 0.4971 0.1111 0.0639
28 0.9738 0.4714 0.0523 0.0356
31 0.3708 0.5874 0.0509 0.1159
31 0.1780 0.6122 0.0200 0.0558
1 0.7098 0.7407 0.2289 0.3598
1 0.2131 0.6576 0.0977 0.2060
1 0.2835 0.6082 0.0673 0.2760
1 0.3595 0.6316 0.0677 0.2610
1 0.5922 0.6216 0.0755 0.2169
1 0.8011 0.6807 0.0724 0.1820
1 0.9861 0.6054 0.0279 0.2481
1 0.9603 0.5429 0.0215 0.1262
28 0.1895 0.5309 0.1221 0.1144
1 0.7192 0.4692 0.0310 0.0673
28 0.9016 0.4244 0.0365 0.0206
