1 0.6500 0.5588 0.0521 0.2355
1 0.5053 0.5297 0.0329 0.1426
1 0.4712 0.5192 0.0277 0.1057
1 0.1616 0.5610 0.0523 0.2372
1 0.3261 0.5080 0.0376 0.1111
1 0.6268 0.5117 0.0267 0.0800
1 0.5294 0.5124 0.0088 0.0103
1 0.0378 0.7036 0.0755 0.1931
1 0.2052 0.5496 0.0225 0.0352
1 0.9351 0.5148 0.0071 0.0284
38 0.9546 0.3121 0.0639 0.1286
38 0.8980 0.3536 0.0226 0.0406
38 0.2285 0.0762 0.0197 0.0445
38 0.2100 0.4492 0.2896 0.4051
38 0.5441 0.7370 0.5624 0.1821
38 0.8850 0.7135 0.1849 0.1234
38 0.7471 0.6524 0.1299 0.1390
38 0.5366 0.6453 0.1994 0.1550
1 0.3009 0.4932 0.0272 0.0878
1 0.8060 0.5374 0.0051 0.0216
38 0.3765 0.4943 0.1110 0.1954
38 0.6891 0.3550 0.0251 0.0376
38 0.4487 0.4068 0.0099 0.0187
38 0.3888 0.4155 0.0090 0.0170
38 0.1402 0.8765 0.2803 0.2470
1 0.6930 0.5398 0.5797 0.0913
38 0.5813 0.6042 0.8344 0.2389
