62 0.3439 0.8873 0.0783 0.1091
38 0.3074 0.1630 0.0112 0.0092
38 0.3324 0.2680 0.0393 0.0347
38 0.4233 0.1734 0.0301 0.0173
38 0.2860 0.2681 0.0109 0.0115
1 0.4688 0.8211 0.0360 0.1603
1 0.9792 0.8076 0.0416 0.2883
1 0.3376 0.7771 0.0293 0.1442
1 0.4035 0.8361 0.0274 0.1166
1 0.1936 0.8429 0.0242 0.0353
1 0.1756 0.8576 0.0249 0.0605
1 0.6152 0.8505 0.0180 0.0650
1 0.8543 0.8247 0.0208 0.0528
1 0.2247 0.8611 0.0326 0.0544
28 0.6916 0.7938 0.1016 0.0726
28 0.2863 0.7934 0.0448 0.0166
38 0.4794 0.3943 0.0124 0.0232
38 0.3629 0.3725 0.0165 0.0130
38 0.8822 0.6884 0.0347 0.0470
1 0.3366 0.8433 0.0719 0.1914
28 0.1963 0.7596 0.0118 0.0271
28 0.2114 0.7560 0.0115 0.0284
28 0.4338 0.7655 0.0142 0.0285
38 0.4823 0.4492 0.0177 0.0117
38 0.4035 0.2490 0.0159 0.0169
38 0.6501 0.3046 0.0681 0.0512
38 0.6957 0.6262 0.0089 0.0078
38 0.8490 0.6381 0.0074 0.0104
1 0.4205 0.8118 0.0128 0.0374
1 0.9032 0.8162 0.1008 0.2586
1 0.3881 0.8340 0.0178 0.1195
1 0.4430 0.8286 0.8703 0.1596
38 0.4992 0.5528 0.9984 0.8756
