10 0.6260 0.5932 0.0573 0.0456
41 0.2325 0.5688 0.2526 0.0996
1 0.5863 0.3712 0.7858 0.3413
1 0.1552 0.3492 0.1992 0.3410
1 0.1606 0.2347 0.2052 0.2785
1 0.7233 0.8263 0.1733 0.2131
1 0.5105 0.7743 0.1836 0.2367
1 0.3761 0.8412 0.1051 0.0951
1 0.3060 0.7248 0.1146 0.1594
1 0.2289 0.7156 0.1479 0.2153
1 0.8534 0.9189 0.0791 0.1006
1 0.4184 0.7450 0.1432 0.1559
10 0.6923 0.6712 0.0531 0.0623
10 0.8641 0.7355 0.0246 0.0264
10 0.5728 0.2830 0.0846 0.0302
27 0.2433 0.6577 0.0845 0.0541
41 0.0669 0.2974 0.1339 0.3379
1 0.5955 0.8121 0.2029 0.1937
1 0.0939 0.0775 0.1878 0.1551
1 0.8167 0.8497 0.1215 0.1714
