67 0.3840 0.8753 0.4367 0.1814
1 0.7405 0.5698 0.3527 0.8401
1 0.2828 0.5742 0.2970 0.7618
50 0.3467 0.6965 0.1473 0.1167
51 0.4058 0.7838 0.1306 0.0760
51 0.5551 0.7583 0.0415 0.0403
51 0.5111 0.7743 0.1263 0.0820
51 0.6549 0.7979 0.1233 0.1208
61 0.4491 0.8679 0.0464 0.0600
61 0.4885 0.8880 0.0793 0.0458
61 0.4620 0.8145 0.0360 0.0390
61 0.5142 0.8554 0.0523 0.0284
61 0.2943 0.8203 0.0350 0.0377
61 0.3011 0.8674 0.0296 0.0294
61 0.3570 0.8492 0.0303 0.0190
67 0.9407 0.7312 0.1186 0.5065
61 0.3814 0.8751 0.0442 0.0204
61 0.4402 0.8192 0.0268 0.0322
61 0.3942 0.8574 0.0454 0.0289
61 0.3353 0.8435 0.0423 0.0678
61 0.3025 0.8492 0.0327 0.0292
61 0.4836 0.8391 0.0446 0.0336
