64 0.0658 0.1146 0.1249 0.1663
1 0.6187 0.5032 0.5460 0.9548
46 0.9523 0.1363 0.0480 0.0533
51 0.1107 0.4196 0.2162 0.0842
51 0.8750 0.4797 0.0829 0.0326
44 0.1644 0.8588 0.0389 0.0941
47 0.8084 0.2415 0.0507 0.0404
47 0.8270 0.2041 0.0624 0.0244
47 0.7170 0.1440 0.0453 0.0521
47 0.8622 0.2478 0.0240 0.0203
78 0.2203 0.4195 0.2988 0.1136
46 0.8999 0.1120 0.0549 0.0523
46 0.8614 0.1226 0.0386 0.0703
46 0.8005 0.1436 0.0244 0.0532
47 0.9006 0.1500 0.0483 0.0282
47 0.9362 0.2309 0.0950 0.0561
47 0.9055 0.0953 0.0276 0.0184
44 0.0560 0.7055 0.0985 0.0715
44 0.0468 0.8273 0.0935 0.0636
44 0.0686 0.8508 0.0518 0.0448
46 0.9945 0.1335 0.0110 0.0536
46 0.7968 0.1010 0.0296 0.0173
