44 0.7686 0.7931 0.1342 0.3082
44 0.7468 0.6865 0.1124 0.3062
44 0.0444 0.2013 0.0638 0.2639
47 0.9130 0.8193 0.1740 0.3001
47 0.0218 0.3697 0.0424 0.1303
48 0.5062 0.7673 0.1148 0.1894
51 0.2124 0.3994 0.2206 0.1941
51 0.8657 0.5046 0.2685 0.3843
57 0.1865 0.4121 0.0668 0.0143
57 0.2594 0.4242 0.0311 0.0139
57 0.2354 0.3963 0.0348 0.0308
44 0.0681 0.1135 0.0375 0.1197
57 0.2262 0.3925 0.0409 0.0239
57 0.2573 0.4071 0.0248 0.0257
57 0.1839 0.3899 0.0163 0.0302
79 0.3691 0.6664 0.7146 0.6314
57 0.2228 0.4237 0.0583 0.0389
57 0.1790 0.4344 0.0199 0.0315
57 0.1906 0.4287 0.0212 0.0264
57 0.2017 0.3830 0.0399 0.0147
57 0.2532 0.3663 0.0281 0.0192
44 0.1123 0.1174 0.0359 0.1155
51 0.4205 0.5029 0.2174 0.1270
51 0.3433 0.8079 0.2258 0.2986
