56 0.4017 0.4281 0.1846 0.0967
56 0.1509 0.4799 0.1321 0.1368
56 0.2426 0.2283 0.3109 0.2090
56 0.4392 0.1544 0.2104 0.1451
57 0.4267 0.2296 0.1569 0.0871
57 0.2035 0.3484 0.1258 0.1125
57 0.3263 0.1455 0.1380 0.1129
56 0.2142 0.4025 0.2350 0.1050
57 0.4570 0.3117 0.1531 0.0994
57 0.2682 0.4703 0.1264 0.0767
57 0.3770 0.3741 0.1132 0.0938
58 0.5933 0.1440 0.1438 0.1259
57 0.3001 0.3424 0.1021 0.0910
57 0.3600 0.5123 0.1015 0.0814
57 0.1991 0.1099 0.1571 0.0477
57 0.1248 0.3435 0.0716 0.0783
57 0.4546 0.4985 0.1154 0.1019
57 0.2911 0.2053 0.1147 0.0897
58 0.7476 0.2526 0.1749 0.1033
58 0.5882 0.2594 0.1524 0.1135
57 0.2638 0.1528 0.2059 0.1014
58 0.7469 0.4861 0.1513 0.1058
58 0.5789 0.4930 0.1605 0.1257
58 0.7529 0.1388 0.1489 0.1117
58 0.5959 0.3721 0.1317 0.0988
58 0.7449 0.3651 0.1502 0.1118
