63 0.2651 0.5409 0.3916 0.4107
63 0.6970 0.5522 0.4899 0.4418
62 0.0700 0.4112 0.1040 0.2433
86 0.4723 0.3355 0.0326 0.0898
78 0.3362 0.1633 0.0532 0.0695
79 0.3425 0.2829 0.0755 0.1356
84 0.6135 0.2858 0.0072 0.0508
84 0.6368 0.2903 0.0044 0.0501
84 0.6795 0.2921 0.0053 0.0492
84 0.7423 0.3082 0.0084 0.0443
85 0.1031 0.1743 0.0361 0.0439
67 0.1372 0.2643 0.2745 0.0394
84 0.8999 0.2338 0.0355 0.0560
84 0.7921 0.2270 0.0086 0.0530
84 0.7132 0.2227 0.1062 0.0549
84 0.6366 0.2136 0.0069 0.0737
84 0.5739 0.2170 0.0125 0.0510
84 0.7903 0.3052 0.0154 0.0635
84 0.5221 0.2759 0.0122 0.0487
84 0.5140 0.3304 0.0076 0.0302
84 0.5664 0.3284 0.0046 0.0146
84 0.5766 0.2151 0.7125 0.4256
