1 0.0985 0.5736 0.1969 0.2977
1 0.2326 0.5797 0.2126 0.3170
1 0.4361 0.6772 0.2769 0.6455
1 0.7762 0.6090 0.3944 0.7551
77 0.7129 0.5337 0.0357 0.0219
77 0.0486 0.6401 0.0364 0.0234
47 0.2294 0.6606 0.0340 0.0561
84 0.1846 0.3210 0.0601 0.1016
84 0.1727 0.4253 0.0246 0.1061
84 0.1883 0.4270 0.0359 0.0911
84 0.1900 0.5088 0.0159 0.0519
84 0.0160 0.4402 0.0319 0.0321
84 0.0171 0.3712 0.0219 0.0747
84 0.0199 0.2904 0.0156 0.0515
84 0.1661 0.3222 0.0175 0.0914
84 0.1389 0.2296 0.1669 0.0799
84 0.1815 0.4279 0.0280 0.0956
84 0.0122 0.4814 0.0120 0.0553
63 0.1873 0.8057 0.3745 0.1888
84 0.0905 0.3995 0.0220 0.0622
62 0.9659 0.7603 0.0683 0.2113
84 0.2331 0.1803 0.0240 0.0716
84 0.5000 0.3326 0.9969 0.6444
