3 0.2601 0.5559 0.0894 0.0666
3 0.9393 0.6027 0.1126 0.1254
8 0.2809 0.5017 0.1142 0.0947
6 0.0586 0.5670 0.1088 0.6405
6 0.8639 0.5443 0.2665 0.2066
6 0.3996 0.5273 0.0496 0.0749
6 0.1454 0.5191 0.0805 0.1207
6 0.2320 0.5149 0.1020 0.1042
6 0.4858 0.5257 0.0516 0.0753
6 0.5515 0.5244 0.0500 0.1319
6 0.6326 0.5294 0.0248 0.1309
6 0.6101 0.5322 0.0224 0.1320
6 0.5850 0.5249 0.0358 0.1279
6 0.7130 0.5304 0.0447 0.1664
6 0.6587 0.5291 0.0305 0.1430
8 0.9955 0.5878 0.0089 0.1933
6 0.7901 0.4792 0.2412 0.2525
6 0.5883 0.4933 0.1578 0.1745
