1 0.3488 0.8404 0.0345 0.0464
1 0.1783 0.7047 0.0132 0.0481
1 0.0461 0.6687 0.0095 0.0269
38 0.1306 0.1499 0.0613 0.0552
38 0.3440 0.7005 0.1360 0.1467
38 0.0881 0.4624 0.0175 0.0194
38 0.2541 0.4481 0.0167 0.0219
38 0.3398 0.4349 0.0118 0.0281
38 0.5633 0.4642 0.0102 0.0174
1 0.3134 0.7739 0.0221 0.0351
1 0.5798 0.7096 0.0140 0.0468
38 0.7683 0.3396 0.0381 0.0522
1 0.3683 0.8399 0.0215 0.0301
1 0.6133 0.6039 0.0110 0.0158
42 0.0534 0.5833 0.0136 0.0105
1 0.0528 0.7678 0.0278 0.0522
38 0.1138 0.3740 0.0335 0.0343
38 0.7811 0.4553 0.0128 0.0221
