19 0.5194 0.5376 0.6027 0.9032
1 0.3211 0.4427 0.1064 0.3976
1 0.9020 0.5704 0.1961 0.8593
1 0.4709 0.2637 0.0209 0.0398
1 0.4511 0.2990 0.0264 0.1048
1 0.0410 0.3107 0.0246 0.0902
1 0.0764 0.2882 0.0195 0.0306
1 0.1024 0.3171 0.0177 0.0587
1 0.6934 0.2510 0.0114 0.0340
1 0.5141 0.2622 0.0205 0.0383
1 0.5347 0.2985 0.0198 0.1134
64 0.4404 0.3759 0.0525 0.1039
64 0.4045 0.3558 0.0299 0.0735
1 0.5751 0.2614 0.0162 0.0245
1 0.1946 0.4507 0.1480 0.4121
1 0.3750 0.2700 0.0141 0.0376
1 0.5219 0.2787 0.9531 0.2014
