7 0.4332 0.6202 0.6431 0.4809
1 0.9247 0.5117 0.0376 0.0858
1 0.8863 0.5161 0.0319 0.0717
1 0.8369 0.5046 0.0321 0.0942
1 0.7942 0.5077 0.0185 0.0370
1 0.7827 0.5706 0.0297 0.1493
27 0.8496 0.5197 0.0421 0.0663
1 0.7342 0.5145 0.0145 0.0408
1 0.7653 0.5380 0.0182 0.0783
27 0.1559 0.5069 0.0101 0.0362
85 0.9730 0.3023 0.0388 0.0443
1 0.1644 0.5202 0.0209 0.0883
1 0.1183 0.4960 0.0175 0.0346
1 0.0434 0.4891 0.0285 0.0367
1 0.7408 0.5119 0.0077 0.0247
1 0.7334 0.5421 0.0182 0.0599
1 0.2165 0.4889 0.0117 0.0299
