77 0.7326 0.4636 0.0381 0.0702
31 0.5985 0.8533 0.2597 0.2428
1 0.2106 0.4656 0.1767 0.6806
1 0.4308 0.5719 0.4757 0.6989
1 0.5325 0.4798 0.1735 0.3528
1 0.7628 0.5290 0.2398 0.4871
1 0.7965 0.6578 0.4023 0.3185
1 0.8087 0.1723 0.0453 0.2562
1 0.1346 0.3989 0.1316 0.3438
1 0.0517 0.2764 0.1033 0.2514
1 0.8416 0.5420 0.1445 0.2797
1 0.6101 0.4650 0.0972 0.2674
27 0.3866 0.8021 0.6777 0.3412
47 0.0880 0.2455 0.0252 0.0278
1 0.4412 0.4094 0.0730 0.1884
1 0.4595 0.2096 0.0670 0.1315
1 0.8979 0.3803 0.0515 0.0960
31 0.1595 0.7250 0.0921 0.1525
1 0.5000 0.4953 0.9969 0.9906
