19 0.6552 0.8051 0.1039 0.2218
19 0.5842 0.8184 0.0510 0.1903
19 0.1850 0.8270 0.0959 0.1933
1 0.2992 0.7867 0.0258 0.0924
1 0.2502 0.7934 0.0311 0.0975
1 0.8711 0.8260 0.0299 0.1242
1 0.8492 0.8175 0.0235 0.1046
1 0.9342 0.8547 0.0302 0.0964
1 0.5337 0.7697 0.0307 0.0689
1 0.7004 0.6698 0.0354 0.1108
1 0.9112 0.8404 0.0266 0.1062
28 0.3612 0.7462 0.0287 0.0224
28 0.3427 0.7542 0.0232 0.0159
28 0.3762 0.7462 0.0201 0.0188
1 0.5127 0.7545 0.0187 0.0334
1 0.8947 0.8197 0.0211 0.1077
1 0.6106 0.6795 0.0537 0.0513
1 0.0833 0.7087 0.0698 0.1016
1 0.9379 0.8100 0.0310 0.0437
1 0.5540 0.7215 0.4560 0.2334
