1 0.9527 0.3727 0.0946 0.6847
1 0.5317 0.1888 0.3388 0.3685
60 0.3972 0.7201 0.0503 0.0700
60 0.3493 0.7028 0.0382 0.0471
60 0.4020 0.6557 0.0503 0.0561
60 0.5376 0.6976 0.0766 0.0838
60 0.5098 0.7719 0.0489 0.0517
60 0.3802 0.7834 0.0537 0.0652
60 0.4491 0.8274 0.0618 0.0853
60 0.6489 0.7315 0.0588 0.0547
60 0.5538 0.8465 0.0729 0.0568
60 0.4378 0.2729 0.0842 0.0565
60 0.4395 0.7803 0.0702 0.0574
60 0.5260 0.5576 0.0701 0.0497
51 0.5006 0.3212 0.3506 0.0911
51 0.4856 0.5734 0.4364 0.1466
51 0.5084 0.7948 0.6506 0.4052
60 0.5080 0.5159 0.0465 0.0674
60 0.4950 0.5627 0.3980 0.8693
