77 0.5611 0.5342 0.1139 0.0338
1 0.3266 0.5360 0.6532 0.9191
1 0.6051 0.4899 0.3213 0.5586
1 0.8039 0.3978 0.1024 0.1058
31 0.7843 0.3066 0.0367 0.0459
1 0.9066 0.6152 0.1869 0.6662
1 0.0746 0.4119 0.1027 0.1749
1 0.8826 0.4731 0.0831 0.1193
1 0.1977 0.2459 0.0244 0.0204
1 0.7890 0.3050 0.0850 0.0916
1 0.9703 0.2943 0.0594 0.0796
1 0.7311 0.3838 0.0714 0.0778
1 0.0725 0.2728 0.0476 0.0609
1 0.7818 0.3597 0.0475 0.0336
31 0.2394 0.6066 0.3237 0.2568
1 0.7543 0.2810 0.0217 0.0201
1 0.5000 0.3609 0.9958 0.3250
