64 0.9337 0.6737 0.1325 0.3691
64 0.1716 0.2705 0.0850 0.1444
64 0.6111 0.3412 0.0685 0.1646
62 0.3592 0.5601 0.2075 0.3505
62 0.5408 0.5175 0.0892 0.2050
62 0.6560 0.5412 0.0963 0.2059
62 0.1702 0.8882 0.3403 0.2236
62 0.7356 0.5248 0.0729 0.1945
63 0.9098 0.7775 0.1751 0.4197
67 0.6502 0.4375 0.1854 0.0380
1 0.3594 0.3129 0.0423 0.1608
47 0.6737 0.6633 0.0398 0.0593
86 0.1677 0.3040 0.0229 0.0518
47 0.1312 0.6075 0.0250 0.0476
62 0.5862 0.4581 0.0640 0.1274
62 0.6184 0.4085 0.0140 0.0274
67 0.6560 0.4039 0.0688 0.0288
85 0.9652 0.2268 0.0130 0.0467
1 0.3829 0.3149 0.0323 0.1879
1 0.1883 0.3116 0.0174 0.0327
