60 0.7394 0.5582 0.1012 0.1076
60 0.7356 0.3277 0.1098 0.0923
60 0.4897 0.3321 0.1031 0.0936
60 0.4839 0.2470 0.0982 0.1078
60 0.4860 0.1651 0.0825 0.0812
60 0.4956 0.1015 0.0823 0.0786
60 0.5001 0.0423 0.0733 0.0638
60 0.4216 0.0461 0.0741 0.0597
60 0.4184 0.1032 0.0785 0.0783
60 0.3944 0.1708 0.0910 0.0764
60 0.3758 0.3301 0.1083 0.0926
60 0.3803 0.2445 0.0915 0.0936
60 0.6270 0.3321 0.0910 0.0951
60 0.6304 0.5539 0.0975 0.1054
60 0.9073 0.1231 0.0885 0.0763
60 0.6978 0.8307 0.0833 0.0911
60 0.5297 0.4604 0.9375 0.9208
