50 0.8742 0.1388 0.0240 0.1463
76 0.0410 0.6121 0.0820 0.1313
78 0.1358 0.2059 0.1869 0.1572
79 0.9134 0.6441 0.1682 0.6599
81 0.3019 0.2823 0.1565 0.0411
81 0.4318 0.2885 0.1729 0.0362
44 0.4188 0.5567 0.0244 0.1069
47 0.6500 0.2603 0.0179 0.0581
49 0.8032 0.1443 0.0145 0.1529
49 0.7853 0.1375 0.0164 0.1439
49 0.7685 0.1406 0.0171 0.1253
49 0.7563 0.1453 0.0156 0.0947
49 0.7414 0.1436 0.0154 0.1187
49 0.7277 0.1473 0.0106 0.0991
47 0.6696 0.2671 0.0261 0.0615
47 0.6249 0.2649 0.0381 0.0589
47 0.6152 0.2137 0.0255 0.0455
