1 0.9603 0.7751 0.0556 0.1661
1 0.6106 0.7875 0.0459 0.1356
1 0.9048 0.5194 0.0080 0.0379
1 0.3374 0.7426 0.0199 0.1281
1 0.5285 0.7371 0.0435 0.1258
1 0.3879 0.7450 0.0235 0.1160
1 0.4208 0.7615 0.0368 0.1340
1 0.6216 0.7026 0.0337 0.0725
1 0.8785 0.6811 0.0330 0.0859
1 0.7383 0.5481 0.0090 0.0348
1 0.9061 0.6834 0.0221 0.1050
1 0.8272 0.6811 0.0255 0.0989
35 0.5442 0.7954 0.0149 0.0111
35 0.7755 0.6230 0.0253 0.0138
35 0.7904 0.5781 0.0129 0.0058
1 0.7992 0.6861 0.0311 0.1005
35 0.6226 0.8538 0.0155 0.0098
1 0.4781 0.6663 0.9281 0.3958
