2 0.0973 0.4179 0.1041 0.0840
3 0.8471 0.4138 0.2986 0.1401
3 0.6883 0.3520 0.1616 0.0626
10 0.7882 0.1594 0.0618 0.0427
41 0.4272 0.8403 0.1908 0.0910
31 0.1820 0.4038 0.0397 0.0315
1 0.4484 0.5618 0.2876 0.5888
1 0.7202 0.3510 0.0473 0.0797
1 0.5729 0.3522 0.0416 0.0871
1 0.8075 0.3039 0.0169 0.0309
10 0.6806 0.1976 0.0086 0.0208
10 0.5745 0.2367 0.0196 0.0263
10 0.6033 0.1872 0.0186 0.0309
1 0.5986 0.3603 0.0303 0.0931
1 0.1502 0.3785 0.0825 0.1105
1 0.8600 0.3125 0.0219 0.0486
1 0.8994 0.3076 0.0168 0.0398
1 0.7860 0.3329 0.0368 0.0343
1 0.8319 0.3305 0.0192 0.0187
1 0.3577 0.3415 0.0459 0.0624
1 0.5215 0.3327 0.0385 0.0386
31 0.6026 0.3433 0.0202 0.0275
1 0.7919 0.2980 0.0207 0.0366
1 0.5600 0.3352 0.7341 0.0953
