2 0.5667 0.5739 0.0137 0.0595
2 0.7014 0.7170 0.1302 0.2484
2 0.8193 0.7503 0.0955 0.2415
4 0.8951 0.7686 0.1017 0.2121
10 0.0511 0.4065 0.0425 0.0903
10 0.3395 0.4340 0.0089 0.0264
1 0.6649 0.5429 0.0316 0.1047
1 0.6295 0.5336 0.0309 0.1302
1 0.8716 0.5215 0.0285 0.0805
1 0.8312 0.5532 0.0351 0.1197
1 0.6039 0.5320 0.0252 0.0929
1 0.5024 0.5271 0.0378 0.0661
1 0.9640 0.5925 0.0561 0.1646
1 0.9843 0.5471 0.0315 0.0935
1 0.5690 0.5416 0.0307 0.1038
1 0.5927 0.5194 0.0137 0.0913
1 0.7884 0.5022 0.0238 0.0494
3 0.4101 0.5781 0.2710 0.1383
3 0.0639 0.5958 0.1279 0.1165
10 0.8281 0.4555 0.0097 0.0241
2 0.9606 0.6466 0.0787 0.1124
2 0.1831 0.5217 0.0286 0.0393
3 0.1291 0.5295 0.1065 0.0800
3 0.5739 0.4846 0.0269 0.0256
3 0.2901 0.4873 0.0310 0.0301
3 0.2073 0.4905 0.0213 0.0149
3 0.2330 0.4866 0.0171 0.0264
3 0.4058 0.5016 0.0308 0.0160
3 0.3357 0.4992 0.0916 0.0163
3 0.3804 0.4887 0.0378 0.0322
3 0.0303 0.4971 0.0592 0.0472
10 0.3296 0.4617 0.0070 0.0174
10 0.0053 0.4208 0.0105 0.0538
1 0.5424 0.5215 0.0180 0.0798
3 0.5311 0.4868 0.0561 0.0317
10 0.8093 0.4393 0.0098 0.0130
10 0.3392 0.4621 0.0092 0.0166
1 0.8503 0.5361 0.0206 0.1046
2 0.6480 0.7144 0.1080 0.2283
2 0.0488 0.5372 0.0384 0.0497
3 0.7463 0.5483 0.1402 0.0948
1 0.4344 0.5354 0.4437 0.1167
3 0.5563 0.5052 0.2844 0.0854
