1 0.3731 0.3592 0.2072 0.3131
1 0.5791 0.3642 0.1474 0.3474
49 0.3928 0.5023 0.1481 0.0311
81 0.9121 0.3228 0.1758 0.0565
44 0.1411 0.2891 0.0276 0.0670
44 0.2112 0.2676 0.0329 0.0894
44 0.2517 0.2651 0.0254 0.0848
44 0.2712 0.2629 0.0263 0.0839
44 0.2930 0.2614 0.0253 0.0823
44 0.3272 0.2637 0.0231 0.0700
44 0.3125 0.2629 0.0181 0.0690
44 0.3410 0.2602 0.0184 0.0673
44 0.1852 0.2694 0.0218 0.0906
44 0.2314 0.2670 0.0240 0.0900
44 0.1668 0.2858 0.0289 0.0666
49 0.5364 0.4600 0.0090 0.0562
51 0.4562 0.8600 0.2631 0.1750
51 0.6787 0.3014 0.0472 0.0276
61 0.6693 0.5513 0.0743 0.0375
61 0.5050 0.5522 0.0770 0.0456
61 0.5011 0.6003 0.0650 0.0522
61 0.3129 0.6013 0.0603 0.0521
61 0.4160 0.6407 0.0851 0.0592
61 0.2633 0.5621 0.0645 0.0517
61 0.3587 0.5399 0.0613 0.0438
61 0.4675 0.5195 0.0717 0.0376
