67 0.4069 0.9376 0.1118 0.0353
67 0.0585 0.8654 0.0550 0.0428
67 0.2284 0.9340 0.1175 0.0607
1 0.5364 0.8191 0.0283 0.1201
1 0.5119 0.8240 0.0252 0.1093
1 0.6487 0.9053 0.0465 0.0841
1 0.6964 0.9278 0.0680 0.1065
1 0.7671 0.9357 0.0665 0.1027
1 0.7247 0.7891 0.0074 0.0166
1 0.7540 0.8114 0.0225 0.0809
1 0.1615 0.8310 0.0527 0.1532
1 0.0509 0.8683 0.1017 0.1304
1 0.9169 0.8476 0.0330 0.1350
62 0.5559 0.9336 0.0313 0.0608
62 0.1646 0.9445 0.0445 0.0711
62 0.1286 0.9578 0.0430 0.0812
62 0.2790 0.9198 0.0421 0.0511
62 0.4385 0.9266 0.0435 0.0272
62 0.5118 0.8928 0.0407 0.0166
62 0.4139 0.9048 0.0336 0.0497
62 0.2307 0.8832 0.0265 0.0457
62 0.5515 0.9859 0.0772 0.0283
62 0.3458 0.9034 0.0656 0.0582
62 0.2052 0.9500 0.0297 0.0310
67 0.0879 0.8921 0.0641 0.0359
67 0.7094 0.9578 0.1314 0.0844
67 0.2769 0.8834 0.0879 0.0165
85 0.7321 0.4728 0.0563 0.0759
1 0.1778 0.7891 0.0157 0.0366
1 0.9928 0.8341 0.0143 0.0722
62 0.6088 0.9834 0.0646 0.0332
67 0.2895 0.9108 0.1295 0.0696
67 0.6282 0.9662 0.1657 0.0336
67 0.0546 0.9458 0.1093 0.0315
67 0.4778 0.9400 0.1354 0.0905
67 0.2469 0.9746 0.1595 0.0234
1 0.5935 0.8002 0.0123 0.0474
62 0.2952 0.9608 0.0544 0.0360
67 0.2525 0.8320 0.0652 0.0199
62 0.4289 0.9006 0.7703 0.1944
1 0.3406 0.7906 0.6062 0.1282
67 0.2906 0.8152 0.4031 0.0449
