15 0.3730 0.5289 0.0863 0.1145
23 0.3845 0.7003 0.1772 0.1980
27 0.4557 0.4905 0.0168 0.0468
1 0.4378 0.4907 0.0521 0.1904
1 0.3975 0.4291 0.0382 0.1994
1 0.3679 0.4266 0.0263 0.0923
1 0.5099 0.4795 0.0446 0.1959
1 0.6176 0.4873 0.0424 0.1976
1 0.6572 0.5017 0.0421 0.1984
1 0.6799 0.4729 0.0293 0.1655
1 0.6557 0.4047 0.0345 0.0657
1 0.5992 0.4655 0.0111 0.0876
1 0.7153 0.4739 0.0125 0.0877
77 0.6093 0.4157 0.0089 0.0074
77 0.3674 0.4095 0.0070 0.0111
77 0.5071 0.4187 0.0065 0.0062
27 0.4058 0.3690 0.0044 0.0208
