35 0.3208 0.6402 0.2829 0.0445
35 0.1980 0.5295 0.1025 0.0170
35 0.6545 0.6054 0.2009 0.0147
1 0.8103 0.4337 0.1412 0.3326
1 0.2855 0.4254 0.2438 0.4307
1 0.3493 0.4122 0.0313 0.1710
1 0.4201 0.3478 0.0578 0.1908
1 0.1735 0.3887 0.0802 0.3053
1 0.0449 0.3996 0.0899 0.4090
1 0.3633 0.4524 0.0859 0.2484
1 0.4593 0.4588 0.1198 0.2640
1 0.5057 0.4309 0.0483 0.2295
1 0.5985 0.4108 0.0701 0.2888
1 0.6439 0.4227 0.1013 0.3392
1 0.3816 0.3341 0.0362 0.1085
35 0.1677 0.5241 0.0648 0.0102
35 0.8331 0.5959 0.1651 0.0152
35 0.0538 0.5949 0.0710 0.0255
35 0.6519 0.5565 0.1854 0.0128
35 0.4710 0.6303 0.0447 0.0134
35 0.3625 0.5724 0.0824 0.0308
