8 0.4300 0.5944 0.8539 0.4966
1 0.3724 0.5491 0.2879 0.3708
1 0.8809 0.6897 0.2377 0.6206
52 0.3810 0.9159 0.4020 0.1675
52 0.4083 0.7618 0.0676 0.0230
52 0.5488 0.8470 0.2296 0.1828
52 0.7047 0.5103 0.2597 0.2365
52 0.5162 0.4902 0.0854 0.0602
52 0.5629 0.5907 0.1512 0.0891
52 0.1887 0.4396 0.0876 0.0463
52 0.6504 0.7774 0.2996 0.2167
52 0.2632 0.5087 0.0323 0.0202
52 0.2419 0.3984 0.1056 0.0664
52 0.3147 0.7756 0.0456 0.0439
52 0.0848 0.5680 0.1084 0.0665
52 0.1883 0.5427 0.1167 0.0768
52 0.3611 0.5927 0.7167 0.6021
