48 0.4468 0.6123 0.0337 0.2413
48 0.4708 0.6146 0.0246 0.2337
48 0.4868 0.6077 0.0251 0.2043
48 0.5030 0.6108 0.0247 0.2039
49 0.6657 0.6018 0.0428 0.2592
49 0.6078 0.6009 0.0253 0.2577
49 0.6464 0.6012 0.0370 0.2593
49 0.0795 0.5633 0.0684 0.3788
49 0.1179 0.5904 0.0450 0.3208
49 0.1477 0.5083 0.0519 0.3025
50 0.5573 0.6180 0.0539 0.2292
50 0.5411 0.6062 0.0437 0.2102
49 0.8674 0.5485 0.0763 0.3795
49 0.1889 0.6497 0.0343 0.2024
49 0.5463 0.3636 0.2289 0.0245
49 0.6257 0.5951 0.0382 0.2594
49 0.0329 0.5628 0.0658 0.3757
49 0.2095 0.4828 0.0325 0.2546
50 0.5345 0.5870 0.0358 0.1805
