10 0.7714 0.2376 0.1184 0.2275
27 0.6599 0.3506 0.1087 0.0763
31 0.4523 0.2671 0.0414 0.0958
31 0.0875 0.6228 0.1027 0.1168
31 0.6654 0.4715 0.0809 0.0786
31 0.6985 0.4637 0.0424 0.0509
31 0.4264 0.2909 0.0287 0.0864
1 0.5451 0.6255 0.1836 0.3234
31 0.9346 0.5057 0.0553 0.0302
47 0.5191 0.6646 0.0344 0.0208
1 0.3509 0.6046 0.1912 0.2946
1 0.2683 0.2989 0.1316 0.2562
1 0.0931 0.6678 0.1831 0.3169
1 0.4946 0.1732 0.0514 0.0756
1 0.4646 0.2881 0.0943 0.2265
1 0.7030 0.6359 0.1666 0.1673
1 0.6498 0.4813 0.0904 0.1816
1 0.0834 0.8790 0.1668 0.2420
1 0.1579 0.4406 0.1747 0.2549
1 0.3253 0.9021 0.1711 0.1957
1 0.9445 0.4203 0.1109 0.1746
31 0.2335 0.9415 0.0595 0.1013
1 0.5284 0.7391 0.3088 0.3393
1 0.4985 0.5430 0.9970 0.9100
