3 0.1786 0.7564 0.0988 0.0682
3 0.0620 0.7748 0.1218 0.0929
6 0.3612 0.7145 0.2164 0.1400
28 0.4430 0.7372 0.1488 0.1124
10 0.3788 0.5162 0.0174 0.0658
10 0.6414 0.6936 0.0085 0.0125
31 0.4097 0.8651 0.0270 0.0563
31 0.4349 0.8707 0.0324 0.0739
1 0.4642 0.8853 0.0876 0.2295
1 0.3875 0.8873 0.0747 0.2142
1 0.6692 0.7789 0.0402 0.1354
1 0.6114 0.7490 0.0197 0.1050
1 0.6350 0.7533 0.0288 0.0920
1 0.8166 0.8798 0.1938 0.2225
1 0.7915 0.7395 0.0303 0.1180
1 0.9450 0.8885 0.1101 0.2231
1 0.7698 0.7437 0.0240 0.1273
1 0.2086 0.7122 0.0161 0.0195
3 0.2301 0.7386 0.0522 0.0449
28 0.3650 0.7466 0.0273 0.0570
28 0.7449 0.7107 0.0606 0.0328
31 0.8495 0.7266 0.0137 0.0324
31 0.7239 0.7467 0.0150 0.0389
1 0.7401 0.7812 0.0431 0.1222
1 0.8395 0.7231 0.0317 0.0628
10 0.8436 0.4423 0.0282 0.1128
31 0.6458 0.7691 0.0101 0.0256
31 0.6839 0.7628 0.0142 0.0528
31 0.6380 0.7371 0.0087 0.0291
3 0.0677 0.7340 0.1317 0.0626
1 0.5359 0.7479 0.7031 0.1083
