72 0.9145 0.4019 0.1711 0.2206
1 0.4962 0.6419 0.3089 0.7162
1 0.5602 0.3764 0.1092 0.2944
1 0.1844 0.5056 0.2399 0.6194
1 0.4441 0.2716 0.1046 0.2576
1 0.3705 0.3549 0.0833 0.3834
1 0.3173 0.4043 0.0666 0.4556
1 0.2779 0.5444 0.2150 0.8006
1 0.0681 0.7618 0.1361 0.4404
1 0.5469 0.2639 0.0992 0.2980
77 0.6342 0.5119 0.0434 0.0639
77 0.3392 0.3386 0.0138 0.0149
77 0.5809 0.5317 0.0250 0.0587
73 0.7721 0.5642 0.1649 0.2027
1 0.1806 0.8773 0.3073 0.2252
1 0.8861 0.7607 0.2278 0.4785
72 0.7950 0.3376 0.1271 0.1708
74 0.7566 0.6452 0.0371 0.0279
82 0.6618 0.2988 0.2229 0.4295
1 0.4613 0.2583 0.0947 0.2348
1 0.0835 0.6460 0.1645 0.5038
