2 0.0351 0.4266 0.0395 0.0418
3 0.3201 0.4151 0.0871 0.0482
3 0.1673 0.4178 0.1019 0.0467
3 0.9089 0.4419 0.0805 0.0893
3 0.7429 0.4153 0.0403 0.0518
3 0.5918 0.4126 0.0156 0.0158
3 0.8643 0.4394 0.0547 0.0659
3 0.8312 0.4234 0.0689 0.0712
1 0.0354 0.4093 0.0230 0.0543
13 0.0982 0.2263 0.0552 0.0820
8 0.4629 0.4088 0.0645 0.0424
1 0.1724 0.3841 0.0087 0.0162
3 0.5493 0.4143 0.0151 0.0204
3 0.3885 0.4153 0.0357 0.0195
3 0.5594 0.4092 0.0191 0.0239
8 0.3220 0.4158 0.0861 0.0542
8 0.9653 0.4286 0.0694 0.1384
10 0.6538 0.3733 0.0046 0.0113
8 0.6564 0.4042 0.0264 0.0344
8 0.5228 0.4105 0.0404 0.0356
10 0.6352 0.3744 0.0103 0.0189
3 0.7675 0.4250 0.0198 0.0404
8 0.7911 0.4214 0.0417 0.0614
10 0.7106 0.3512 0.0045 0.0243
3 0.6562 0.4115 0.3156 0.0813
