37 0.0620 0.5878 0.0183 0.0224
62 0.5281 0.5337 0.0609 0.1426
62 0.4254 0.5271 0.0394 0.1366
62 0.3743 0.5291 0.0807 0.1399
43 0.1039 0.5542 0.1404 0.1329
43 0.5031 0.4985 0.0098 0.0729
1 0.4787 0.5656 0.0861 0.4512
1 0.2147 0.5131 0.0746 0.3101
1 0.0405 0.6685 0.0809 0.5820
1 0.3668 0.5056 0.0573 0.2005
1 0.9735 0.3889 0.0529 0.1116
1 0.9224 0.3914 0.0607 0.1418
1 0.7035 0.3896 0.0726 0.1374
1 0.9180 0.2617 0.0719 0.2015
1 0.9771 0.2514 0.0457 0.2186
1 0.8536 0.2487 0.0738 0.2099
1 0.7591 0.3909 0.0585 0.1270
1 0.3615 0.2933 0.0522 0.1056
37 0.4994 0.5275 0.0083 0.0153
62 0.8061 0.3349 0.0337 0.0559
1 0.8636 0.3920 0.0521 0.1288
1 0.4992 0.2271 0.9984 0.4542
