62 0.0353 0.6106 0.0707 0.2927
67 0.2541 0.3662 0.0461 0.0405
67 0.0669 0.3947 0.1275 0.0447
1 0.4989 0.3629 0.4238 0.7214
1 0.2110 0.3833 0.0953 0.3168
1 0.8943 0.5077 0.1040 0.4720
1 0.7831 0.3842 0.2173 0.7582
1 0.9685 0.3954 0.0629 0.5844
1 0.3785 0.3089 0.1301 0.2318
47 0.1323 0.7742 0.1833 0.4292
47 0.6707 0.8365 0.2285 0.3269
59 0.4073 0.8094 0.2976 0.2584
48 0.6639 0.8440 0.0577 0.1764
62 0.2160 0.4478 0.0970 0.2255
62 0.2834 0.4631 0.0090 0.0856
62 0.1318 0.4566 0.1221 0.2246
62 0.0381 0.8089 0.0564 0.1313
67 0.4761 0.7032 0.9522 0.5936
3 0.6034 0.3042 0.0296 0.0315
49 0.6863 0.8393 0.0609 0.2183
1 0.2672 0.3821 0.0461 0.2541
