47 0.1075 0.8004 0.1393 0.1348
47 0.3157 0.6090 0.1640 0.1303
49 0.2019 0.2738 0.1127 0.1967
50 0.8635 0.5821 0.2729 0.0609
50 0.3955 0.1899 0.2022 0.1056
47 0.1699 0.6572 0.1254 0.1127
50 0.4086 0.8320 0.1417 0.0723
51 0.8408 0.3385 0.2735 0.2601
51 0.4316 0.2113 0.1585 0.1546
51 0.6454 0.1543 0.1349 0.1364
51 0.5669 0.3060 0.1277 0.1292
51 0.0870 0.4641 0.1408 0.1988
51 0.5287 0.7893 0.2368 0.2394
52 0.0733 0.4033 0.0497 0.0442
52 0.0917 0.4709 0.1213 0.1510
52 0.5216 0.7834 0.0584 0.0730
52 0.4959 0.8231 0.0481 0.0477
47 0.6401 0.5435 0.1103 0.1110
52 0.5731 0.8130 0.0182 0.0284
52 0.8213 0.3682 0.0465 0.0529
