3 0.8000 0.7172 0.4000 0.3806
3 0.5229 0.5986 0.1706 0.0964
8 0.5127 0.5132 0.0756 0.0671
8 0.4834 0.5172 0.0813 0.0699
2 0.7761 0.8191 0.2410 0.3348
2 0.5348 0.8287 0.1455 0.3372
2 0.3715 0.8146 0.1905 0.3614
2 0.2509 0.7969 0.1408 0.2229
2 0.1289 0.6805 0.1736 0.2022
2 0.2763 0.6813 0.2177 0.1086
2 0.7289 0.7797 0.1446 0.2865
2 0.5528 0.7524 0.1820 0.1483
2 0.3031 0.8312 0.1057 0.1735
4 0.0430 0.6359 0.0826 0.1303
8 0.6071 0.5375 0.1043 0.0783
2 0.2054 0.7789 0.0925 0.1477
2 0.4396 0.8634 0.1114 0.2733
8 0.3311 0.5119 0.2159 0.2076
10 0.0344 0.3621 0.0362 0.0163
10 0.3616 0.3232 0.0323 0.0211
10 0.8601 0.3506 0.0248 0.0439
10 0.5068 0.3389 0.0339 0.0235
2 0.2333 0.6842 0.1766 0.1889
3 0.7206 0.5179 0.1429 0.0558
4 0.1166 0.6408 0.1183 0.1258
2 0.3394 0.6812 0.1208 0.0962
2 0.3420 0.7307 0.6680 0.3573
