3 0.6311 0.3999 0.0646 0.0594
3 0.7188 0.4012 0.0175 0.0430
3 0.8691 0.3950 0.0746 0.0520
6 0.3895 0.3632 0.2549 0.0893
1 0.2830 0.6235 0.1767 0.5194
1 0.4106 0.6289 0.0767 0.2223
1 0.8511 0.7604 0.1820 0.4483
1 0.9073 0.6026 0.0683 0.1240
1 0.5813 0.4229 0.0222 0.0944
1 0.3803 0.4152 0.0186 0.0916
3 0.0374 0.4099 0.0742 0.0610
1 0.0743 0.4104 0.0101 0.0612
1 0.7207 0.4354 0.0237 0.0624
3 0.0749 0.3918 0.0413 0.0326
38 0.5418 0.6415 0.1056 0.2954
38 0.5103 0.4772 0.0313 0.0547
38 0.9294 0.8975 0.0481 0.0750
1 0.7886 0.5225 0.0250 0.0755
1 0.6638 0.4187 0.0298 0.0985
3 0.1062 0.4100 0.0385 0.0584
3 0.6059 0.3616 0.0188 0.0135
3 0.9423 0.4072 0.0230 0.0742
3 0.7267 0.3497 0.0273 0.0208
31 0.7622 0.4056 0.0125 0.0333
31 0.6710 0.4240 0.0163 0.0327
31 0.9481 0.6273 0.0429 0.0602
31 0.9420 0.9733 0.0921 0.0512
31 0.8764 0.6272 0.0253 0.0792
31 0.6375 0.4073 0.0044 0.0078
1 0.8689 0.4189 0.0306 0.0935
38 0.5388 0.4578 0.0417 0.0820
38 0.5302 0.4271 0.0305 0.0280
1 0.1666 0.5098 0.0641 0.2686
3 0.1725 0.3830 0.0355 0.0169
1 0.5367 0.3936 0.0209 0.0525
31 0.3608 0.5072 0.0199 0.0300
31 0.2205 0.4869 0.0420 0.0947
1 0.4891 0.5047 0.9781 0.3255
