2 0.4766 0.8729 0.1301 0.1390
3 0.3632 0.5449 0.0526 0.0382
3 0.4176 0.5413 0.0551 0.0333
3 0.6424 0.5408 0.0137 0.0150
7 0.5091 0.7303 0.8768 0.3425
7 0.4032 0.3418 0.1628 0.0963
1 0.2740 0.9260 0.0346 0.1480
1 0.3063 0.9069 0.0371 0.1862
1 0.8729 0.7237 0.0320 0.0568
1 0.4784 0.8444 0.0329 0.1707
31 0.2256 0.9534 0.0328 0.0932
31 0.3313 0.9340 0.0234 0.0602
1 0.2415 0.9323 0.0314 0.1353
1 0.9704 0.2977 0.0235 0.0862
1 0.9221 0.3219 0.0114 0.0427
1 0.9332 0.5705 0.0093 0.0485
1 0.8586 0.5500 0.0173 0.0577
1 0.8341 0.5271 0.0094 0.0390
1 0.3570 0.9273 0.0469 0.1454
3 0.1452 0.5406 0.0432 0.0409
6 0.4327 0.5138 0.1242 0.0619
1 0.7166 0.5605 0.0110 0.0275
1 0.8381 0.3100 0.0176 0.0774
31 0.4429 0.8471 0.0316 0.0364
1 0.7008 0.7605 0.5953 0.4743
