85 0.4629 0.4964 0.1102 0.1440
3 0.8960 0.8694 0.2076 0.1350
3 0.0416 0.8610 0.0831 0.0850
62 0.3575 0.8807 0.0392 0.0555
62 0.3983 0.8797 0.0267 0.0569
1 0.2011 0.8090 0.0276 0.0730
1 0.2204 0.8003 0.0271 0.0853
62 0.2927 0.8590 0.0254 0.0563
62 0.6334 0.8687 0.0501 0.0837
62 0.7504 0.8660 0.0326 0.0568
67 0.5956 0.8754 0.0473 0.0650
67 0.3816 0.8758 0.0389 0.0648
67 0.2515 0.8503 0.0235 0.0228
67 0.1672 0.8364 0.0433 0.0123
67 0.8104 0.8462 0.0359 0.0117
67 0.4265 0.8641 0.0466 0.0563
62 0.7740 0.8688 0.0199 0.0528
67 0.4997 0.8676 0.0445 0.0683
62 0.1935 0.8656 0.0375 0.0536
62 0.5428 0.8615 0.0332 0.0653
