16 0.1665 0.5463 0.0259 0.0237
16 0.1469 0.5011 0.0305 0.0495
16 0.1816 0.5343 0.0254 0.0231
16 0.1447 0.5679 0.0242 0.0151
16 0.3817 0.5021 0.0255 0.0334
16 0.3040 0.5080 0.0236 0.0306
16 0.5695 0.5174 0.0210 0.0280
16 0.5968 0.1928 0.0399 0.0287
16 0.9358 0.4819 0.0498 0.0562
16 0.9196 0.3298 0.0407 0.0601
16 0.3251 0.5062 0.0201 0.0124
16 0.6395 0.4708 0.0203 0.0362
16 0.8558 0.4405 0.0464 0.0454
16 0.7606 0.4295 0.0366 0.0285
16 0.4392 0.5663 0.0194 0.0149
16 0.1517 0.5522 0.0128 0.0102
16 0.1989 0.6101 0.0341 0.0562
16 0.4225 0.4598 0.0220 0.0317
16 0.4977 0.6052 0.9953 0.5521
