37 0.6157 0.3534 0.0077 0.0100
37 0.3938 0.4249 0.0054 0.0105
40 0.7830 0.3676 0.0179 0.0217
1 0.5961 0.6876 0.1078 0.1850
1 0.3869 0.6036 0.1127 0.2185
1 0.7805 0.3724 0.0781 0.0915
1 0.8157 0.3562 0.0419 0.1494
1 0.5447 0.2468 0.0323 0.0465
1 0.4135 0.4441 0.0527 0.1247
1 0.4740 0.2541 0.0285 0.0451
40 0.5924 0.7094 0.0259 0.0095
40 0.7664 0.3760 0.0157 0.0127
62 0.1139 0.2335 0.0255 0.0369
1 0.8328 0.3552 0.0434 0.1216
1 0.7363 0.3109 0.0226 0.0570
1 0.5345 0.2210 0.0345 0.0875
1 0.5092 0.2932 0.0310 0.0766
1 0.4205 0.3019 0.0343 0.0703
40 0.3963 0.4301 0.0111 0.0200
1 0.1279 0.2519 0.0260 0.0398
1 0.4992 0.1756 0.9984 0.3513
