44 0.3560 0.4317 0.0554 0.2388
44 0.2911 0.4705 0.0432 0.1540
44 0.2532 0.4842 0.0482 0.1587
44 0.4389 0.3111 0.0372 0.0765
44 0.4084 0.3311 0.0244 0.0419
1 0.1457 0.7623 0.2915 0.4439
1 0.9419 0.6903 0.1162 0.6195
46 0.1435 0.5530 0.0714 0.1467
46 0.4967 0.3999 0.0383 0.0925
49 0.2421 0.3711 0.0206 0.0559
49 0.1486 0.3883 0.0284 0.0485
50 0.3329 0.1746 0.0353 0.1463
73 0.5417 0.3863 0.2094 0.1351
1 0.6775 0.4809 0.2809 0.8629
44 0.4392 0.3719 0.0299 0.0761
44 0.4652 0.3158 0.0249 0.0429
44 0.9199 0.6161 0.0630 0.1213
50 0.5504 0.1622 0.0267 0.0545
49 0.3022 0.3451 0.0589 0.0938
49 0.3077 0.3667 0.0219 0.0417
49 0.2115 0.3875 0.0082 0.0186
49 0.0872 0.3238 0.0332 0.1394
