62 0.6163 0.2699 0.1941 0.1871
62 0.7081 0.2032 0.0803 0.1585
67 0.5012 0.6706 0.9960 0.6259
3 0.7759 0.1341 0.1237 0.0910
1 0.2870 0.1844 0.5711 0.3640
64 0.9626 0.3072 0.0747 0.1992
54 0.5616 0.7032 0.1635 0.2465
46 0.8634 0.4726 0.2723 0.4898
48 0.3213 0.3746 0.0748 0.1169
49 0.3898 0.3579 0.0561 0.1044
51 0.5598 0.7275 0.3922 0.4472
59 0.5245 0.4517 0.1713 0.1348
59 0.3844 0.4561 0.1338 0.1198
62 0.1410 0.3197 0.2018 0.2307
1 0.1550 0.3481 0.0935 0.1085
64 0.6544 0.0835 0.1471 0.1553
59 0.4600 0.3812 0.1515 0.0346
