32 0.5820 0.2008 0.0203 0.0446
32 0.6587 0.0916 0.0166 0.0453
32 0.4289 0.1965 0.0285 0.0510
32 0.7516 0.2035 0.0139 0.0449
37 0.4831 0.1517 0.0282 0.0182
62 0.2247 0.4684 0.1555 0.1871
62 0.8170 0.1206 0.0185 0.0567
1 0.3725 0.7005 0.2417 0.5052
1 0.2699 0.4860 0.1480 0.1996
1 0.9139 0.1742 0.1618 0.1011
1 0.9202 0.0887 0.1511 0.1689
1 0.5127 0.1143 0.1041 0.2181
1 0.3907 0.1101 0.1561 0.2150
43 0.4965 0.5328 0.0660 0.0990
1 0.7386 0.1770 0.1602 0.1040
1 0.6631 0.1050 0.1384 0.1857
1 0.5836 0.1752 0.1541 0.1243
1 0.4174 0.1734 0.1441 0.1216
1 0.7641 0.1076 0.1317 0.1863
32 0.8726 0.0336 0.0294 0.0660
