28 0.5409 0.3721 0.2166 0.1463
10 0.4372 0.2566 0.0159 0.0474
10 0.7790 0.2416 0.0166 0.0493
10 0.4187 0.3019 0.0127 0.0329
31 0.7948 0.5304 0.1069 0.2380
31 0.6942 0.6776 0.0560 0.1325
3 0.4182 0.3999 0.0145 0.0141
3 0.4324 0.4115 0.0316 0.0449
1 0.4975 0.6351 0.1503 0.4167
1 0.7323 0.5788 0.1880 0.5236
1 0.3596 0.4222 0.0227 0.0891
1 0.8012 0.3839 0.0163 0.0666
1 0.7244 0.3854 0.0205 0.0578
10 0.2342 0.2353 0.0200 0.0729
10 0.7879 0.2853 0.0168 0.0298
27 0.7927 0.3781 0.0115 0.0273
31 0.6439 0.3963 0.0166 0.0229
1 0.9903 0.3820 0.0179 0.0905
1 0.6487 0.4031 0.0266 0.0833
1 0.6745 0.3830 0.0147 0.0361
1 0.2616 0.4173 0.0404 0.0883
