44 0.2726 0.6518 0.0391 0.2201
44 0.2691 0.7172 0.0326 0.1684
44 0.4330 0.5304 0.0338 0.0890
44 0.3913 0.5632 0.0198 0.0777
44 0.7949 0.5137 0.0339 0.0862
44 0.8304 0.5355 0.0219 0.1229
1 0.8401 0.6888 0.3186 0.6000
1 0.5433 0.6270 0.2750 0.7236
1 0.9907 0.3586 0.0187 0.1320
85 0.0531 0.1445 0.0733 0.1320
47 0.3066 0.4596 0.0325 0.0545
51 0.7649 0.8619 0.0715 0.0735
64 0.3884 0.4412 0.0635 0.0762
84 0.0780 0.5861 0.1560 0.0736
84 0.6418 0.5174 0.0458 0.0721
86 0.3518 0.4519 0.0203 0.0708
79 0.4673 0.9480 0.2223 0.0779
79 0.3335 0.9067 0.2165 0.1488
86 0.3834 0.4581 0.0200 0.0449
47 0.8119 0.5912 0.0239 0.0856
81 0.3843 0.7205 0.1997 0.0749
81 0.4403 0.6793 0.1240 0.0610
