67 0.2868 0.8635 0.5671 0.2730
49 0.3242 0.7272 0.0824 0.0284
51 0.2762 0.8361 0.1970 0.1508
61 0.2713 0.7835 0.1438 0.1194
1 0.2771 0.4095 0.2532 0.7281
1 0.4959 0.6441 0.4169 0.6835
1 0.9191 0.5944 0.1565 0.7888
1 0.6828 0.3601 0.0980 0.3744
1 0.7498 0.4021 0.0775 0.3605
1 0.5823 0.3315 0.1550 0.3573
1 0.8951 0.5753 0.2098 0.8269
1 0.8386 0.3685 0.1980 0.4854
33 0.7433 0.9361 0.0963 0.1278
72 0.0585 0.2909 0.0749 0.0976
27 0.8978 0.4976 0.1872 0.3395
27 0.8010 0.5030 0.0503 0.2285
27 0.5416 0.3226 0.0347 0.1208
27 0.8680 0.3236 0.1348 0.1484
27 0.7218 0.2994 0.0150 0.0316
27 0.7025 0.6165 0.1005 0.2037
31 0.2126 0.6166 0.1926 0.3461
48 0.3589 0.9282 0.0488 0.0538
48 0.3752 0.9462 0.0298 0.0338
48 0.3671 0.9352 0.0321 0.0470
27 0.9062 0.3266 0.0420 0.0610
