62 0.5583 0.5169 0.0467 0.0396
62 0.9307 0.9738 0.1365 0.0450
62 0.1453 0.9670 0.2618 0.0450
62 0.7468 0.7163 0.1129 0.1333
67 0.7580 0.8865 0.4828 0.2039
67 0.2726 0.8853 0.1535 0.1929
67 0.4199 0.6011 0.0403 0.1346
67 0.4437 0.5217 0.0344 0.0838
7 0.5017 0.3697 0.9966 0.7348
46 0.6059 0.8302 0.0305 0.0890
46 0.2356 0.8442 0.0371 0.0865
46 0.2142 0.7927 0.0279 0.0685
47 0.6354 0.8094 0.0307 0.0329
1 0.6213 0.7082 0.1523 0.2679
1 0.2561 0.6871 0.2100 0.2522
1 0.3283 0.6000 0.1113 0.1290
1 0.3491 0.5523 0.0734 0.1260
1 0.3796 0.5527 0.0721 0.1591
1 0.1475 0.8438 0.2208 0.2989
1 0.3859 0.4932 0.0550 0.0844
1 0.4280 0.4634 0.0516 0.0809
1 0.4409 0.4341 0.0312 0.0587
1 0.4600 0.4017 0.0173 0.0353
1 0.6006 0.4716 0.0418 0.0798
1 0.7011 0.8606 0.3147 0.2788
67 0.5328 0.5695 0.0281 0.0808
67 0.3786 0.7224 0.0774 0.2310
1 0.5463 0.4481 0.0538 0.0596
67 0.5867 0.6976 0.1795 0.2056
67 0.4564 0.4855 0.0200 0.0577
67 0.4631 0.4648 0.0222 0.0483
67 0.4754 0.4305 0.0167 0.0309
1 0.5969 0.4823 0.4344 0.5563
