1 0.5298 0.6277 0.2011 0.5353
1 0.1680 0.3611 0.0352 0.1020
42 0.5222 0.5955 0.5417 0.2527
42 0.5467 0.5764 0.4383 0.4877
42 0.2070 0.3752 0.0877 0.0704
1 0.4953 0.2701 0.0092 0.0209
1 0.6276 0.3296 0.0196 0.0454
1 0.2725 0.3733 0.0124 0.0179
1 0.6988 0.2536 0.0077 0.0136
1 0.7605 0.2712 0.0136 0.0204
1 0.8171 0.2882 0.0193 0.0138
1 0.9277 0.2415 0.0077 0.0129
1 0.9658 0.2948 0.0067 0.0089
1 0.5585 0.2467 0.0048 0.0148
1 0.5393 0.4172 0.0475 0.1281
1 0.8475 0.2465 0.0063 0.0067
1 0.3688 0.5493 0.5188 0.6291
