2 0.8568 0.3771 0.2148 0.1566
3 0.7247 0.1814 0.4086 0.1742
3 0.3185 0.1446 0.1623 0.0845
3 0.4054 0.1200 0.1018 0.0747
3 0.7277 0.0799 0.0959 0.0345
3 0.5037 0.1281 0.1136 0.0770
1 0.2551 0.5659 0.2629 0.4629
1 0.9001 0.2960 0.1243 0.2649
1 0.8704 0.1167 0.0217 0.0665
1 0.9269 0.1156 0.0389 0.0787
1 0.8466 0.1157 0.0251 0.0646
28 0.1565 0.2606 0.1535 0.0709
31 0.2138 0.5360 0.1146 0.1426
1 0.3567 0.1445 0.0604 0.0957
1 0.8016 0.1095 0.0248 0.0391
1 0.9113 0.0886 0.0187 0.0398
1 0.2634 0.1171 0.0142 0.0292
3 0.4666 0.0994 0.0544 0.0256
28 0.3376 0.0932 0.0558 0.0165
28 0.2266 0.0490 0.0723 0.0232
31 0.9065 0.1261 0.0166 0.0237
1 0.7839 0.1005 0.0108 0.0192
1 0.2387 0.1016 0.0154 0.0175
3 0.7965 0.0912 0.0514 0.0293
28 0.2287 0.3221 0.2824 0.1315
