28 0.4974 0.7463 0.1945 0.0587
28 0.1914 0.7137 0.2261 0.0585
28 0.7487 0.7226 0.2843 0.1050
1 0.4101 0.7084 0.0686 0.0739
1 0.0387 0.8589 0.0731 0.2505
1 0.8861 0.8348 0.0611 0.1800
28 0.2966 0.8286 0.3536 0.2180
1 0.1524 0.9081 0.0978 0.1838
1 0.3025 0.9644 0.1181 0.0713
1 0.3213 0.7082 0.0430 0.0413
1 0.7058 0.8813 0.1488 0.2366
1 0.8285 0.8841 0.1039 0.2319
1 0.4886 0.8864 0.0925 0.2273
1 0.1356 0.8683 0.0716 0.2635
1 0.1091 0.8661 0.0411 0.2219
1 0.2774 0.9502 0.0808 0.0318
28 0.0906 0.7430 0.0917 0.0485
