44 0.6300 0.4536 0.0157 0.0465
1 0.4575 0.5738 0.2113 0.8159
44 0.5918 0.3743 0.0088 0.0607
44 0.6199 0.3755 0.0088 0.0600
44 0.6388 0.3740 0.0076 0.0604
44 0.6662 0.3729 0.0081 0.0634
44 0.6948 0.3785 0.0059 0.0493
44 0.5676 0.4524 0.0077 0.0513
44 0.5804 0.4524 0.0058 0.0503
44 0.5820 0.3735 0.0109 0.0634
39 0.1663 0.6434 0.2407 0.5302
44 0.6153 0.4524 0.0175 0.0509
1 0.1239 0.5361 0.2105 0.6413
44 0.5534 0.3779 0.0122 0.0674
44 0.5745 0.4527 0.0065 0.0504
44 0.5953 0.4520 0.0087 0.0561
44 0.6023 0.4169 0.1172 0.1693
