62 0.6356 0.0617 0.0348 0.1039
62 0.5933 0.1235 0.0612 0.2451
62 0.4233 0.2552 0.0358 0.1060
39 0.3150 0.2064 0.2078 0.2287
40 0.5540 0.6542 0.0909 0.1000
31 0.4058 0.1198 0.0823 0.1330
1 0.8515 0.5539 0.2971 0.8697
1 0.4643 0.1887 0.1210 0.3721
1 0.7442 0.3095 0.0751 0.1262
62 0.0852 0.3472 0.1016 0.0821
62 0.5235 0.1993 0.0612 0.2518
62 0.7209 0.3921 0.0863 0.0427
62 0.3786 0.2365 0.0622 0.0859
62 0.9445 0.0734 0.0330 0.0330
1 0.6816 0.2539 0.0994 0.1797
1 0.7348 0.1908 0.0785 0.1471
1 0.2391 0.5315 0.3416 0.6989
1 0.5529 0.3549 0.1637 0.2435
1 0.9178 0.0876 0.0917 0.1303
1 0.6656 0.3579 0.0766 0.1045
1 0.0492 0.2009 0.0923 0.1874
1 0.6550 0.1575 0.0764 0.1875
1 0.1599 0.2121 0.0926 0.1513
62 0.1305 0.3026 0.1157 0.0594
62 0.9649 0.1476 0.0645 0.0584
1 0.3315 0.0999 0.0899 0.1705
1 0.4266 0.4375 0.8531 0.8750
