62 0.9578 0.8202 0.0844 0.2402
62 0.9511 0.7041 0.0855 0.0993
62 0.4509 0.6229 0.1099 0.1268
62 0.0299 0.1900 0.0593 0.1575
58 0.2345 0.7654 0.2601 0.1552
58 0.3432 0.4104 0.2866 0.1297
67 0.0969 0.2292 0.1871 0.1079
67 0.2238 0.2199 0.1237 0.0762
1 0.4482 0.2484 0.0768 0.2021
1 0.2800 0.2179 0.1369 0.1825
1 0.5050 0.1761 0.0143 0.0191
47 0.1951 0.1507 0.0229 0.0235
67 0.2381 0.5001 0.0901 0.2980
67 0.1362 0.8199 0.2637 0.3595
1 0.4549 0.1577 0.0431 0.0468
1 0.2706 0.0284 0.0491 0.0569
47 0.0577 0.1992 0.0413 0.0645
1 0.5269 0.2765 0.1094 0.2731
1 0.4827 0.3166 0.0484 0.1386
1 0.5483 0.5552 0.8215 0.8897
1 0.3895 0.2438 0.1042 0.1747
1 0.1380 0.0796 0.1037 0.1425
