19 0.7145 0.8680 0.1917 0.1839
19 0.4104 0.7710 0.1861 0.2387
1 0.5081 0.6430 0.0911 0.1407
1 0.7128 0.8230 0.1212 0.2630
1 0.8132 0.7251 0.1287 0.1638
1 0.1366 0.5224 0.0361 0.0755
1 0.5411 0.4909 0.0177 0.0292
1 0.5323 0.5190 0.0230 0.0738
1 0.3078 0.5352 0.0716 0.0964
1 0.2919 0.5951 0.0550 0.0503
1 0.6177 0.5308 0.0308 0.0858
19 0.5348 0.7515 0.1679 0.2298
19 0.3048 0.5580 0.0442 0.0837
19 0.2876 0.4627 0.0197 0.0347
19 0.8772 0.8588 0.1512 0.1883
1 0.5935 0.5290 0.0326 0.0840
1 0.5738 0.5214 0.0222 0.0822
1 0.5592 0.5178 0.0226 0.0746
19 0.2475 0.5734 0.0598 0.1081
19 0.3266 0.4445 0.0156 0.0200
19 0.2647 0.4995 0.0329 0.0530
1 0.4767 0.4612 0.0246 0.0443
1 0.3917 0.4523 0.3539 0.1641
