1 0.5218 0.5587 0.0733 0.1552
1 0.7690 0.5405 0.0321 0.1422
1 0.7129 0.5360 0.0324 0.1387
1 0.9433 0.5434 0.0343 0.1420
1 0.4341 0.5504 0.0616 0.1392
1 0.9225 0.5330 0.0234 0.1394
1 0.8342 0.5475 0.0290 0.1350
1 0.8872 0.5427 0.0340 0.1564
1 0.3001 0.5536 0.0637 0.1468
1 0.1383 0.5549 0.0649 0.1508
1 0.9906 0.5453 0.0187 0.1431
1 0.9794 0.5369 0.0196 0.1333
4 0.2995 0.5768 0.1508 0.1315
4 0.4136 0.5855 0.1032 0.0971
4 0.5220 0.5851 0.1463 0.1197
4 0.2197 0.5817 0.0513 0.0994
4 0.0392 0.6050 0.0749 0.0969
4 0.0600 0.5474 0.0492 0.0703
4 0.0125 0.5871 0.0250 0.0950
4 0.1759 0.6017 0.0593 0.0802
4 0.3849 0.5554 0.0438 0.0732
1 0.8176 0.5337 0.0279 0.1431
1 0.4414 0.5448 0.8703 0.1688
