28 0.2350 0.2494 0.4633 0.4922
28 0.4951 0.3458 0.2344 0.1853
28 0.8008 0.3494 0.3920 0.1419
28 0.5038 0.2385 0.2015 0.0828
28 0.6219 0.3565 0.1154 0.1575
1 0.2521 0.6897 0.3366 0.5942
1 0.6919 0.7461 0.3044 0.4539
1 0.0877 0.6562 0.1694 0.6652
1 0.5011 0.7048 0.2214 0.5695
1 0.8144 0.7024 0.1593 0.5952
1 0.5610 0.4260 0.1111 0.3329
1 0.9453 0.5472 0.0825 0.2899
1 0.6698 0.5483 0.1022 0.2859
28 0.6748 0.2897 0.1300 0.0641
28 0.7411 0.2632 0.1092 0.0362
1 0.3519 0.6606 0.1206 0.4389
1 0.6077 0.6162 0.0419 0.2394
28 0.9770 0.3620 0.0459 0.0659
28 0.8405 0.2708 0.0789 0.0302
31 0.9810 0.5961 0.0233 0.0896
31 0.2782 0.8674 0.0323 0.2652
