15 0.2721 0.6513 0.4213 0.4809
1 0.2705 0.7031 0.2174 0.4537
1 0.4657 0.5779 0.1736 0.3071
1 0.6424 0.3830 0.0319 0.0987
27 0.5608 0.6423 0.0443 0.0990
31 0.4159 0.5811 0.0570 0.0991
1 0.3470 0.4211 0.0476 0.0616
1 0.4324 0.4750 0.0373 0.1332
1 0.6671 0.3701 0.0197 0.0553
1 0.3189 0.3714 0.0232 0.0695
1 0.5045 0.3565 0.0185 0.0709
1 0.3480 0.3677 0.0169 0.0448
1 0.6886 0.3664 0.0234 0.0464
1 0.3588 0.6646 0.1989 0.4129
1 0.5851 0.6690 0.0739 0.2830
1 0.3773 0.4433 0.0344 0.0846
1 0.5711 0.4426 0.5922 0.2389
