3 0.1409 0.6356 0.0671 0.0671
3 0.8804 0.6606 0.2392 0.2957
3 0.4526 0.6252 0.0458 0.0674
3 0.5431 0.6334 0.0602 0.1054
3 0.5001 0.6319 0.0505 0.0880
3 0.4259 0.6186 0.0198 0.0505
3 0.3980 0.6280 0.0232 0.0260
3 0.3218 0.6207 0.0236 0.0336
3 0.3575 0.6229 0.0164 0.0290
10 0.4809 0.1078 0.0184 0.0928
10 0.2685 0.2602 0.0145 0.0727
1 0.5811 0.7466 0.1513 0.4572
3 0.6664 0.6497 0.0809 0.1168
3 0.1875 0.6230 0.0433 0.0617
10 0.1199 0.3405 0.0110 0.0655
10 0.0755 0.4931 0.0127 0.0429
3 0.6569 0.6052 0.0465 0.0495
31 0.5405 0.8154 0.0563 0.1452
1 0.1470 0.6138 0.0096 0.0102
3 0.2392 0.6247 0.0452 0.0597
3 0.3094 0.6185 0.2125 0.0547
