3 0.8726 0.8217 0.1691 0.0605
3 0.6649 0.7946 0.1042 0.0435
3 0.5125 0.7712 0.0724 0.0263
3 0.3888 0.7521 0.0473 0.0200
6 0.1879 0.8069 0.1988 0.1800
1 0.8190 0.7707 0.0164 0.0373
1 0.6972 0.7673 0.0173 0.0388
1 0.7531 0.7675 0.0165 0.0352
85 0.5409 0.2943 0.0946 0.0585
1 0.6383 0.7540 0.0237 0.0166
1 0.5640 0.7491 0.0123 0.0124
1 0.6017 0.7543 0.0101 0.0270
1 0.5777 0.7501 0.0175 0.0174
1 0.6527 0.7488 0.0146 0.0177
6 0.3043 0.7460 0.0499 0.0338
1 0.0417 0.7748 0.0336 0.0201
1 0.4325 0.7517 0.0137 0.0234
3 0.3588 0.7468 0.0289 0.0195
6 0.3217 0.7345 0.0469 0.0533
1 0.7075 0.7707 0.0120 0.0366
1 0.4244 0.7478 0.0072 0.0177
