50 0.1784 0.6044 0.0991 0.0443
50 0.3206 0.7262 0.0607 0.1077
51 0.5877 0.6923 0.2303 0.1358
51 0.3369 0.7652 0.2288 0.1176
51 0.7373 0.7445 0.1786 0.1226
51 0.7322 0.8793 0.1986 0.1535
51 0.8989 0.9154 0.1753 0.1281
51 0.2855 0.6498 0.1312 0.0800
51 0.5668 0.8779 0.1424 0.0659
51 0.0635 0.8102 0.0831 0.1314
51 0.2051 0.6230 0.1269 0.0778
50 0.1671 0.6512 0.0209 0.0898
51 0.9050 0.7692 0.1620 0.1327
54 0.2755 0.9121 0.0566 0.0633
54 0.1888 0.8952 0.0817 0.0476
60 0.5803 0.7784 0.1154 0.0684
61 0.1903 0.8947 0.0883 0.0475
51 0.5747 0.8156 0.1736 0.1308
