1 0.4354 0.4585 0.0992 0.3849
43 0.4361 0.5264 0.0479 0.0800
1 0.3570 0.3213 0.0486 0.0910
1 0.1725 0.2186 0.0389 0.0900
1 0.2664 0.3169 0.0469 0.0821
1 0.2855 0.2778 0.0437 0.0687
1 0.7021 0.2812 0.0406 0.0869
1 0.3040 0.0921 0.0358 0.0680
1 0.2713 0.0982 0.0324 0.0742
1 0.2106 0.1527 0.0394 0.0601
1 0.1324 0.2185 0.0477 0.0938
62 0.1683 0.3071 0.0439 0.0388
62 0.0877 0.2764 0.0405 0.0434
62 0.1301 0.2716 0.0404 0.0306
62 0.1137 0.3373 0.0317 0.0282
62 0.5324 0.2624 0.0418 0.0372
62 0.4149 0.2319 0.0396 0.0274
62 0.2060 0.3054 0.0346 0.0374
62 0.4964 0.2276 0.0405 0.0311
1 0.7752 0.3308 0.0524 0.0828
1 0.7385 0.2952 0.0526 0.1220
62 0.8281 0.3607 0.0352 0.0208
62 0.6746 0.1965 0.0370 0.0349
62 0.7238 0.2009 0.0438 0.0453
62 0.7620 0.1970 0.0355 0.0295
1 0.6445 0.3377 0.0535 0.0576
62 0.8061 0.1637 0.0364 0.0306
1 0.4992 0.1875 0.9984 0.3750
62 0.4992 0.1958 0.9984 0.3792
