64 0.3986 0.4127 0.1003 0.2766
72 0.5923 0.3239 0.0900 0.1054
63 0.1780 0.6727 0.3561 0.4728
62 0.7443 0.6946 0.1683 0.4172
62 0.5189 0.7662 0.2508 0.4483
67 0.6310 0.6137 0.2832 0.2635
82 0.6920 0.4478 0.0977 0.2786
81 0.8217 0.4644 0.0493 0.0076
47 0.6521 0.6360 0.0312 0.0619
47 0.5872 0.5927 0.0266 0.0424
49 0.5963 0.6555 0.0528 0.0211
50 0.5994 0.6577 0.0369 0.0221
79 0.9468 0.5638 0.1063 0.1143
84 0.3682 0.5660 0.0528 0.0360
86 0.7081 0.2564 0.0284 0.0467
86 0.3628 0.5409 0.0211 0.0278
37 0.0588 0.7598 0.0204 0.0273
37 0.0422 0.7588 0.0218 0.0290
81 0.8211 0.4713 0.1481 0.0398
