16 0.5259 0.2453 0.3456 0.4203
16 0.6770 0.9151 0.0155 0.0201
16 0.7870 0.8536 0.0196 0.0127
9 0.1588 0.8380 0.3177 0.2617
9 0.3868 0.6287 0.3951 0.2576
9 0.1831 0.5657 0.3483 0.3034
9 0.9278 0.7500 0.1445 0.3273
16 0.4787 0.9764 0.0629 0.0247
16 0.7444 0.9145 0.0275 0.0181
16 0.6099 0.9377 0.0264 0.0208
1 0.6751 0.9350 0.0187 0.0278
16 0.6984 0.8592 0.0266 0.0149
16 0.5062 0.9231 0.0362 0.0196
16 0.6247 0.8292 0.0180 0.0090
16 0.5851 0.8604 0.0278 0.0164
16 0.6534 0.8480 0.0209 0.0150
16 0.6092 0.8772 0.0321 0.0200
16 0.4115 0.9171 0.0306 0.0176
16 0.6953 0.8268 0.2990 0.2941
