85 0.0930 0.2415 0.0271 0.0456
62 0.0829 0.9254 0.0935 0.1472
31 0.8764 0.7517 0.0174 0.0447
31 0.7130 0.7989 0.0220 0.0771
1 0.5748 0.8224 0.1041 0.3140
85 0.1506 0.2550 0.0152 0.0387
1 0.3012 0.7492 0.0350 0.1733
1 0.2591 0.7521 0.0450 0.1715
1 0.2394 0.7458 0.0257 0.1745
1 0.2190 0.6941 0.0268 0.0953
1 0.9131 0.7831 0.0450 0.1955
1 0.8892 0.7382 0.0254 0.1648
1 0.8549 0.7375 0.0463 0.1688
1 0.6697 0.8356 0.0463 0.2699
1 0.4856 0.7694 0.0492 0.2234
1 0.6223 0.8257 0.0574 0.2886
62 0.0052 0.9192 0.0098 0.1169
1 0.7518 0.7448 0.0352 0.1832
1 0.0714 0.8658 0.0897 0.2089
1 0.4945 0.7283 0.9891 0.3607
