44 0.4861 0.8286 0.0515 0.1880
62 0.4023 0.6271 0.0425 0.0743
1 0.1867 0.4327 0.3254 0.6143
1 0.7296 0.5652 0.4914 0.8697
46 0.2498 0.6991 0.0631 0.1392
46 0.4134 0.6787 0.0255 0.0984
48 0.4469 0.9211 0.1035 0.1001
51 0.2816 0.8862 0.1393 0.1270
51 0.6010 0.8343 0.0910 0.1143
51 0.0555 0.7250 0.1107 0.0796
51 0.5361 0.7595 0.0872 0.1123
17 0.1843 0.5907 0.1621 0.2370
47 0.5744 0.8197 0.0668 0.2312
47 0.2532 0.7933 0.0496 0.0584
47 0.1924 0.7447 0.0397 0.0909
48 0.1452 0.7713 0.0222 0.0184
67 0.4056 0.8807 0.8112 0.2386
