38 0.5646 0.2155 0.0348 0.0276
38 0.1672 0.2404 0.3344 0.4480
38 0.2663 0.1791 0.0312 0.0395
38 0.9120 0.2149 0.0228 0.0188
38 0.9506 0.0231 0.0978 0.0427
38 0.9302 0.1231 0.0400 0.0692
38 0.4942 0.3892 0.0268 0.0190
38 0.4952 0.6114 0.1350 0.1007
38 0.2848 0.5940 0.2461 0.1011
1 0.5070 0.8829 0.1162 0.2341
1 0.5086 0.7897 0.1017 0.1220
1 0.4006 0.8596 0.0456 0.1237
1 0.2320 0.9035 0.0418 0.1494
1 0.7820 0.9191 0.0438 0.1393
1 0.6189 0.8566 0.0368 0.1564
27 0.6098 0.8287 0.0237 0.0560
38 0.7553 0.0274 0.0182 0.0138
38 0.8316 0.6431 0.0532 0.0423
38 0.9289 0.6150 0.0737 0.0553
38 0.0786 0.6463 0.0574 0.0392
1 0.0243 0.8825 0.0486 0.2349
1 0.3837 0.8538 0.0370 0.1211
1 0.3473 0.8493 0.0346 0.1361
1 0.2899 0.8409 0.0111 0.0584
1 0.3020 0.8435 0.0116 0.0644
1 0.0863 0.8993 0.1309 0.2014
1 0.2009 0.8673 0.0400 0.1462
28 0.7224 0.7309 0.2377 0.1009
15 0.7001 0.8966 0.0564 0.0145
1 0.5195 0.8781 0.9578 0.2396
38 0.5023 0.6250 0.9922 0.2042
