3 0.9550 0.6559 0.0900 0.0365
3 0.9488 0.6462 0.1019 0.0455
3 0.6590 0.6180 0.0303 0.0360
10 0.5735 0.3716 0.0166 0.0676
10 0.4475 0.3719 0.0185 0.0697
3 0.4042 0.6535 0.1120 0.0765
3 0.2827 0.6143 0.0954 0.0460
3 0.0939 0.5989 0.0244 0.0379
10 0.7704 0.1278 0.0441 0.1648
10 0.8236 0.5224 0.0179 0.0213
3 0.7704 0.6226 0.0143 0.0156
3 0.9138 0.6386 0.0331 0.0250
3 0.1956 0.6041 0.0593 0.0508
3 0.1230 0.5984 0.0314 0.0354
3 0.5295 0.6090 0.0278 0.0143
3 0.0398 0.5941 0.0424 0.0256
10 0.7146 0.5290 0.0231 0.0154
11 0.5200 0.6353 0.0054 0.0172
