48 0.5151 0.9700 0.0655 0.0601
48 0.0807 0.9589 0.0463 0.0822
47 0.0266 0.1938 0.0531 0.1643
49 0.4253 0.9093 0.0251 0.1214
51 0.4784 0.2769 0.2215 0.4851
51 0.5091 0.7191 0.2363 0.4000
53 0.1897 0.3502 0.0868 0.0648
53 0.1224 0.4266 0.0642 0.1052
53 0.2151 0.5623 0.0613 0.1506
44 0.1770 0.8090 0.0965 0.1757
44 0.0941 0.8274 0.1287 0.2119
51 0.2355 0.4225 0.3405 0.6166
51 0.8121 0.3255 0.3758 0.6509
53 0.4846 0.8375 0.0386 0.1368
53 0.4781 0.7847 0.1462 0.2375
53 0.3273 0.5263 0.0745 0.1186
53 0.1909 0.4719 0.0594 0.1273
53 0.2557 0.6608 0.0705 0.1135
67 0.4998 0.4935 0.9967 0.9870
47 0.9667 0.6966 0.0635 0.2078
