84 0.2359 0.5361 0.0056 0.1101
84 0.1492 0.3584 0.0287 0.2000
84 0.2084 0.1471 0.0359 0.1646
84 0.1807 0.3661 0.0107 0.1586
84 0.1895 0.3593 0.0165 0.1674
84 0.2500 0.1498 0.0203 0.1689
84 0.1896 0.4989 0.0375 0.0412
15 0.2959 0.7458 0.5916 0.5083
84 0.1137 0.3720 0.0160 0.1984
84 0.0752 0.3726 0.0424 0.2134
84 0.1216 0.1215 0.0199 0.1847
84 0.3044 0.1626 0.0101 0.1368
84 0.3152 0.3375 0.0163 0.1309
1 0.6276 0.3082 0.1044 0.2507
62 0.9314 0.8025 0.1371 0.1698
67 0.9106 0.7894 0.1787 0.4213
84 0.2390 0.5243 0.0290 0.1324
84 0.4742 0.4396 0.9453 0.8792
