19 0.4176 0.6708 0.4332 0.6315
19 0.2467 0.6805 0.2317 0.6159
3 0.9434 0.5842 0.1132 0.2363
1 0.6150 0.3846 0.1064 0.2163
1 0.6965 0.4392 0.0190 0.0421
1 0.6820 0.4519 0.0164 0.0318
1 0.7946 0.4762 0.0746 0.1355
1 0.0216 0.5079 0.0402 0.2427
1 0.1184 0.5419 0.0368 0.2607
10 0.0828 0.2076 0.0326 0.1394
10 0.8691 0.2931 0.0481 0.1015
10 0.9469 0.2984 0.0321 0.0981
1 0.8525 0.4528 0.0353 0.0642
1 0.4969 0.4446 0.0306 0.0896
1 0.5240 0.4532 0.0316 0.0524
1 0.5378 0.4385 0.0347 0.0654
10 0.9131 0.2768 0.0338 0.0742
1 0.9562 0.4478 0.0279 0.0716
1 0.7213 0.4345 0.0303 0.0428
1 0.8209 0.4534 0.0399 0.0583
1 0.4148 0.5236 0.7297 0.2642
