9 0.4473 0.6852 0.1312 0.0583
1 0.4598 0.6095 0.0164 0.0253
6 0.6113 0.5107 0.0202 0.0219
7 0.4429 0.5133 0.1898 0.0282
1 0.4974 0.6195 0.0156 0.0197
1 0.4986 0.6491 0.0154 0.0256
1 0.4776 0.6603 0.0133 0.0172
1 0.4575 0.6562 0.0165 0.0258
1 0.4003 0.6475 0.0136 0.0299
1 0.4467 0.6539 0.0138 0.0290
1 0.4841 0.6305 0.0090 0.0146
1 0.4442 0.6159 0.0150 0.0476
1 0.4832 0.6194 0.0104 0.0186
1 0.4952 0.6599 0.0146 0.0160
1 0.4390 0.6532 0.0111 0.0266
6 0.4064 0.5146 0.0603 0.0294
1 0.5367 0.6760 0.9141 0.3146
