1 0.8921 0.5171 0.1295 0.4865
1 0.5149 0.3557 0.0566 0.0865
1 0.1391 0.2192 0.0949 0.2519
53 0.1998 0.6931 0.3996 0.6139
53 0.2046 0.3876 0.2331 0.2294
53 0.4691 0.4698 0.2281 0.2950
53 0.4113 0.4780 0.2796 0.3646
55 0.7504 0.5243 0.0180 0.0215
55 0.7407 0.5121 0.0128 0.0182
1 0.7962 0.4818 0.0298 0.1197
1 0.7753 0.4685 0.0227 0.0963
1 0.8188 0.4679 0.0244 0.1215
55 0.6114 0.4945 0.0615 0.1150
55 0.5584 0.4315 0.0166 0.0310
1 0.7577 0.4633 0.0160 0.1030
55 0.7158 0.5203 0.0891 0.0664
55 0.5923 0.4993 0.0687 0.1322
55 0.7567 0.5199 0.0096 0.0147
55 0.7644 0.5373 0.0157 0.0231
55 0.4339 0.5331 0.0429 0.0537
55 0.4465 0.5701 0.0413 0.0559
55 0.3919 0.5296 0.0452 0.0573
55 0.4156 0.6162 0.0445 0.0521
55 0.4352 0.5010 0.3453 0.4521
