1 0.3817 0.4753 0.4028 0.9236
1 0.7713 0.5137 0.2743 0.9459
1 0.1803 0.5656 0.1921 0.8405
1 0.9257 0.4300 0.1485 0.7927
75 0.8325 0.4861 0.0455 0.0315
27 0.5531 0.3357 0.0807 0.2524
1 0.0411 0.5710 0.0821 0.8525
1 0.1049 0.1710 0.0693 0.1477
1 0.6683 0.4618 0.1601 0.8697
1 0.5051 0.1983 0.0416 0.1285
75 0.4671 0.5000 0.0962 0.0658
1 0.4536 0.1369 0.0346 0.0624
1 0.4716 0.2611 0.0943 0.1760
1 0.8580 0.2025 0.0607 0.2452
1 0.5146 0.1196 0.0164 0.0303
75 0.8655 0.4492 0.0358 0.0293
1 0.5837 0.3923 0.1142 0.6609
