4 0.7026 0.6803 0.1851 0.2723
13 0.9313 0.2240 0.1375 0.1753
1 0.1668 0.6682 0.1549 0.6099
1 0.4735 0.4519 0.0636 0.0854
1 0.2400 0.5166 0.0486 0.2450
1 0.0500 0.5212 0.0325 0.2029
1 0.2934 0.5342 0.0468 0.2524
27 0.7204 0.6194 0.0578 0.0607
28 0.1121 0.3749 0.1359 0.0803
1 0.0261 0.4341 0.0340 0.0786
1 0.0159 0.5570 0.0294 0.2807
1 0.2543 0.4284 0.0182 0.0346
1 0.6933 0.5503 0.1356 0.3632
1 0.8055 0.5417 0.0804 0.3520
1 0.0812 0.5407 0.0640 0.3161
3 0.4109 0.6141 0.2656 0.3247
4 0.5548 0.5958 0.1455 0.1985
1 0.8772 0.5182 0.1151 0.4546
1 0.5851 0.4438 0.0495 0.1085
1 0.5383 0.4718 0.8641 0.2376
