3 0.2595 0.6157 0.1247 0.1213
3 0.9181 0.6344 0.1633 0.1351
3 0.0811 0.5996 0.0768 0.1158
3 0.0325 0.6040 0.0422 0.0508
10 0.1816 0.2065 0.0209 0.0831
10 0.3872 0.2230 0.0204 0.0826
10 0.2903 0.2109 0.0398 0.0536
1 0.1385 0.6009 0.0705 0.2330
1 0.7469 0.5857 0.0239 0.0855
1 0.9019 0.5673 0.0370 0.0762
1 0.8330 0.5963 0.0477 0.1401
3 0.3561 0.6056 0.0492 0.0421
3 0.1990 0.6091 0.0442 0.0945
3 0.1744 0.5966 0.0351 0.0467
10 0.2018 0.5367 0.0043 0.0135
10 0.1723 0.5347 0.0048 0.0126
10 0.8059 0.4716 0.0267 0.0290
10 0.1071 0.5233 0.0075 0.0105
1 0.9481 0.5654 0.0400 0.0730
1 0.8726 0.5719 0.0224 0.0775
1 0.9218 0.5734 0.0204 0.0583
1 0.8465 0.6104 0.0248 0.1046
1 0.9845 0.5593 0.0219 0.0513
3 0.5536 0.6366 0.4553 0.2050
