3 0.1899 0.4079 0.3797 0.3664
3 0.9320 0.2586 0.0948 0.0871
3 0.8412 0.2425 0.0496 0.0546
3 0.8680 0.2172 0.0184 0.0251
3 0.3665 0.2305 0.1178 0.0884
1 0.2874 0.2203 0.0554 0.1146
1 0.3100 0.2180 0.0386 0.1005
8 0.5166 0.4719 0.7635 0.7910
1 0.3657 0.2286 0.0411 0.0988
1 0.2261 0.2303 0.0422 0.1153
1 0.3490 0.2198 0.0284 0.1024
3 0.9814 0.3513 0.0373 0.1710
3 0.2132 0.2041 0.1203 0.0517
3 0.1146 0.2556 0.2292 0.1268
28 0.9424 0.2067 0.0285 0.0124
28 0.8599 0.2028 0.0283 0.0092
28 0.8358 0.2029 0.0344 0.0184
28 0.9769 0.2063 0.0141 0.0079
28 0.9657 0.2085 0.0179 0.0185
28 0.9100 0.2004 0.0325 0.0184
