1 0.3041 0.5673 0.6016 0.8386
1 0.8747 0.3716 0.2506 0.5833
86 0.7978 0.6407 0.2400 0.2105
86 0.6901 0.4804 0.0672 0.0699
31 0.2290 0.5640 0.1852 0.1352
31 0.3268 0.4774 0.1867 0.1423
46 0.6336 0.6686 0.0999 0.1666
46 0.5570 0.4642 0.0565 0.0818
46 0.6142 0.4801 0.0599 0.0985
47 0.4791 0.4541 0.0415 0.0733
51 0.5638 0.5552 0.1993 0.0620
67 0.6513 0.7390 0.6868 0.4966
46 0.7210 0.4148 0.1033 0.1442
51 0.8008 0.6418 0.2526 0.1998
86 0.7930 0.4699 0.0801 0.0997
86 0.5817 0.4395 0.0498 0.1212
86 0.4785 0.4553 0.0391 0.0762
47 0.5251 0.4546 0.0468 0.0853
47 0.5252 0.1855 0.0405 0.0267
