51 0.5000 0.5000 1.0000 1.0000
56 0.4206 0.4433 0.0389 0.0540
56 0.5841 0.2333 0.0818 0.1366
56 0.6289 0.4284 0.1562 0.1927
56 0.2711 0.2994 0.0854 0.1119
56 0.6565 0.1058 0.0751 0.1745
56 0.6017 0.0398 0.0535 0.0769
56 0.6837 0.3035 0.0790 0.0574
56 0.5232 0.1165 0.0621 0.0741
56 0.9515 0.6096 0.0682 0.1369
56 0.4732 0.4558 0.0480 0.0476
56 0.7339 0.3948 0.0641 0.0573
56 0.8623 0.1959 0.0285 0.0590
57 0.1926 0.6878 0.0727 0.1683
57 0.4685 0.5976 0.1042 0.1215
57 0.6187 0.6505 0.1257 0.1168
57 0.7087 0.5601 0.0592 0.1091
57 0.3524 0.2512 0.0503 0.1089
57 0.5319 0.5544 0.0313 0.0541
56 0.8534 0.1007 0.0609 0.0390
56 0.2914 0.1823 0.2453 0.1479
