1 0.7006 0.6267 0.2295 0.7213
47 0.1123 0.3065 0.0203 0.0355
47 0.1196 0.4421 0.0179 0.0307
79 0.4696 0.5402 0.2178 0.0861
81 0.9283 0.7683 0.1433 0.1252
47 0.5538 0.2801 0.0188 0.0318
47 0.5739 0.3004 0.0218 0.0276
47 0.8591 0.6303 0.0406 0.0502
47 0.5735 0.3190 0.0203 0.0108
47 0.8227 0.6652 0.0377 0.0443
47 0.0842 0.4471 0.0237 0.0142
47 0.4659 0.3898 0.0288 0.0317
47 0.5545 0.2963 0.0177 0.0055
47 0.1013 0.4423 0.0238 0.0373
82 0.1847 0.7790 0.1508 0.3218
47 0.1321 0.3489 0.0158 0.0161
47 0.1315 0.3267 0.0153 0.0281
47 0.3078 0.4177 0.4688 0.2062
