88 0.7080 0.3793 0.0727 0.0981
88 0.6453 0.4701 0.0442 0.0642
88 0.3814 0.4749 0.0651 0.0638
88 0.2831 0.4735 0.0735 0.0749
88 0.3308 0.5610 0.0760 0.0674
88 0.3862 0.5588 0.0517 0.0660
88 0.4316 0.5576 0.0556 0.0616
88 0.7484 0.6138 0.0465 0.0593
88 0.8121 0.5425 0.0338 0.0558
88 0.5756 0.1350 0.0806 0.0940
88 0.2624 0.3529 0.1209 0.1088
88 0.1969 0.3539 0.0892 0.1026
88 0.4463 0.3608 0.0987 0.1035
23 0.3498 0.7985 0.0446 0.0603
23 0.3197 0.6450 0.0686 0.0679
23 0.3751 0.6456 0.0626 0.0564
23 0.3919 0.7963 0.0440 0.0591
23 0.4356 0.7911 0.0441 0.0556
88 0.5597 0.4961 0.8765 0.9922
