3 0.7433 0.2632 0.1493 0.1722
1 0.8812 0.4440 0.2376 0.6857
1 0.6233 0.2270 0.2493 0.2652
1 0.2869 0.3725 0.5093 0.5749
1 0.1101 0.2618 0.2202 0.4292
1 0.5265 0.2567 0.1388 0.2140
60 0.6253 0.7608 0.0796 0.1440
60 0.5643 0.7506 0.0677 0.1391
3 0.8410 0.1869 0.3181 0.0992
47 0.8826 0.3486 0.0553 0.0328
60 0.3126 0.7828 0.0919 0.0654
60 0.4457 0.7737 0.0832 0.0846
60 0.3793 0.7756 0.0788 0.0881
60 0.6762 0.8370 0.1265 0.0155
60 0.4560 0.8213 0.0865 0.0376
60 0.3760 0.8213 0.0907 0.0374
60 0.5058 0.7502 0.0641 0.1226
60 0.5192 0.8165 0.0553 0.0507
60 0.3055 0.8236 0.0894 0.0363
1 0.7862 0.1671 0.0245 0.0370
72 0.4398 0.1255 0.4903 0.2468
