3 0.4803 0.6667 0.9405 0.5213
3 0.2562 0.3285 0.5090 0.1820
3 0.6317 0.3170 0.0941 0.1095
3 0.9378 0.3143 0.1244 0.0905
3 0.5759 0.3159 0.1252 0.0933
3 0.4938 0.2942 0.1054 0.0884
3 0.1917 0.5011 0.3834 0.3556
14 0.7959 0.3399 0.0317 0.1007
3 0.2902 0.2738 0.0377 0.0217
14 0.7718 0.3390 0.0283 0.0935
14 0.2683 0.2694 0.0083 0.0061
3 0.4070 0.3087 0.0220 0.0596
3 0.8942 0.2810 0.0412 0.0280
3 0.8967 0.2562 0.0621 0.0141
8 0.2611 0.3296 0.5222 0.2000
13 0.1177 0.2355 0.0102 0.0165
14 0.4279 0.3293 0.0258 0.0728
3 0.3183 0.2799 0.0463 0.0286
3 0.5105 0.3210 0.0424 0.0656
3 0.6117 0.3073 0.7703 0.1396
