2 0.8386 0.3061 0.0292 0.0697
2 0.0694 0.3039 0.0931 0.0579
37 0.3878 0.5641 0.0561 0.0846
1 0.7106 0.3294 0.0905 0.4067
1 0.6648 0.2931 0.0409 0.2424
1 0.2931 0.4596 0.2264 0.6719
1 0.9075 0.2942 0.0686 0.1948
1 0.8716 0.2855 0.0444 0.1617
1 0.3506 0.2967 0.0640 0.2734
1 0.5919 0.2670 0.0327 0.0703
1 0.5659 0.2711 0.0181 0.0791
1 0.6323 0.2350 0.0091 0.0520
1 0.9497 0.2169 0.0467 0.0828
1 0.7524 0.2544 0.0139 0.0670
1 0.7848 0.2189 0.0149 0.0315
1 0.9854 0.2399 0.0192 0.0438
1 0.6844 0.2541 0.6281 0.1288
