72 0.0740 0.3904 0.1413 0.4238
72 0.5906 0.7016 0.0847 0.1109
63 0.4853 0.8500 0.9641 0.2811
1 0.6961 0.5955 0.2798 0.6247
1 0.4146 0.5483 0.3742 0.6966
75 0.5546 0.2744 0.1025 0.0635
75 0.5770 0.6235 0.0381 0.0286
62 0.9055 0.7901 0.0910 0.1783
62 0.5805 0.7854 0.2148 0.2550
62 0.8022 0.7978 0.0775 0.1888
64 0.9301 0.6903 0.0947 0.0592
67 0.9013 0.7260 0.1514 0.0370
75 0.7784 0.4933 0.0136 0.0221
76 0.5971 0.7582 0.0825 0.0174
62 0.2270 0.8536 0.4446 0.2927
84 0.0571 0.7067 0.0999 0.0341
84 0.1161 0.6792 0.0411 0.0790
84 0.0956 0.6872 0.0480 0.0640
