3 0.9228 0.6975 0.1340 0.3641
3 0.8557 0.6123 0.1369 0.1824
3 0.7797 0.5773 0.0466 0.1111
14 0.9060 0.5982 0.0263 0.0739
1 0.6557 0.5504 0.0307 0.1137
1 0.6282 0.5341 0.0147 0.0381
1 0.4257 0.5405 0.0267 0.0829
1 0.3837 0.5359 0.0190 0.0833
1 0.4897 0.5359 0.0137 0.0542
1 0.5064 0.5373 0.0169 0.0524
14 0.7790 0.5624 0.0136 0.0430
14 0.7496 0.5450 0.0078 0.0173
1 0.3475 0.5081 0.0253 0.0327
1 0.6110 0.5337 0.0140 0.0341
3 0.7575 0.5766 0.0501 0.1278
1 0.1820 0.5337 0.0414 0.1473
1 0.6181 0.5300 0.0075 0.0244
14 0.7280 0.5324 0.0065 0.0068
