3 0.8404 0.7884 0.1068 0.0726
1 0.6769 0.7928 0.0218 0.0836
1 0.6231 0.7957 0.0134 0.1034
1 0.6119 0.7988 0.0110 0.0860
1 0.5347 0.7781 0.0069 0.0339
1 0.6654 0.7936 0.0156 0.0852
1 0.9925 0.7997 0.0150 0.0848
1 0.9009 0.7998 0.0168 0.0654
27 0.6283 0.7839 0.0090 0.0295
38 0.4828 0.1790 0.1297 0.0419
38 0.3226 0.2632 0.2090 0.0727
38 0.2763 0.5660 0.2631 0.1104
38 0.9491 0.2445 0.0288 0.0257
38 0.7177 0.2178 0.0177 0.0289
38 0.5670 0.2453 0.2079 0.0558
38 0.1620 0.2468 0.2060 0.0989
38 0.0927 0.5308 0.1819 0.1035
38 0.6802 0.5992 0.2577 0.2034
38 0.0336 0.3022 0.0667 0.0959
38 0.0336 0.1651 0.0669 0.0515
1 0.6053 0.7976 0.0119 0.0756
1 0.5807 0.7860 0.0083 0.0571
1 0.5917 0.7939 0.0190 0.0964
38 0.5210 0.4982 0.2320 0.2661
1 0.5516 0.7710 0.0090 0.0442
38 0.9065 0.4325 0.1590 0.0507
1 0.5692 0.7977 0.0216 0.0824
1 0.2624 0.7587 0.0114 0.0415
1 0.8220 0.7907 0.1520 0.0934
38 0.3440 0.4834 0.6880 0.2801
