2 0.5981 0.5245 0.1258 0.0917
3 0.3933 0.4410 0.1031 0.0761
1 0.1578 0.6190 0.2162 0.4366
1 0.0325 0.4845 0.0650 0.1683
1 0.7483 0.6502 0.2205 0.5202
1 0.8503 0.4850 0.0604 0.1131
1 0.4688 0.5605 0.1349 0.3447
1 0.1937 0.4590 0.0677 0.1165
28 0.4834 0.4028 0.2537 0.1473
28 0.8213 0.3944 0.2202 0.1150
28 0.1219 0.4223 0.1740 0.0936
28 0.2317 0.4211 0.0920 0.0568
31 0.7834 0.5817 0.1841 0.2381
1 0.0853 0.4611 0.0347 0.0380
3 0.9753 0.3765 0.0494 0.0814
2 0.2608 0.4555 0.0595 0.0579
28 0.0480 0.4047 0.0698 0.0464
28 0.1712 0.3757 0.1137 0.0295
1 0.2038 0.4383 0.0448 0.0792
10 0.5805 0.3075 0.0247 0.0507
