37 0.3838 0.5927 0.0095 0.0132
37 0.3138 0.5671 0.0063 0.0071
1 0.7779 0.5611 0.0154 0.0595
1 0.5710 0.5549 0.0177 0.0438
1 0.5537 0.5476 0.0100 0.0373
1 0.2673 0.5591 0.0293 0.0739
1 0.6306 0.5509 0.0093 0.0409
1 0.9442 0.5521 0.0222 0.0463
1 0.9864 0.5546 0.0121 0.0282
37 0.3853 0.5647 0.0056 0.0079
37 0.9027 0.5629 0.0068 0.0082
1 0.7687 0.5500 0.0106 0.0355
1 0.4914 0.5464 0.0118 0.0473
1 0.2991 0.5691 0.0215 0.0801
1 0.5267 0.5481 0.0086 0.0222
37 0.5760 0.5737 0.0078 0.0073
37 0.2799 0.5901 0.0091 0.0120
37 0.5301 0.5621 0.0076 0.0082
1 0.9589 0.5513 0.0108 0.0294
37 0.0951 0.5667 0.0076 0.0091
37 0.8745 0.5638 0.0021 0.0032
1 0.4532 0.5458 0.0113 0.0236
1 0.0711 0.5406 0.0203 0.0479
