3 0.7162 0.6319 0.1385 0.0447
3 0.4641 0.6332 0.0745 0.0388
1 0.2828 0.5127 0.1959 0.7741
1 0.3983 0.5680 0.1301 0.4804
1 0.6155 0.5393 0.1134 0.5720
1 0.5064 0.6091 0.0564 0.2051
1 0.1803 0.6325 0.0418 0.1660
41 0.6004 0.8256 0.0844 0.0527
41 0.3384 0.7036 0.0435 0.3385
41 0.5919 0.7940 0.1315 0.0505
41 0.3873 0.7207 0.0858 0.2928
27 0.2341 0.4364 0.1136 0.4079
1 0.3087 0.5399 0.0552 0.6205
1 0.5339 0.6414 0.0294 0.1290
1 0.9331 0.6058 0.0291 0.0893
1 0.8760 0.6464 0.0383 0.1096
41 0.1706 0.7121 0.0350 0.0193
1 0.8510 0.6276 0.0254 0.0741
3 0.9422 0.6276 0.1125 0.0521
1 0.8351 0.6198 0.0102 0.0272
