44 0.2364 0.4907 0.0120 0.0568
72 0.6249 0.3975 0.0998 0.0964
49 0.2813 0.4663 0.0184 0.0302
49 0.2660 0.4533 0.0178 0.0311
50 0.7274 0.1639 0.0453 0.1762
51 0.3017 0.5960 0.0410 0.0226
51 0.3010 0.6310 0.0410 0.0263
52 0.5114 0.5570 0.0383 0.0359
78 0.1147 0.6385 0.2265 0.6869
79 0.1172 0.8408 0.2224 0.2825
49 0.2725 0.4525 0.0194 0.0303
49 0.2745 0.4632 0.0181 0.0288
51 0.2995 0.6031 0.0437 0.0198
44 0.2469 0.4892 0.0113 0.0616
51 0.3014 0.6193 0.0391 0.0171
50 0.7747 0.1831 0.0678 0.1863
50 0.8699 0.1819 0.1014 0.2365
