3 0.3485 0.5032 0.0439 0.0681
10 0.0627 0.1834 0.0260 0.0648
10 0.4784 0.0222 0.0288 0.0401
10 0.5037 0.0706 0.0215 0.1394
40 0.7785 0.9133 0.0992 0.1734
40 0.1968 0.6788 0.0409 0.0411
6 0.1370 0.4463 0.1757 0.1876
1 0.6257 0.6351 0.1307 0.2733
1 0.7796 0.6774 0.1578 0.3138
1 0.8863 0.6734 0.2273 0.6329
1 0.2576 0.5513 0.0726 0.3189
1 0.0193 0.4241 0.0082 0.0144
1 0.0858 0.5058 0.0437 0.1144
1 0.1203 0.6655 0.1962 0.2794
1 0.0600 0.4864 0.0255 0.0807
1 0.7888 0.4491 0.0449 0.0660
1 0.5759 0.4452 0.0220 0.0849
3 0.3202 0.5038 0.0436 0.0574
10 0.7935 0.2705 0.0307 0.1032
31 0.2318 0.5357 0.0399 0.0421
1 0.0365 0.6109 0.0730 0.2892
1 0.3932 0.5248 0.0569 0.2240
10 0.2074 0.1743 0.0125 0.0334
10 0.7991 0.3704 0.0232 0.0308
10 0.5299 0.0737 0.0310 0.1467
3 0.3104 0.4870 0.0435 0.0613
