7 0.3714 0.5271 0.7427 0.9239
1 0.4038 0.4075 0.1554 0.1621
1 0.5360 0.4391 0.1901 0.2328
1 0.4899 0.2939 0.0714 0.0855
1 0.8166 0.2781 0.1194 0.3554
1 0.9372 0.2997 0.1248 0.3149
1 0.8044 0.2714 0.1895 0.3457
3 0.0853 0.1524 0.1522 0.0320
3 0.6078 0.1302 0.0507 0.0181
3 0.6898 0.1292 0.0572 0.0328
1 0.4184 0.3685 0.1624 0.1355
1 0.9824 0.1685 0.0352 0.0674
1 0.4628 0.2459 0.0659 0.0720
1 0.5380 0.2358 0.0424 0.0439
1 0.5679 0.2434 0.0534 0.0307
1 0.4968 0.2443 0.0142 0.0163
1 0.5784 0.3348 0.1162 0.1732
