63 0.5598 0.6720 0.4370 0.4452
63 0.1075 0.7729 0.2142 0.4543
77 0.3911 0.9153 0.0495 0.0250
47 0.4551 0.9212 0.0390 0.0600
75 0.4043 0.8741 0.0819 0.0585
75 0.4315 0.8483 0.0496 0.0274
75 0.4173 0.9836 0.1125 0.0329
84 0.9662 0.1624 0.0608 0.1064
84 0.9753 0.1738 0.0450 0.0876
84 0.9722 0.3090 0.0294 0.0468
84 0.9945 0.1828 0.0110 0.0820
84 0.9258 0.3105 0.0210 0.1168
84 0.9491 0.2921 0.0375 0.0537
84 0.9803 0.1791 0.0340 0.0909
84 0.9721 0.0297 0.0190 0.0594
84 0.2108 0.4678 0.0054 0.0660
84 0.9487 0.1800 0.0157 0.0716
84 0.9598 0.0294 0.0064 0.0582
84 0.9610 0.2965 0.0519 0.0470
62 0.2800 0.7491 0.1192 0.2659
62 0.7981 0.7014 0.0952 0.2207
84 0.2051 0.4673 0.0065 0.0664
86 0.9803 0.3394 0.0394 0.1248
84 0.5953 0.2871 0.8063 0.5741
