1 0.7401 0.1291 0.0618 0.1573
1 0.7948 0.1021 0.0359 0.0541
1 0.9203 0.1062 0.0342 0.0421
55 0.2070 0.3762 0.3290 0.1462
1 0.7464 0.1098 0.0719 0.1080
1 0.8616 0.1094 0.0099 0.0151
52 0.8391 0.2037 0.0311 0.0128
52 0.8596 0.1919 0.0294 0.0336
53 0.2511 0.7977 0.1753 0.1663
53 0.7703 0.8908 0.1655 0.1937
53 0.2343 0.9165 0.1551 0.1438
53 0.1281 0.8105 0.0678 0.0939
53 0.2726 0.6140 0.1449 0.2668
53 0.1538 0.8874 0.0678 0.1052
53 0.1323 0.7191 0.1264 0.1303
53 0.0399 0.6753 0.0563 0.0661
53 0.0611 0.5865 0.0384 0.0323
53 0.9399 0.6899 0.1202 0.1618
53 0.5528 0.6966 0.0640 0.0809
53 0.0255 0.5968 0.0425 0.0226
53 0.0226 0.5569 0.0452 0.0982
53 0.5000 0.7177 0.9969 0.5604
