4 0.5976 0.6618 0.4353 0.4652
4 0.3120 0.4882 0.4720 0.4318
4 0.8275 0.3843 0.1988 0.2955
4 0.9024 0.7235 0.1952 0.5530
4 0.6783 0.3775 0.1810 0.2562
4 0.5453 0.3295 0.1692 0.2148
1 0.1524 0.2608 0.1029 0.3093
1 0.2774 0.2155 0.0774 0.2327
1 0.2226 0.2190 0.0628 0.1696
1 0.0894 0.2834 0.0592 0.3050
1 0.3558 0.2311 0.0290 0.1491
1 0.4313 0.2233 0.0344 0.1942
27 0.1371 0.2546 0.0757 0.1873
1 0.0957 0.1774 0.0122 0.0514
3 0.6877 0.2167 0.0673 0.0747
3 0.3962 0.2062 0.0358 0.0316
3 0.1258 0.1441 0.1040 0.1233
4 0.1086 0.4189 0.0551 0.1305
31 0.0777 0.2479 0.0504 0.1527
31 0.5473 0.2693 0.0562 0.0619
