62 0.2970 0.4634 0.0828 0.1656
62 0.3773 0.4757 0.0895 0.1713
62 0.4555 0.4934 0.1081 0.1836
62 0.5965 0.5114 0.0510 0.0984
67 0.5051 0.4237 0.1070 0.0207
67 0.3322 0.4362 0.0623 0.0603
2 0.6063 0.6966 0.4717 0.4485
2 0.9697 0.4727 0.0605 0.0680
3 0.8576 0.3898 0.2340 0.2026
3 0.5539 0.3455 0.1641 0.0936
3 0.4798 0.3327 0.0712 0.0699
3 0.3963 0.3189 0.0545 0.0491
3 0.2926 0.3979 0.1367 0.2588
3 0.1795 0.3015 0.1781 0.1098
1 0.6493 0.4818 0.2313 0.6776
1 0.1604 0.5277 0.1597 0.6742
1 0.4234 0.4213 0.0755 0.2393
1 0.3598 0.3909 0.0572 0.1574
1 0.5591 0.3653 0.0727 0.1157
1 0.2788 0.3272 0.0560 0.1936
1 0.3359 0.3247 0.0494 0.0722
1 0.0743 0.4089 0.0518 0.3045
1 0.0230 0.4376 0.0443 0.2535
1 0.0192 0.2958 0.0381 0.1006
1 0.3245 0.3702 0.0418 0.0768
1 0.0501 0.4618 0.0429 0.1956
3 0.0423 0.2704 0.0843 0.0721
3 0.6670 0.3000 0.2044 0.1145
62 0.4648 0.4369 0.0608 0.0882
62 0.3273 0.3924 0.0187 0.0305
1 0.2714 0.3759 0.0575 0.1231
