1 0.3098 0.5079 0.4065 0.9324
1 0.7144 0.5688 0.2960 0.6568
15 0.8706 0.7284 0.2589 0.5051
15 0.6810 0.4707 0.2880 0.2815
31 0.3180 0.4292 0.1918 0.5842
11 0.6271 0.0264 0.0082 0.0239
31 0.6750 0.8300 0.0451 0.0974
62 0.8733 0.7303 0.2529 0.5124
62 0.6837 0.4771 0.2844 0.2832
3 0.4510 0.0201 0.0454 0.0403
3 0.3752 0.0195 0.0307 0.0317
3 0.3459 0.0260 0.0333 0.0256
3 0.3173 0.0222 0.0411 0.0362
3 0.0638 0.0492 0.0320 0.0308
3 0.0931 0.0483 0.0198 0.0194
15 0.8410 0.5672 0.2878 0.3985
3 0.2813 0.0233 0.0396 0.0291
77 0.4911 0.3764 0.0192 0.0229
