34 0.3519 0.6710 0.0639 0.0361
1 0.5877 0.3232 0.0614 0.2827
1 0.6937 0.4711 0.2551 0.2028
1 0.5315 0.2725 0.0228 0.0264
1 0.3438 0.3415 0.0957 0.1060
1 0.7337 0.2395 0.0155 0.0692
1 0.7621 0.2418 0.0164 0.0672
1 0.3732 0.2822 0.0589 0.2007
1 0.5094 0.2633 0.0279 0.0429
1 0.1135 0.2562 0.0209 0.0891
1 0.8199 0.2400 0.0141 0.0706
1 0.0710 0.2534 0.0210 0.0926
9 0.0567 0.1819 0.0323 0.0632
9 0.1765 0.2257 0.0223 0.0058
62 0.5011 0.2701 0.0189 0.0306
1 0.7728 0.2488 0.0084 0.0472
1 0.7999 0.2481 0.0113 0.0468
1 0.8094 0.2488 0.0094 0.0376
