64 0.8819 0.2815 0.2345 0.3750
64 0.3311 0.4690 0.3932 0.3842
62 0.6391 0.9170 0.5469 0.1459
3 0.1917 0.3456 0.1915 0.1003
28 0.4344 0.1106 0.7915 0.2090
28 0.6129 0.1860 0.7497 0.0876
62 0.8402 0.6802 0.2746 0.2344
62 0.7361 0.7471 0.2513 0.1834
64 0.4482 0.5875 0.0534 0.0388
64 0.6484 0.3567 0.1819 0.2854
51 0.4218 0.7263 0.0856 0.0580
62 0.3132 0.6659 0.3089 0.0945
62 0.5612 0.6076 0.2505 0.1407
62 0.6481 0.4998 0.1670 0.0351
62 0.1259 0.9422 0.2428 0.1130
67 0.4272 0.7715 0.7047 0.2012
3 0.0373 0.3933 0.0746 0.0602
86 0.7146 0.5169 0.0441 0.0267
67 0.7247 0.5447 0.3821 0.0873
