19 0.6443 0.4035 0.1883 0.2001
3 0.8142 0.9446 0.3297 0.1035
1 0.3031 0.3986 0.0489 0.1020
1 0.3968 0.3881 0.0482 0.1051
1 0.3391 0.3618 0.0476 0.0575
1 0.3501 0.4097 0.0431 0.0740
1 0.2642 0.4209 0.0410 0.0711
2 0.5412 0.3878 0.0369 0.0366
10 0.2245 0.7125 0.0372 0.0767
28 0.2962 0.8431 0.0621 0.1411
28 0.4686 0.8513 0.0653 0.1342
28 0.6133 0.8516 0.0690 0.1161
28 0.5608 0.8422 0.0605 0.0999
28 0.1317 0.8452 0.0272 0.0805
28 0.1123 0.8601 0.0274 0.0697
62 0.4475 0.9325 0.0334 0.0449
67 0.1725 0.9155 0.0559 0.0069
67 0.3855 0.9029 0.0471 0.0115
67 0.4074 0.9162 0.0541 0.0084
1 0.4283 0.8630 0.0256 0.0179
67 0.2370 0.9049 0.0214 0.0073
67 0.6710 0.9196 0.0824 0.0219
67 0.1446 0.9083 0.0536 0.0088
67 0.0914 0.8952 0.0402 0.0071
3 0.9768 0.9236 0.0464 0.0787
62 0.2197 0.9364 0.0500 0.0487
62 0.3336 0.9368 0.0271 0.0366
62 0.3556 0.9310 0.0157 0.0396
62 0.5860 0.9295 0.0324 0.0508
67 0.7018 0.9051 0.0430 0.0073
