5 0.5022 0.3587 0.9955 0.5516
8 0.8892 0.5838 0.2216 0.3983
27 0.5167 0.7012 0.1629 0.3323
1 0.3507 0.5560 0.0445 0.2377
1 0.5654 0.5681 0.0992 0.3668
1 0.6682 0.6103 0.1077 0.2611
1 0.2721 0.5539 0.0765 0.2674
1 0.1998 0.6128 0.1332 0.3731
1 0.5189 0.3926 0.0600 0.1631
1 0.4996 0.7101 0.1948 0.5797
1 0.1741 0.4834 0.0947 0.1721
31 0.6456 0.6587 0.0514 0.1362
33 0.0569 0.7125 0.0103 0.0668
33 0.1604 0.5853 0.0600 0.0282
33 0.8249 0.5756 0.0449 0.0370
33 0.6190 0.6934 0.0518 0.0758
33 0.1477 0.6015 0.1045 0.0813
33 0.0770 0.6136 0.0506 0.0438
33 0.8992 0.5035 0.1080 0.1820
