72 0.5217 0.3064 0.5121 0.4565
17 0.7096 0.7177 0.5722 0.5323
84 0.1659 0.0991 0.0140 0.1111
84 0.1250 0.3411 0.0183 0.1339
84 0.1533 0.5274 0.0225 0.1501
84 0.1739 0.3423 0.0181 0.1291
84 0.0470 0.5272 0.0326 0.1370
84 0.0952 0.3319 0.0219 0.1348
84 0.0815 0.0973 0.0320 0.1174
84 0.0685 0.7229 0.0130 0.0932
84 0.9442 0.5651 0.0078 0.0847
84 0.9528 0.7511 0.0352 0.2107
84 0.0955 0.5361 0.0205 0.1277
84 0.1249 0.7019 0.0164 0.1283
84 0.0701 0.3088 0.0429 0.1905
84 0.1058 0.0943 0.0132 0.1185
84 0.9362 0.5642 0.0087 0.0826
84 0.9172 0.2965 0.0184 0.1123
84 0.0334 0.0801 0.0404 0.1586
84 0.4992 0.4885 0.9984 0.9771
