44 0.1294 0.7562 0.1122 0.2309
44 0.0771 0.8363 0.0843 0.2715
44 0.6643 0.3407 0.0335 0.1131
44 0.5342 0.7293 0.0500 0.1809
44 0.6204 0.3480 0.0348 0.1265
44 0.5578 0.3241 0.0384 0.1410
44 0.7863 0.3420 0.0393 0.0740
44 0.5911 0.3449 0.0392 0.1371
48 0.2346 0.7114 0.0104 0.0154
51 0.4059 0.5924 0.1838 0.1714
51 0.1223 0.6442 0.2019 0.2029
61 0.6097 0.6168 0.2606 0.2924
61 0.4020 0.5833 0.1689 0.1487
1 0.3286 0.3157 0.3640 0.3932
44 0.5312 0.3340 0.0239 0.0840
44 0.7522 0.3235 0.0336 0.0740
47 0.2556 0.7817 0.1084 0.1753
51 0.5258 0.9030 0.2832 0.1663
1 0.0583 0.3838 0.1166 0.5171
1 0.1188 0.0948 0.0683 0.1629
1 0.2646 0.0616 0.0702 0.1232
1 0.8024 0.1194 0.0743 0.2140
1 0.8302 0.5001 0.3396 0.9998
1 0.5031 0.0854 0.0354 0.1573
1 0.4748 0.0977 0.0693 0.1904
1 0.2752 0.0357 0.0978 0.0713
1 0.1638 0.0268 0.0797 0.0522
47 0.0329 0.9234 0.0658 0.1011
47 0.1221 0.9707 0.0933 0.0574
47 0.1360 0.9018 0.0777 0.0455
47 0.1355 0.9244 0.0608 0.0198
47 0.3431 0.4646 0.0507 0.0909
50 0.2563 0.7188 0.0244 0.0361
50 0.2597 0.6917 0.0175 0.0192
50 0.2154 0.7358 0.0226 0.0495
50 0.2735 0.7019 0.0177 0.0288
50 0.2320 0.7188 0.0074 0.0091
50 0.2795 0.7448 0.0122 0.0367
50 0.2277 0.7028 0.0154 0.0265
67 0.4228 0.6252 0.8416 0.7453
1 0.1036 0.0054 0.0193 0.0108
44 0.6153 0.8017 0.0509 0.1066
47 0.1342 0.8849 0.0733 0.0559
47 0.0346 0.9800 0.0691 0.0380
47 0.1370 0.9207 0.0725 0.0405
47 0.1386 0.9298 0.0705 0.0397
47 0.1339 0.8756 0.0766 0.0758
50 0.1315 0.5584 0.0565 0.2032
50 0.2440 0.7378 0.0253 0.0321
67 0.1842 0.1026 0.1046 0.1293
