85 0.3800 0.1724 0.0198 0.0169
62 0.1712 0.4250 0.1084 0.2990
62 0.5334 0.4068 0.1768 0.2847
67 0.1664 0.7793 0.3327 0.4077
67 0.2280 0.4210 0.4556 0.3206
1 0.4348 0.7023 0.3442 0.5955
1 0.2631 0.4296 0.2093 0.3431
47 0.0904 0.6581 0.0630 0.0874
47 0.1646 0.6392 0.0515 0.0761
47 0.1332 0.6097 0.0470 0.0673
47 0.0380 0.6611 0.0577 0.0799
48 0.2728 0.6636 0.0434 0.0479
50 0.2401 0.6506 0.0623 0.0226
62 0.3771 0.3606 0.1284 0.1853
62 0.0356 0.5188 0.0712 0.1733
84 0.6975 0.1613 0.0073 0.0699
84 0.7700 0.0771 0.0107 0.0446
84 0.7091 0.1659 0.0135 0.0564
84 0.7675 0.1686 0.0083 0.0537
84 0.7179 0.1671 0.0146 0.0582
61 0.0925 0.8132 0.0714 0.0441
64 0.1757 0.2393 0.0476 0.0989
64 0.3086 0.0868 0.0861 0.0881
84 0.6917 0.1585 0.0090 0.0719
84 0.7189 0.0694 0.0077 0.0380
84 0.7574 0.0761 0.0135 0.0466
84 0.7368 0.0778 0.0129 0.0477
84 0.7948 0.0718 0.0173 0.0575
1 0.6991 0.7662 0.2448 0.4416
48 0.1512 0.7862 0.0438 0.0613
