1 0.7867 0.8098 0.0552 0.1479
1 0.6756 0.7913 0.0596 0.1683
38 0.4268 0.2005 0.0869 0.0549
1 0.1257 0.7223 0.0141 0.0191
62 0.7977 0.8623 0.0479 0.0495
62 0.7311 0.8225 0.0522 0.1200
1 0.9574 0.7823 0.0113 0.0308
1 0.9686 0.7793 0.0046 0.0163
1 0.0638 0.7151 0.0037 0.0196
1 0.7179 0.7485 0.0221 0.0697
1 0.9943 0.7705 0.0067 0.0223
1 0.9886 0.7885 0.0062 0.0209
1 0.9740 0.7829 0.0076 0.0240
1 0.9141 0.7692 0.0051 0.0284
27 0.6112 0.8514 0.0211 0.0287
27 0.6905 0.8573 0.0199 0.0303
27 0.6311 0.8363 0.0155 0.0648
27 0.5696 0.8463 0.0290 0.0308
