2 0.5733 0.6477 0.0750 0.0824
2 0.7427 0.6236 0.0338 0.0849
15 0.0447 0.6568 0.0894 0.1278
3 0.6716 0.5656 0.1139 0.1163
1 0.5761 0.5970 0.0554 0.1403
1 0.7682 0.5985 0.0370 0.1478
1 0.1626 0.6040 0.0287 0.1523
1 0.1193 0.6266 0.0452 0.0649
1 0.4800 0.5943 0.0182 0.0500
1 0.7056 0.5348 0.0376 0.0548
1 0.2155 0.5791 0.0111 0.0320
1 0.1438 0.6058 0.0204 0.0719
1 0.4333 0.3902 0.0196 0.0316
1 0.3271 0.6225 0.0180 0.0506
1 0.0993 0.6297 0.0425 0.1588
1 0.8245 0.5027 0.0055 0.0228
1 0.6766 0.5168 0.0183 0.0243
1 0.4445 0.4936 0.8297 0.3327
