37 0.4348 0.8022 0.0422 0.0653
62 0.0296 0.6283 0.0332 0.0542
62 0.0547 0.6238 0.0249 0.0550
62 0.0741 0.6260 0.0310 0.0605
1 0.7148 0.5874 0.0888 0.4401
1 0.1355 0.5915 0.0498 0.1809
1 0.6193 0.6108 0.0295 0.1297
1 0.6445 0.6129 0.0290 0.1207
1 0.6679 0.6166 0.0218 0.1161
1 0.7751 0.6409 0.0217 0.0681
1 0.7559 0.6410 0.0297 0.0705
1 0.7957 0.6527 0.0216 0.0470
1 0.8167 0.6423 0.0265 0.0693
1 0.9832 0.6242 0.0336 0.1498
1 0.9579 0.6243 0.0339 0.1417
1 0.5400 0.6030 0.0182 0.0684
1 0.8951 0.6513 0.0230 0.0673
62 0.0920 0.6268 0.0208 0.0444
1 0.4789 0.6119 0.9547 0.1741
