35 0.6745 0.8271 0.1534 0.0684
27 0.1895 0.5067 0.0242 0.0458
1 0.6644 0.6214 0.1342 0.4215
1 0.5877 0.5776 0.0795 0.2940
1 0.4888 0.5753 0.0790 0.2721
1 0.0579 0.5840 0.0983 0.3805
1 0.8007 0.6509 0.0777 0.1554
1 0.3165 0.5339 0.0324 0.1542
1 0.3469 0.5422 0.0588 0.1764
1 0.7331 0.5790 0.0715 0.2034
1 0.4308 0.5413 0.0316 0.1692
1 0.3925 0.5395 0.0422 0.1810
1 0.2425 0.5354 0.0321 0.1425
1 0.2185 0.5409 0.0428 0.1616
36 0.0470 0.7664 0.0940 0.0634
36 0.1190 0.6759 0.0585 0.0308
36 0.4731 0.7053 0.0479 0.0195
36 0.1339 0.6210 0.0327 0.0126
1 0.1905 0.5263 0.0307 0.1409
36 0.3328 0.6269 0.0513 0.0235
36 0.2782 0.6185 0.0676 0.0204
36 0.1891 0.6164 0.0338 0.0084
36 0.5479 0.7148 0.0525 0.0158
35 0.6106 0.8022 0.1374 0.0373
1 0.2836 0.5552 0.5672 0.2687
