77 0.2232 0.6554 0.0288 0.0974
1 0.2766 0.7247 0.3134 0.5281
1 0.4962 0.8502 0.2429 0.2996
1 0.7304 0.8535 0.3348 0.2757
1 0.7749 0.6674 0.2393 0.3677
1 0.6147 0.6776 0.0907 0.2005
1 0.4704 0.5892 0.1546 0.4709
1 0.3865 0.6209 0.0916 0.2360
1 0.0793 0.6882 0.1460 0.3553
1 0.5780 0.6258 0.0615 0.1641
1 0.1760 0.6117 0.0748 0.1707
1 0.2641 0.3980 0.0807 0.1490
1 0.1049 0.8163 0.1619 0.3675
1 0.6996 0.5224 0.0289 0.0633
8 0.3509 0.4460 0.1136 0.0581
10 0.7049 0.3360 0.0320 0.0841
10 0.2798 0.1905 0.0529 0.1690
31 0.2664 0.4124 0.0425 0.1118
1 0.5133 0.7061 0.9703 0.5831
