16 0.7878 0.4028 0.0345 0.0144
16 0.8965 0.3709 0.0436 0.0278
16 0.8393 0.3821 0.0576 0.0271
16 0.3786 0.4561 0.0413 0.0253
16 0.6685 0.4792 0.0375 0.0089
16 0.5495 0.4920 0.0252 0.0154
62 0.2901 0.8620 0.0890 0.0808
62 0.1757 0.8423 0.2589 0.2052
62 0.6152 0.8941 0.1397 0.1214
62 0.0784 0.8651 0.1550 0.1566
1 0.7879 0.9286 0.0417 0.0577
1 0.7669 0.9270 0.0274 0.0595
1 0.6258 0.8966 0.0968 0.0578
16 0.5074 0.4680 0.0300 0.0201
28 0.1917 0.5536 0.3272 0.1408
28 0.3792 0.7677 0.2028 0.2639
28 0.5720 0.7934 0.1537 0.1342
28 0.8148 0.8611 0.0758 0.0449
16 0.4613 0.4780 0.0404 0.0101
16 0.4893 0.4538 0.0416 0.0222
16 0.2853 0.4675 0.0411 0.0243
16 0.4118 0.4657 0.0432 0.0219
16 0.4073 0.4646 0.0385 0.0083
16 0.7159 0.4645 0.0323 0.0144
28 0.7996 0.8420 0.1107 0.0449
28 0.6966 0.8127 0.1298 0.1647
62 0.7740 0.9405 0.0175 0.0332
1 0.9638 0.9656 0.0268 0.0256
1 0.5650 0.9112 0.0506 0.0312
62 0.3946 0.8813 0.1915 0.1130
16 0.6168 0.5247 0.0314 0.0107
16 0.3914 0.4381 0.4547 0.1939
