8 0.5874 0.3416 0.4500 0.3146
35 0.6995 0.6667 0.0406 0.4692
27 0.3289 0.5239 0.0707 0.0868
27 0.5334 0.5019 0.0691 0.0876
1 0.1350 0.6825 0.1566 0.3176
1 0.5149 0.7112 0.1129 0.2809
1 0.4577 0.6755 0.1021 0.2272
1 0.8074 0.7241 0.2162 0.5225
1 0.2352 0.6833 0.0994 0.2807
1 0.7006 0.5654 0.0614 0.2095
1 0.1348 0.5090 0.1584 0.2359
1 0.5946 0.6308 0.0896 0.3844
1 0.2452 0.5067 0.0994 0.2809
1 0.5292 0.5322 0.0713 0.1917
1 0.7503 0.6788 0.1086 0.4764
1 0.3473 0.6797 0.1209 0.2934
27 0.2432 0.4534 0.0598 0.0561
27 0.4602 0.5231 0.0492 0.0694
27 0.1169 0.6699 0.1079 0.1341
36 0.4292 0.7764 0.2145 0.1902
1 0.6498 0.6009 0.0631 0.3276
35 0.6176 0.6695 0.0546 0.3240
36 0.7346 0.6121 0.2185 0.3778
1 0.3937 0.5646 0.2094 0.2958
