67 0.1820 0.8294 0.3547 0.2706
67 0.1689 0.6765 0.1892 0.0681
67 0.7942 0.7434 0.2384 0.3716
44 0.0671 0.6748 0.0199 0.0660
44 0.8704 0.5752 0.0103 0.0400
62 0.7507 0.7299 0.0548 0.1115
62 0.8486 0.8293 0.1080 0.2156
62 0.9537 0.8793 0.0925 0.2413
51 0.3590 0.7173 0.0359 0.0360
52 0.5462 0.7633 0.0349 0.0398
51 0.4247 0.7058 0.0635 0.0586
62 0.6960 0.8220 0.0943 0.2001
67 0.4074 0.9258 0.4566 0.1213
67 0.4369 0.6662 0.1253 0.1988
62 0.7045 0.7059 0.0591 0.0460
82 0.1258 0.5340 0.0817 0.2081
82 0.2001 0.5091 0.0759 0.2545
