19 0.2591 0.6032 0.5182 0.7634
19 0.7865 0.5108 0.1054 0.5689
19 0.6694 0.5090 0.1853 0.6533
19 0.8694 0.5215 0.1130 0.4796
19 0.6321 0.3462 0.1264 0.2397
19 0.4911 0.2807 0.1844 0.2571
1 0.2404 0.3298 0.1337 0.6390
1 0.3073 0.1521 0.1126 0.2770
1 0.3755 0.1903 0.0995 0.1833
1 0.5812 0.1793 0.0797 0.1897
1 0.7755 0.2241 0.0981 0.2325
1 0.9683 0.2743 0.0630 0.2031
19 0.9685 0.5190 0.0631 0.3809
19 0.9146 0.5146 0.0853 0.4360
1 0.6922 0.2308 0.0760 0.1291
1 0.4233 0.1812 0.0573 0.1672
1 0.1318 0.3132 0.0324 0.0499
1 0.4497 0.1239 0.0598 0.1601
1 0.4824 0.1410 0.0487 0.0848
1 0.6073 0.1767 0.0292 0.0622
1 0.0392 0.3355 0.0104 0.0492
1 0.6977 0.1733 0.4766 0.2354
