5 0.5208 0.4382 0.9539 0.4404
1 0.8864 0.6801 0.0348 0.1110
1 0.2232 0.6603 0.0415 0.0721
1 0.1363 0.6515 0.0427 0.0808
1 0.5230 0.6734 0.0282 0.0875
1 0.2037 0.6364 0.0149 0.0436
1 0.4250 0.6678 0.0365 0.0848
1 0.4671 0.6448 0.0225 0.0459
1 0.4889 0.6387 0.0214 0.0305
1 0.6010 0.6437 0.0233 0.0394
1 0.6715 0.6621 0.0281 0.0427
1 0.2915 0.6573 0.0128 0.0722
3 0.9151 0.6946 0.0649 0.0877
3 0.0239 0.6278 0.0479 0.0392
11 0.6912 0.7942 0.0338 0.1001
4 0.7319 0.6908 0.0447 0.0818
4 0.6780 0.6956 0.0543 0.0653
4 0.6201 0.6944 0.0456 0.0561
4 0.5662 0.6939 0.0239 0.0534
4 0.5146 0.6944 0.0434 0.0578
4 0.4542 0.6884 0.0351 0.0539
4 0.7794 0.7043 0.0479 0.0547
4 0.2195 0.6710 0.0953 0.0782
4 0.1318 0.6700 0.0928 0.0740
4 0.3254 0.6773 0.0755 0.0716
4 0.8425 0.6984 0.0580 0.0731
4 0.4124 0.6876 0.0423 0.0586
1 0.7310 0.6570 0.0315 0.0522
1 0.5837 0.6676 0.0460 0.0781
1 0.5820 0.6750 0.5734 0.1208
4 0.4695 0.6917 0.1828 0.0458
