67 0.6919 0.8136 0.6152 0.3506
1 0.3673 0.1744 0.0643 0.2498
1 0.5347 0.5625 0.5119 0.8750
1 0.2994 0.2267 0.0377 0.1519
1 0.5613 0.0586 0.0422 0.0841
1 0.7306 0.1067 0.0660 0.2132
1 0.3130 0.1186 0.0487 0.0938
1 0.4435 0.1025 0.0639 0.1038
1 0.0870 0.2275 0.0557 0.3085
27 0.5543 0.0790 0.0289 0.0564
1 0.0869 0.1065 0.0492 0.1120
1 0.5089 0.0796 0.0260 0.0523
47 0.6819 0.1421 0.0211 0.0360
47 0.7059 0.1612 0.0252 0.0596
58 0.5464 0.4737 0.1094 0.1150
1 0.6244 0.1045 0.1433 0.2000
1 0.5216 0.1021 0.0837 0.1087
54 0.6079 0.9279 0.0943 0.1441
