85 0.5722 0.3401 0.0539 0.0722
3 0.4281 0.8701 0.0291 0.0337
3 0.3840 0.8719 0.0288 0.0316
10 0.3472 0.8191 0.0169 0.0337
10 0.5152 0.8185 0.0077 0.0221
10 0.5291 0.8206 0.0066 0.0212
1 0.4814 0.8648 0.0155 0.0416
1 0.5911 0.8618 0.0124 0.0470
1 0.6013 0.8583 0.0111 0.0538
1 0.4667 0.8688 0.0135 0.0304
1 0.4461 0.8672 0.0132 0.0378
1 0.5361 0.8698 0.0093 0.0334
6 0.4677 0.8392 0.0270 0.0357
28 0.2168 0.7963 0.0324 0.0324
28 0.1618 0.7812 0.0178 0.0185
1 0.4138 0.8707 0.0105 0.0312
6 0.4135 0.8361 0.0291 0.0295
6 0.5846 0.8438 0.0225 0.0468
1 0.4516 0.8655 0.0097 0.0344
10 0.4891 0.8158 0.0063 0.0171
1 0.4941 0.8762 0.0065 0.0202
10 0.4825 0.8259 0.0115 0.0411
10 0.4906 0.8226 0.0060 0.0293
