2 0.5785 0.7251 0.8430 0.5498
1 0.6442 0.3919 0.4811 0.3011
1 0.1398 0.5212 0.0641 0.0340
1 0.2955 0.4693 0.1138 0.0695
1 0.8574 0.2000 0.1948 0.1517
1 0.6413 0.2483 0.0849 0.0487
1 0.2511 0.4727 0.0613 0.0378
1 0.2018 0.5001 0.0582 0.0393
10 0.2352 0.1993 0.0725 0.0469
10 0.2080 0.2140 0.0757 0.0526
27 0.6834 0.3088 0.1323 0.0751
27 0.8730 0.2021 0.0684 0.0371
2 0.2642 0.4999 0.0455 0.0385
2 0.2113 0.5137 0.0678 0.0382
31 0.6458 0.2494 0.0497 0.0129
31 0.6901 0.3109 0.1545 0.0789
1 0.6103 0.2516 0.0302 0.0319
1 0.3996 0.3790 0.0325 0.0244
1 0.3063 0.7085 0.6126 0.5190
1 0.3312 0.4287 0.0589 0.0442
