3 0.7110 0.4559 0.0214 0.1017
3 0.7659 0.4306 0.0334 0.0612
3 0.7211 0.4278 0.0240 0.0521
6 0.5374 0.4457 0.3296 0.5236
1 0.0449 0.5093 0.0536 0.2951
1 0.2059 0.4665 0.0450 0.1900
1 0.1115 0.4837 0.0634 0.2832
1 0.3705 0.4337 0.0258 0.1101
1 0.8280 0.4106 0.0207 0.0538
1 0.9651 0.5061 0.0698 0.3132
1 0.1626 0.4743 0.0399 0.1847
1 0.0141 0.5147 0.0282 0.2605
1 0.7884 0.4472 0.0304 0.1438
1 0.2805 0.4370 0.0207 0.1008
1 0.8093 0.4043 0.0218 0.0676
1 0.2336 0.4547 0.0312 0.1530
3 0.1991 0.4318 0.0660 0.0750
1 0.2434 0.3884 0.0085 0.0230
3 0.1456 0.4115 0.0117 0.0231
3 0.7881 0.4394 0.0303 0.0726
