64 0.6796 0.8015 0.1440 0.1746
64 0.8989 0.6136 0.0656 0.0768
64 0.7891 0.6412 0.0433 0.1114
64 0.8283 0.7507 0.1017 0.0763
1 0.4911 0.6977 0.1693 0.3554
1 0.2602 0.6459 0.0982 0.2265
1 0.4384 0.5860 0.0469 0.0996
1 0.6480 0.5634 0.0337 0.0300
1 0.5500 0.5607 0.0248 0.0304
1 0.5920 0.6099 0.0404 0.0592
85 0.5058 0.2533 0.0617 0.0631
85 0.4391 0.2538 0.0559 0.0658
31 0.4537 0.7709 0.1037 0.1136
31 0.3105 0.6781 0.0660 0.0833
1 0.4229 0.5593 0.0316 0.0326
1 0.6647 0.5933 0.0477 0.0349
1 0.8265 0.4380 0.0149 0.0240
31 0.2280 0.6916 0.0368 0.0704
1 0.3792 0.6831 0.1420 0.3117
1 0.0664 0.7515 0.1328 0.4970
64 0.8232 0.8284 0.0748 0.0595
64 0.8766 0.6757 0.2044 0.0899
64 0.6361 0.6385 0.0952 0.0659
