3 0.5094 0.5640 0.0539 0.0741
4 0.7139 0.6004 0.0383 0.0715
4 0.7365 0.5701 0.0136 0.0478
4 0.5245 0.6696 0.0837 0.1686
4 0.6515 0.6165 0.0390 0.0937
4 0.7149 0.5476 0.0160 0.0289
6 0.6205 0.5235 0.1753 0.1849
1 0.5299 0.6279 0.0769 0.1863
1 0.6501 0.5794 0.0464 0.1016
1 0.7375 0.5506 0.0196 0.0675
1 0.5276 0.5983 0.0263 0.0404
1 0.7200 0.5729 0.0333 0.0906
1 0.8675 0.5684 0.0321 0.1264
1 0.9090 0.5693 0.0295 0.1049
27 0.8673 0.5560 0.0222 0.0639
1 0.9438 0.5683 0.0424 0.1146
1 0.6662 0.5795 0.0189 0.0944
1 0.8998 0.5432 0.0192 0.0836
1 0.5610 0.5959 0.0300 0.1248
1 0.3633 0.5604 0.0176 0.0321
1 0.6453 0.5608 0.0167 0.0170
