1 0.7239 0.5491 0.5343 0.7663
47 0.2814 0.8822 0.1082 0.2357
51 0.7349 0.9675 0.1418 0.0650
61 0.3105 0.7418 0.2588 0.1856
44 0.4527 0.3013 0.0325 0.1292
44 0.4044 0.3122 0.0274 0.1026
44 0.4283 0.3042 0.0225 0.1201
67 0.5008 0.8270 0.9983 0.3236
44 0.1054 0.3249 0.0198 0.0877
44 0.4402 0.1159 0.0381 0.0472
44 0.4358 0.1985 0.0502 0.0261
44 0.3515 0.1708 0.0134 0.0217
44 0.3466 0.1436 0.0255 0.0283
47 0.2037 0.8499 0.0677 0.1130
51 0.2295 0.8678 0.1155 0.1506
77 0.7160 0.6986 0.1129 0.1578
1 0.9775 0.8372 0.0450 0.2660
44 0.0489 0.3250 0.0177 0.0834
62 0.4568 0.6501 0.0501 0.2380
1 0.2727 0.4584 0.4247 0.5688
1 0.0521 0.4495 0.1015 0.4147
44 0.4364 0.1575 0.0506 0.0435
