85 0.4253 0.4131 0.1015 0.1571
85 0.1996 0.2521 0.0583 0.0857
3 0.6159 0.1646 0.0874 0.0463
6 0.0789 0.0904 0.1229 0.0894
10 0.4790 0.0992 0.0107 0.0312
10 0.0624 0.0938 0.0133 0.0199
10 0.4619 0.0985 0.0105 0.0362
1 0.6649 0.6382 0.0552 0.2170
1 0.5125 0.6321 0.0759 0.2257
1 0.2524 0.4234 0.0294 0.1507
1 0.6086 0.4532 0.0255 0.1420
1 0.2975 0.5376 0.0384 0.1818
1 0.3726 0.5449 0.0362 0.1720
1 0.1591 0.5162 0.0291 0.1626
85 0.8032 0.3432 0.0730 0.1117
85 0.5323 0.2878 0.0555 0.0871
1 0.5461 0.5331 0.0293 0.1777
1 0.6279 0.5928 0.0372 0.1839
1 0.4286 0.2874 0.0279 0.0975
1 0.6458 0.4707 0.0303 0.1300
1 0.5154 0.1807 0.0225 0.0565
1 0.3453 0.3621 0.6031 0.4533
