20 0.5406 0.6209 0.0563 0.1550
20 0.6032 0.5986 0.0267 0.1227
20 0.6331 0.5888 0.0289 0.1182
20 0.4787 0.6270 0.0409 0.1512
20 0.4612 0.6156 0.0285 0.1573
20 0.5078 0.6172 0.0278 0.1340
20 0.4383 0.6189 0.0272 0.1357
20 0.3202 0.6375 0.0385 0.1320
20 0.2818 0.6234 0.0606 0.1563
20 0.3267 0.5667 0.0342 0.0602
20 0.5006 0.5261 0.0355 0.0203
3 0.8976 0.5516 0.1521 0.2387
4 0.5568 0.5067 0.0648 0.0503
1 0.4068 0.5329 0.0756 0.3609
1 0.5573 0.4815 0.0532 0.0944
1 0.7750 0.5378 0.1383 0.3991
1 0.4954 0.4612 0.0449 0.1350
1 0.6757 0.5066 0.0831 0.2223
1 0.8572 0.4766 0.0405 0.0505
1 0.9214 0.4778 0.0380 0.0444
4 0.7782 0.6301 0.1485 0.3336
4 0.6747 0.5876 0.0799 0.1829
8 0.8570 0.4148 0.1356 0.0670
1 0.8964 0.4180 0.0149 0.0176
20 0.5799 0.6054 0.0329 0.1424
20 0.3756 0.6316 0.0221 0.1354
20 0.6248 0.5771 0.0292 0.1027
20 0.2248 0.6169 0.0485 0.1539
