2 0.1640 0.4706 0.0448 0.1305
3 0.8981 0.6183 0.1981 0.2696
3 0.0578 0.4518 0.1138 0.1284
1 0.7231 0.5182 0.1537 0.5493
1 0.2977 0.4831 0.0688 0.2966
1 0.4581 0.4679 0.0173 0.0741
1 0.4418 0.4678 0.0226 0.0829
1 0.4065 0.4667 0.0163 0.0725
10 0.2760 0.1699 0.0232 0.1090
27 0.1592 0.4338 0.0247 0.0411
31 0.7575 0.4469 0.0573 0.2416
1 0.3361 0.4704 0.0207 0.1172
1 0.1633 0.4511 0.0428 0.0935
6 0.1218 0.4249 0.2424 0.1243
10 0.6345 0.1255 0.0276 0.1063
14 0.8603 0.4200 0.0356 0.1103
7 0.1272 0.4227 0.2524 0.1281
27 0.7587 0.5224 0.0577 0.1046
31 0.4516 0.4859 0.0069 0.0266
