4 0.3250 0.8405 0.5356 0.3190
4 0.7612 0.8198 0.1913 0.2210
4 0.7945 0.7732 0.1706 0.1875
4 0.8016 0.7475 0.1600 0.1912
4 0.6113 0.7322 0.1783 0.1653
3 0.9200 0.6879 0.0788 0.0879
3 0.5107 0.7011 0.1416 0.1034
4 0.8416 0.7393 0.1404 0.1706
64 0.0433 0.7198 0.0638 0.0710
3 0.6128 0.6786 0.1224 0.0987
3 0.6957 0.6751 0.0636 0.0649
3 0.8536 0.6547 0.0348 0.0332
3 0.8824 0.6478 0.0313 0.0337
3 0.9571 0.6792 0.0299 0.0739
3 0.9042 0.6375 0.0271 0.0183
3 0.8161 0.6577 0.0535 0.0448
3 0.9619 0.6583 0.0395 0.0716
4 0.5758 0.8363 0.3152 0.2866
64 0.4614 0.6297 0.0140 0.0445
64 0.0367 0.2227 0.0294 0.0446
64 0.1144 0.2482 0.0322 0.0388
64 0.1418 0.6891 0.0422 0.0395
64 0.4313 0.6235 0.0207 0.0619
64 0.5968 0.4467 0.0201 0.0234
64 0.4803 0.6229 0.0442 0.0492
64 0.5451 0.6204 0.0235 0.0517
64 0.5899 0.6127 0.0370 0.0355
64 0.5626 0.6141 0.0240 0.0344
