3 0.1520 0.5931 0.0659 0.0699
3 0.0678 0.5911 0.0405 0.0378
3 0.0306 0.5839 0.0295 0.0289
3 0.9247 0.4994 0.1068 0.0610
4 0.2404 0.6370 0.2332 0.3722
1 0.3762 0.5734 0.0434 0.1083
1 0.4196 0.5902 0.0726 0.1691
4 0.3704 0.6085 0.0430 0.1116
4 0.7289 0.5992 0.2718 0.2062
4 0.4219 0.6401 0.0845 0.1406
1 0.3178 0.5882 0.0455 0.0969
1 0.2319 0.6235 0.1713 0.3432
3 0.7791 0.5021 0.0287 0.0277
3 0.3968 0.5456 0.0187 0.0162
3 0.0555 0.5818 0.0212 0.0280
4 0.3207 0.5985 0.0427 0.1070
1 0.7292 0.5725 0.2671 0.4157
