67 0.2956 0.8450 0.5913 0.2921
1 0.3701 0.6118 0.2862 0.5659
1 0.5630 0.5383 0.2015 0.7725
1 0.7794 0.6635 0.4412 0.6697
1 0.8167 0.4833 0.2557 0.7281
51 0.3485 0.9629 0.1321 0.0741
55 0.0685 0.7843 0.0949 0.1308
55 0.1749 0.8212 0.0960 0.1365
55 0.1218 0.9052 0.1008 0.1166
50 0.3682 0.9247 0.0344 0.1187
50 0.1688 0.9604 0.0495 0.0442
51 0.1307 0.9450 0.1363 0.1100
55 0.0159 0.8237 0.0319 0.0464
55 0.6897 0.5881 0.0289 0.0379
55 0.0407 0.9036 0.0814 0.1594
47 0.2228 0.7715 0.0622 0.1681
47 0.3430 0.9605 0.1262 0.0743
55 0.6576 0.5808 0.0243 0.0374
55 0.0997 0.8360 0.0618 0.0604
62 0.1617 0.6450 0.1807 0.2258
