63 0.7707 0.7086 0.4586 0.5828
1 0.8119 0.6255 0.3667 0.7124
1 0.5212 0.5323 0.1521 0.3386
62 0.0791 0.7173 0.1275 0.1683
64 0.6028 0.3859 0.0988 0.1552
73 0.5542 0.6785 0.1830 0.2054
73 0.4104 0.6495 0.1293 0.2032
51 0.3755 0.7369 0.0944 0.0442
84 0.2210 0.1289 0.0156 0.0670
84 0.1407 0.1967 0.0073 0.0756
84 0.2126 0.5541 0.0181 0.0776
84 0.2122 0.2868 0.0382 0.0712
84 0.1578 0.1181 0.0419 0.0755
84 0.2130 0.3630 0.0400 0.0704
84 0.2259 0.2098 0.0034 0.0615
84 0.1592 0.2803 0.0075 0.0696
84 0.1704 0.2830 0.0064 0.0677
84 0.1573 0.3594 0.0416 0.0743
84 0.1575 0.4478 0.0410 0.0747
84 0.2127 0.4480 0.0056 0.0703
62 0.4482 0.8697 0.2357 0.2605
72 0.0321 0.5306 0.0641 0.2212
84 0.1650 0.2823 0.0051 0.0686
84 0.1340 0.4865 0.2120 0.7868
