54 0.2937 0.8262 0.2509 0.1555
54 0.2994 0.7542 0.2918 0.1188
62 0.8264 0.3694 0.0560 0.0852
62 0.9264 0.4338 0.1471 0.1891
62 0.7574 0.3476 0.0852 0.0903
67 0.5014 0.8786 0.9971 0.2428
10 0.9627 0.1151 0.0467 0.0899
1 0.4694 0.4047 0.8046 0.7511
1 0.9268 0.3607 0.1463 0.2565
1 0.8037 0.2753 0.0371 0.0407
1 0.7105 0.2699 0.0195 0.0211
10 0.9880 0.1882 0.0155 0.0185
28 0.8584 0.2087 0.2166 0.0983
28 0.9345 0.2225 0.1301 0.0560
28 0.7910 0.2249 0.1638 0.0683
47 0.9505 0.8435 0.0989 0.3130
62 0.6746 0.3164 0.0382 0.0380
62 0.4752 0.7458 0.7851 0.0554
1 0.8673 0.2940 0.0936 0.0830
1 0.7395 0.2810 0.0962 0.0561
1 0.8309 0.2970 0.0664 0.0926
10 0.8950 0.1232 0.0403 0.0837
1 0.9354 0.2637 0.0243 0.0283
67 0.8480 0.3424 0.0604 0.0148
67 0.7555 0.3101 0.1344 0.0139
1 0.3331 0.2758 0.1111 0.1273
1 0.7764 0.2804 0.0475 0.0583
