18 0.8152 0.9832 0.0666 0.0334
38 0.3278 0.2258 0.0650 0.0891
38 0.5202 0.3181 0.0308 0.0685
38 0.7372 0.5447 0.0287 0.0504
1 0.7150 0.8420 0.0195 0.0344
1 0.9874 0.9437 0.0251 0.0543
1 0.8661 0.8719 0.0248 0.0602
1 0.8996 0.8957 0.0178 0.0282
1 0.5589 0.9049 0.0282 0.0987
1 0.5350 0.9041 0.0276 0.1007
9 0.4547 0.6158 0.0305 0.0284
9 0.6855 0.6406 0.0845 0.0189
9 0.7974 0.6216 0.0334 0.0093
31 0.6592 0.8035 0.0081 0.0166
1 0.6791 0.7859 0.0098 0.0398
1 0.6537 0.8097 0.0119 0.0442
1 0.6183 0.8061 0.0092 0.0541
1 0.7426 0.8502 0.0093 0.0168
1 0.9606 0.9661 0.0252 0.0678
1 0.6713 0.7885 0.0092 0.0412
28 0.8196 0.8918 0.0516 0.0622
1 0.4805 0.8126 0.9609 0.3466
