28 0.1246 0.3525 0.1258 0.0471
28 0.6142 0.3551 0.0586 0.0469
28 0.4027 0.3563 0.1042 0.0424
28 0.0201 0.3796 0.0401 0.0314
28 0.2297 0.3410 0.1489 0.0680
38 0.6271 0.6342 0.0909 0.2337
1 0.4888 0.6762 0.2360 0.6476
1 0.7223 0.6408 0.1530 0.7130
1 0.3008 0.6140 0.1682 0.6674
1 0.8344 0.5730 0.0719 0.3846
1 0.8972 0.4247 0.0388 0.1120
1 0.9690 0.3851 0.0273 0.0612
1 0.6520 0.5202 0.0716 0.3496
1 0.9728 0.5183 0.0534 0.2399
1 0.0255 0.5559 0.0479 0.3246
1 0.4531 0.5093 0.0754 0.3094
1 0.1081 0.6033 0.0795 0.4243
8 0.9326 0.3352 0.1347 0.1496
1 0.1752 0.5771 0.0806 0.4166
28 0.6569 0.3673 0.0321 0.0473
28 0.4742 0.3544 0.0567 0.0385
28 0.1682 0.3816 0.0803 0.0252
28 0.3874 0.3953 0.0544 0.0514
38 0.2294 0.4484 0.0663 0.1238
38 0.1161 0.4218 0.0375 0.0527
1 0.8659 0.4182 0.0604 0.1351
38 0.3881 0.4945 0.0644 0.1479
38 0.0976 0.5210 0.0567 0.0814
38 0.6993 0.5292 0.0797 0.1268
38 0.6080 0.7192 0.0592 0.2547
1 0.4508 0.5240 0.8297 0.3771
