28 0.6041 0.5503 0.2081 0.2657
1 0.1441 0.8822 0.2848 0.2090
1 0.0929 0.5113 0.1365 0.1078
1 0.1675 0.4314 0.0404 0.0357
1 0.1163 0.3837 0.0148 0.0165
1 0.2604 0.4054 0.0130 0.0446
1 0.1524 0.3802 0.0256 0.0246
1 0.4915 0.3813 0.0092 0.0349
1 0.5214 0.4082 0.0108 0.0464
1 0.6847 0.6508 0.1033 0.0709
1 0.4451 0.4189 0.0089 0.0170
1 0.2204 0.4407 0.0677 0.0312
1 0.4031 0.4165 0.0102 0.0524
9 0.6586 0.4017 0.0291 0.0102
1 0.4437 0.3797 0.0132 0.0331
15 0.0214 0.3741 0.0427 0.0090
1 0.5891 0.4135 0.8094 0.1854
