19 0.5347 0.5023 0.1134 0.2349
2 0.2833 0.5571 0.0644 0.1609
1 0.7348 0.5180 0.0539 0.2090
1 0.8174 0.5067 0.0573 0.2135
1 0.2861 0.4945 0.0778 0.1790
1 0.2109 0.5932 0.0204 0.0650
1 0.1240 0.6074 0.0285 0.0750
1 0.1507 0.6084 0.0169 0.0411
1 0.3361 0.5798 0.0294 0.0840
1 0.2359 0.6126 0.0176 0.0297
1 0.0761 0.6111 0.0114 0.0355
1 0.4587 0.3771 0.0623 0.0991
2 0.0459 0.6259 0.0216 0.0298
2 0.2123 0.6105 0.0140 0.0397
1 0.3015 0.5755 0.0187 0.0955
1 0.4035 0.4368 0.0257 0.0358
1 0.1773 0.5896 0.3078 0.1083
