3 0.9597 0.7617 0.0203 0.0195
3 0.9391 0.7615 0.0138 0.0147
3 0.9043 0.9047 0.0278 0.0252
9 0.2564 0.3681 0.0378 0.0278
9 0.4016 0.3974 0.0794 0.0543
9 0.6166 0.5245 0.0737 0.0439
9 0.6213 0.4367 0.0638 0.0246
9 0.3704 0.2703 0.0088 0.0051
9 0.7552 0.2107 0.0300 0.0165
9 0.6443 0.2490 0.0205 0.0099
9 0.6207 0.6593 0.0361 0.0318
9 0.0940 0.3292 0.0340 0.0188
3 0.9881 0.7272 0.0105 0.0179
9 0.1593 0.3763 0.0427 0.0276
9 0.2382 0.4386 0.0381 0.0272
10 0.5880 0.8888 0.0073 0.0157
3 0.9193 0.8103 0.0237 0.0247
9 0.7825 0.5152 0.0410 0.0292
9 0.5312 0.4665 0.9344 0.6109
