63 0.5008 0.6290 0.9984 0.6387
62 0.8970 0.5315 0.2060 0.4482
62 0.0484 0.6492 0.0968 0.3544
62 0.0757 0.7051 0.1514 0.5037
73 0.5858 0.8356 0.4872 0.1870
1 0.2284 0.6729 0.3220 0.6543
1 0.3818 0.4584 0.2018 0.7371
1 0.6452 0.4417 0.4615 0.8565
1 0.9278 0.3907 0.1432 0.6265
1 0.1586 0.3276 0.0611 0.1029
1 0.7409 0.2012 0.0625 0.1295
1 0.2744 0.3078 0.0440 0.0852
1 0.2464 0.3164 0.0408 0.0498
1 0.8342 0.1831 0.1278 0.3214
1 0.7064 0.2112 0.0538 0.1124
1 0.2044 0.3241 0.0405 0.0541
1 0.6595 0.1967 0.0498 0.0606
62 0.0959 0.4334 0.0961 0.1102
62 0.9827 0.4902 0.0347 0.3351
1 0.3074 0.2830 0.0323 0.0799
1 0.4992 0.2808 0.9984 0.4154
