1 0.2233 0.8678 0.0306 0.0495
1 0.2040 0.8675 0.0274 0.0551
1 0.6741 0.7289 0.0136 0.0169
1 0.6013 0.7685 0.0143 0.0542
1 0.5549 0.7713 0.0133 0.0371
1 0.5801 0.7541 0.0165 0.0376
9 0.8859 0.7689 0.0465 0.0700
9 0.8370 0.7719 0.0549 0.0710
9 0.2174 0.9067 0.1011 0.0472
9 0.7031 0.7694 0.0359 0.0678
9 0.9286 0.7691 0.0454 0.0665
9 0.9721 0.7666 0.0421 0.0684
9 0.7756 0.7694 0.0773 0.0704
9 0.7406 0.7704 0.0425 0.0643
9 0.4420 0.7993 0.0275 0.0247
9 0.4213 0.7969 0.0167 0.0239
9 0.3995 0.8003 0.0290 0.0211
1 0.3676 0.7589 0.0234 0.0271
1 0.6910 0.7299 0.0109 0.0113
9 0.4682 0.7976 0.0268 0.0202
9 0.1961 0.8021 0.3922 0.0458
