67 0.4980 0.5672 0.2278 0.3319
1 0.2856 0.8053 0.3912 0.3386
1 0.6566 0.2899 0.2805 0.4809
1 0.0576 0.1256 0.1152 0.2374
1 0.3664 0.2483 0.2582 0.4921
47 0.4529 0.4283 0.0322 0.0542
48 0.6766 0.7263 0.0326 0.0562
27 0.5357 0.8916 0.1518 0.2167
27 0.8940 0.9164 0.1791 0.1671
62 0.1504 0.5698 0.3009 0.3612
1 0.7498 0.7598 0.4563 0.4803
48 0.5629 0.4680 0.0163 0.0195
62 0.1322 0.0765 0.1480 0.1531
62 0.7572 0.4321 0.1840 0.2498
62 0.2682 0.8286 0.4019 0.3117
62 0.8079 0.8571 0.3842 0.2546
62 0.3588 0.2212 0.2838 0.4387
49 0.5479 0.4666 0.0228 0.0412
1 0.2008 0.4543 0.3897 0.4400
