44 0.0812 0.5256 0.0735 0.1090
44 0.2624 0.5242 0.0685 0.1173
44 0.2809 0.6954 0.0493 0.1277
44 0.2141 0.6993 0.0423 0.1301
44 0.1695 0.7116 0.0499 0.1227
44 0.1476 0.5164 0.0439 0.1334
1 0.4501 0.5304 0.2483 0.6621
1 0.7883 0.4937 0.2104 0.5918
1 0.9028 0.5572 0.0913 0.4683
1 0.2181 0.4223 0.0414 0.2146
1 0.6452 0.4570 0.0678 0.1453
34 0.4778 0.2473 0.0610 0.0237
1 0.6303 0.4105 0.0559 0.2041
1 0.5233 0.4378 0.0614 0.2519
1 0.5576 0.4321 0.0410 0.1921
1 0.0133 0.4721 0.0266 0.1020
1 0.0953 0.4079 0.0624 0.1800
1 0.3812 0.4145 0.0456 0.1917
1 0.6872 0.4341 0.0287 0.1070
1 0.2835 0.4145 0.0550 0.1811
