65 0.2784 0.5117 0.2769 0.2247
62 0.4347 0.8937 0.2620 0.1798
62 0.5946 0.7545 0.1358 0.4527
62 0.8069 0.7299 0.1132 0.4135
62 0.8928 0.8447 0.2145 0.2886
67 0.6650 0.7788 0.3849 0.4409
1 0.4717 0.4711 0.1087 0.3974
46 0.7221 0.6149 0.0235 0.0843
51 0.6686 0.5951 0.0447 0.0366
78 0.7760 0.2961 0.1150 0.0975
79 0.7642 0.4775 0.1481 0.2443
1 0.4233 0.5932 0.0931 0.2942
62 0.1720 0.4619 0.1069 0.1008
55 0.8485 0.4153 0.0101 0.0108
79 0.8603 0.5453 0.1072 0.2163
65 0.1433 0.7451 0.2283 0.4845
46 0.7098 0.5936 0.0220 0.0767
