1 0.6057 0.5698 0.5967 0.5270
1 0.8069 0.4114 0.0930 0.0909
1 0.7953 0.4274 0.0630 0.1391
35 0.4910 0.8533 0.3059 0.0884
35 0.7780 0.4375 0.0681 0.2099
1 0.5672 0.3726 0.0231 0.0548
36 0.7950 0.5236 0.0326 0.0345
36 0.6001 0.5559 0.0249 0.0111
1 0.7051 0.3535 0.0137 0.0685
1 0.3048 0.4460 0.0395 0.1627
1 0.2766 0.4299 0.0324 0.1313
1 0.6029 0.4290 0.0358 0.1855
1 0.6316 0.3879 0.0243 0.1070
1 0.6165 0.3509 0.0141 0.0548
1 0.6568 0.3359 0.0212 0.0615
1 0.6846 0.3366 0.0165 0.0608
1 0.7341 0.3741 0.0275 0.0925
35 0.7378 0.4245 0.0156 0.1724
35 0.2984 0.5194 0.0483 0.0113
1 0.5914 0.4343 0.4016 0.2817
