2 0.4648 0.7933 0.1483 0.3419
8 0.7508 0.4232 0.4972 0.5955
1 0.1173 0.5976 0.1169 0.4500
1 0.2454 0.6018 0.0682 0.3391
1 0.3033 0.5669 0.0517 0.3168
1 0.3962 0.6136 0.0972 0.4481
1 0.5634 0.6401 0.1180 0.5753
31 0.6081 0.6289 0.1432 0.2578
1 0.6626 0.6872 0.1682 0.5942
1 0.6983 0.6849 0.0806 0.4665
1 0.0587 0.5666 0.0606 0.3210
1 0.4498 0.5112 0.0484 0.1986
1 0.5015 0.4977 0.0694 0.2562
1 0.2482 0.4572 0.0334 0.0711
1 0.2021 0.6345 0.1012 0.4002
1 0.3349 0.5744 0.0988 0.4064
31 0.3953 0.6019 0.0778 0.1013
1 0.3820 0.5093 0.7600 0.2933
