62 0.4008 0.8319 0.1358 0.3361
62 0.5364 0.8426 0.0520 0.0634
47 0.8972 0.6920 0.0186 0.0365
47 0.9030 0.6654 0.0228 0.0372
67 0.7652 0.8461 0.4652 0.3079
75 0.8692 0.7518 0.0343 0.0166
84 0.7063 0.6828 0.1233 0.0226
84 0.6218 0.7751 0.1482 0.0527
84 0.7056 0.6668 0.1223 0.0198
84 0.7069 0.6470 0.1212 0.0263
84 0.7050 0.7001 0.1227 0.0204
84 0.7044 0.7157 0.1230 0.0228
84 0.7053 0.7334 0.1234 0.0249
84 0.7055 0.7476 0.1193 0.0233
1 0.4374 0.7146 0.2073 0.4719
1 0.5323 0.6097 0.0993 0.2156
1 0.4934 0.5490 0.0631 0.1529
1 0.1612 0.5590 0.1398 0.1880
1 0.0454 0.6280 0.0908 0.2721
1 0.7174 0.5820 0.1180 0.1664
1 0.9360 0.5784 0.1280 0.1640
1 0.8385 0.5866 0.1467 0.1560
47 0.4835 0.6506 0.0075 0.0235
62 0.8809 0.9565 0.0899 0.0869
62 0.0782 0.6062 0.0485 0.0286
73 0.1013 0.7067 0.1771 0.1455
73 0.2525 0.6164 0.1328 0.1027
73 0.9576 0.7175 0.0847 0.1389
73 0.5951 0.5875 0.0511 0.0766
73 0.8097 0.6454 0.0849 0.0735
73 0.9145 0.6285 0.1363 0.0894
73 0.5812 0.6844 0.1363 0.1212
73 0.4544 0.6073 0.0520 0.0795
73 0.3389 0.6172 0.0680 0.0935
84 0.7053 0.7625 0.1225 0.0258
1 0.2827 0.6741 0.1577 0.3942
62 0.6914 0.9456 0.0172 0.0188
47 0.9216 0.7180 0.0260 0.0477
