1 0.2338 0.4933 0.2528 0.7124
1 0.6977 0.3964 0.0748 0.3603
1 0.7823 0.3727 0.0761 0.3874
1 0.8703 0.4634 0.2580 0.6674
1 0.7278 0.1765 0.0320 0.1927
27 0.5291 0.4976 0.0486 0.1021
27 0.4860 0.2558 0.0251 0.0681
1 0.9464 0.1396 0.0344 0.1054
1 0.3881 0.1895 0.0411 0.1784
35 0.2213 0.7927 0.4343 0.0683
35 0.8555 0.7910 0.2380 0.0419
1 0.7653 0.1423 0.0315 0.1158
1 0.5781 0.1834 0.0694 0.1978
1 0.5285 0.1913 0.0335 0.1723
1 0.8749 0.0536 0.0297 0.0854
1 0.4298 0.1585 0.0350 0.1787
1 0.4714 0.3016 0.0463 0.2121
1 0.6570 0.2386 0.6828 0.4772
