32 0.3035 0.5192 0.0353 0.1653
62 0.8919 0.5740 0.2161 0.4708
67 0.9077 0.3771 0.1846 0.2661
1 0.3288 0.6205 0.1998 0.7371
1 0.7489 0.2978 0.1604 0.5910
1 0.9222 0.1436 0.1557 0.1438
1 0.5407 0.1089 0.0633 0.2167
1 0.8377 0.0877 0.0775 0.1754
47 0.9665 0.2999 0.0248 0.0860
47 0.8978 0.2862 0.0268 0.0704
1 0.6454 0.2411 0.0764 0.4751
1 0.9390 0.0713 0.0872 0.1426
33 0.4200 0.7939 0.1097 0.3874
46 0.8637 0.2686 0.0277 0.0954
46 0.9913 0.2955 0.0175 0.0947
47 0.9371 0.2888 0.0306 0.0897
47 0.9928 0.2347 0.0139 0.0585
47 0.9115 0.2377 0.0148 0.0714
1 0.8537 0.0478 0.0465 0.0948
46 0.8437 0.2195 0.0278 0.0777
46 0.9089 0.2064 0.0210 0.0231
46 0.8670 0.1098 0.0142 0.0621
46 0.9717 0.0321 0.0123 0.0173
46 0.9172 0.2250 0.0136 0.0260
47 0.8678 0.2203 0.0257 0.0493
47 0.8792 0.2694 0.0143 0.0543
47 0.9443 0.2418 0.0258 0.0749
47 0.9921 0.3000 0.0159 0.0790
47 0.8905 0.2042 0.0227 0.0383
