62 0.3947 0.4432 0.1198 0.3916
62 0.6269 0.4272 0.1336 0.3884
63 0.1565 0.6943 0.3129 0.5892
64 0.1540 0.2706 0.3009 0.2932
64 0.4839 0.5200 0.0758 0.1252
51 0.4647 0.6494 0.1204 0.0863
84 0.5484 0.3246 0.0253 0.0390
84 0.6282 0.3530 0.0103 0.1722
84 0.6238 0.3525 0.0093 0.1646
84 0.5118 0.3986 0.0137 0.0654
84 0.5530 0.3935 0.0111 0.0714
84 0.5209 0.2336 0.0097 0.0596
84 0.4957 0.2351 0.0090 0.0637
84 0.5140 0.2344 0.0078 0.0602
84 0.4987 0.3993 0.0175 0.0649
84 0.5480 0.2311 0.0112 0.0620
84 0.5432 0.3944 0.0126 0.0678
86 0.4860 0.5579 0.0267 0.0469
47 0.5924 0.1444 0.0208 0.0314
62 0.8686 0.5080 0.2628 0.4358
84 0.5661 0.3929 0.0205 0.0785
85 0.6628 0.2156 0.0432 0.0447
86 0.1865 0.3872 0.0330 0.0634
84 0.5969 0.3396 0.2344 0.2958
