28 0.0964 0.6076 0.1204 0.0594
28 0.6801 0.5718 0.1605 0.0493
28 0.5681 0.6336 0.0342 0.0132
28 0.5283 0.6395 0.0428 0.0204
28 0.4911 0.6343 0.0262 0.0103
1 0.5236 0.6960 0.0279 0.1056
1 0.5616 0.6967 0.0355 0.1226
1 0.6152 0.7104 0.0247 0.1332
1 0.6426 0.7427 0.0417 0.2045
1 0.7001 0.7274 0.0482 0.2095
1 0.7378 0.7476 0.0355 0.1529
1 0.4484 0.6894 0.0294 0.1338
1 0.4191 0.6727 0.0222 0.0786
1 0.3344 0.6892 0.0362 0.1329
1 0.7274 0.6538 0.0156 0.0504
1 0.5813 0.6776 0.0190 0.0697
15 0.2480 0.7695 0.0318 0.1128
27 0.4565 0.6707 0.0186 0.0563
28 0.4165 0.6301 0.0235 0.0115
28 0.6136 0.6359 0.0472 0.0204
28 0.4545 0.6183 0.0333 0.0197
28 0.3883 0.6175 0.0244 0.0159
31 0.2791 0.7399 0.0337 0.1132
31 0.6069 0.7007 0.0227 0.0312
31 0.6883 0.6950 0.0125 0.0817
31 0.5699 0.6746 0.0106 0.0412
64 0.9007 0.7166 0.0470 0.1549
1 0.1387 0.7887 0.0682 0.3088
28 0.5059 0.6060 0.0158 0.0074
28 0.5403 0.6084 0.0170 0.0070
33 0.2240 0.7752 0.0377 0.1058
1 0.2800 0.7575 0.0473 0.2272
1 0.5039 0.7266 0.9734 0.2804
28 0.6453 0.6005 0.2281 0.1075
