63 0.9444 0.7244 0.1112 0.5513
1 0.3982 0.5732 0.2307 0.8288
1 0.0754 0.8119 0.1508 0.3752
62 0.0952 0.7132 0.1904 0.5736
85 0.6824 0.0685 0.0439 0.0728
84 0.1815 0.4904 0.0408 0.1186
84 0.1425 0.4902 0.0208 0.1107
84 0.2561 0.3435 0.0298 0.1164
84 0.2895 0.2245 0.0154 0.1000
84 0.1152 0.3213 0.0343 0.1349
84 0.1913 0.2020 0.0234 0.1031
84 0.2151 0.4844 0.0484 0.1171
84 0.2232 0.4799 0.0667 0.1201
84 0.1029 0.1710 0.0082 0.1201
84 0.2138 0.2015 0.0176 0.1129
84 0.2755 0.2175 0.0171 0.0974
1 0.7502 0.5813 0.4612 0.8133
84 0.1615 0.1776 0.0148 0.1287
89 0.4838 0.5056 0.1509 0.3854
84 0.2900 0.3592 0.0270 0.0886
84 0.1891 0.3546 0.3187 0.7092
