1 0.6945 0.6605 0.2622 0.6790
60 0.4789 0.6388 0.0356 0.0217
60 0.5045 0.6274 0.0256 0.0205
60 0.5481 0.6337 0.0381 0.0251
60 0.5724 0.6221 0.0345 0.0239
60 0.5669 0.3951 0.0469 0.0217
60 0.5971 0.3841 0.0463 0.0312
60 0.3034 0.3883 0.0347 0.0185
60 0.2773 0.3942 0.0378 0.0160
60 0.8305 0.5245 0.0657 0.0295
60 0.5225 0.6476 0.0328 0.0213
60 0.5078 0.3974 0.0463 0.0168
60 0.5623 0.3778 0.0212 0.0148
1 0.2203 0.5090 0.2278 0.3291
60 0.5224 0.3849 0.0311 0.0145
1 0.0644 0.4160 0.1197 0.1172
60 0.6240 0.5410 0.7467 0.4220
