1 0.6036 0.4935 0.3725 0.9821
1 0.3081 0.2933 0.2954 0.4382
1 0.8808 0.6406 0.2384 0.6966
46 0.3749 0.5392 0.0418 0.2230
47 0.2436 0.7021 0.0785 0.1552
47 0.3506 0.5453 0.0443 0.1128
51 0.0875 0.6442 0.1493 0.0899
51 0.0746 0.8279 0.1492 0.2054
61 0.3396 0.7687 0.1717 0.1767
47 0.4180 0.4999 0.0442 0.1042
47 0.0263 0.5949 0.0527 0.1024
47 0.2847 0.5468 0.0532 0.0989
47 0.0270 0.5080 0.0508 0.0702
49 0.4334 0.6975 0.0479 0.0689
50 0.0808 0.6305 0.0262 0.0581
62 0.2092 0.4355 0.0490 0.1352
67 0.3134 0.7382 0.6267 0.5011
62 0.8329 0.7850 0.1897 0.3937
51 0.3685 0.6313 0.0902 0.0630
51 0.1092 0.7380 0.2185 0.1441
62 0.6763 0.6440 0.2422 0.4198
63 0.8286 0.7693 0.1680 0.3333
