39 0.6408 0.3160 0.1672 0.1071
40 0.5219 0.6331 0.0804 0.0683
1 0.5575 0.0989 0.0812 0.1303
1 0.1052 0.3663 0.0992 0.5214
1 0.2699 0.3741 0.1011 0.5782
1 0.4553 0.5600 0.3114 0.4981
1 0.6233 0.6256 0.2004 0.3303
1 0.7817 0.5875 0.2603 0.4167
1 0.6052 0.0767 0.0810 0.1535
1 0.7529 0.0888 0.1112 0.1371
1 0.6685 0.1191 0.0614 0.0819
1 0.0369 0.3817 0.0738 0.4776
1 0.6747 0.0755 0.0754 0.1510
39 0.2802 0.1622 0.0715 0.1225
1 0.8419 0.1001 0.0720 0.1467
1 0.9000 0.1007 0.0746 0.1454
47 0.6571 0.1434 0.0169 0.0253
