31 0.4725 0.8019 0.0486 0.1080
1 0.6798 0.8436 0.0793 0.3124
1 0.8646 0.8351 0.1409 0.3297
1 0.4816 0.8404 0.0643 0.2674
1 0.3782 0.7300 0.0207 0.0660
1 0.2555 0.7348 0.0178 0.0739
1 0.4085 0.7225 0.0225 0.0673
1 0.0289 0.8450 0.0578 0.2416
1 0.3067 0.7186 0.0122 0.0523
1 0.2743 0.7358 0.0310 0.0854
1 0.1714 0.7245 0.0200 0.0348
1 0.5685 0.7194 0.0177 0.0607
38 0.6899 0.2448 0.0729 0.1177
38 0.2753 0.3049 0.0178 0.0631
38 0.3107 0.3435 0.0161 0.0716
38 0.1188 0.2035 0.0201 0.0672
38 0.8124 0.2396 0.0379 0.0584
38 0.4395 0.3996 0.0574 0.0945
1 0.3914 0.7214 0.0189 0.0668
38 0.2320 0.4084 0.0135 0.0321
38 0.2520 0.4699 0.0035 0.0047
38 0.3455 0.5267 0.0077 0.0176
38 0.6066 0.1782 0.0227 0.0573
38 0.8710 0.5704 0.0188 0.0204
38 0.1408 0.4415 0.0047 0.0158
1 0.6193 0.7156 0.0085 0.0383
38 0.1775 0.4829 0.0091 0.0172
1 0.5586 0.7923 0.8422 0.2512
38 0.5961 0.4460 0.8047 0.3099
