4 0.6356 0.5901 0.5427 0.6915
1 0.6633 0.4369 0.2158 0.7300
1 0.0449 0.3258 0.0688 0.3551
1 0.2266 0.3270 0.0613 0.3169
1 0.2909 0.3091 0.0653 0.3149
1 0.1436 0.3236 0.0688 0.3461
1 0.4302 0.2767 0.0445 0.2374
1 0.4782 0.2324 0.0506 0.1627
1 0.9723 0.2708 0.0412 0.2123
1 0.8618 0.2660 0.0424 0.2501
1 0.8218 0.2678 0.0385 0.2454
1 0.5423 0.2046 0.0492 0.1094
32 0.2290 0.2317 0.0053 0.0187
32 0.1484 0.2335 0.0061 0.0197
32 0.8649 0.1970 0.0047 0.0175
32 0.0548 0.2246 0.0068 0.0306
1 0.5882 0.2429 0.0449 0.1527
32 0.3706 0.2093 0.0047 0.0114
32 0.4351 0.2183 0.0041 0.0094
32 0.4876 0.2156 0.0066 0.0251
32 0.6527 0.2649 0.0121 0.0312
32 0.7843 0.1838 0.0041 0.0116
32 0.2969 0.2172 0.0066 0.0162
32 0.9728 0.2138 0.0119 0.0313
1 0.3698 0.3039 0.0666 0.3084
32 0.5903 0.2166 0.0033 0.0118
32 0.5023 0.2242 0.6578 0.0540
1 0.5547 0.2512 0.8875 0.3005
