9 0.2873 0.7463 0.5687 0.2081
9 0.2286 0.6739 0.4469 0.1637
9 0.1920 0.6286 0.3777 0.1293
1 0.6928 0.5764 0.0542 0.2015
1 0.5611 0.5366 0.0302 0.1701
1 0.6621 0.5784 0.0210 0.1564
1 0.6510 0.5515 0.0360 0.1942
1 0.5244 0.5352 0.0322 0.1468
1 0.4838 0.5064 0.0350 0.1431
1 0.4369 0.5008 0.0237 0.1235
9 0.2619 0.5654 0.1516 0.0537
9 0.1706 0.5640 0.2379 0.0951
1 0.3854 0.4853 0.0168 0.1136
9 0.7703 0.4857 0.1445 0.0566
1 0.4137 0.4967 0.0224 0.1063
1 0.3994 0.4856 0.0216 0.1087
1 0.3333 0.4808 0.0245 0.1082
1 0.7437 0.5566 0.0384 0.1867
9 0.0586 0.5393 0.1038 0.0352
9 0.1096 0.6097 0.1058 0.0564
9 0.1854 0.5196 0.1068 0.0290
9 0.9255 0.4107 0.1132 0.0900
47 0.6876 0.5327 0.0075 0.0149
1 0.4592 0.6489 0.0843 0.1053
9 0.0612 0.5250 0.1173 0.0339
1 0.5133 0.5597 0.9047 0.3653
