44 0.7359 0.6465 0.0392 0.1574
44 0.9363 0.6444 0.0442 0.1701
1 0.3072 0.5730 0.2224 0.4211
1 0.0834 0.6567 0.1669 0.6527
1 0.7660 0.4854 0.2343 0.3236
47 0.3783 0.9596 0.1134 0.0808
47 0.2575 0.8457 0.0803 0.0820
73 0.6910 0.8742 0.3742 0.2202
44 0.9424 0.9826 0.0513 0.0347
50 0.2166 0.8272 0.0309 0.0184
51 0.2561 0.8492 0.0808 0.0826
51 0.4639 0.5390 0.0312 0.0217
62 0.1950 0.7374 0.0968 0.2197
62 0.9798 0.6946 0.0403 0.0503
62 0.9059 0.6347 0.0164 0.0712
64 0.5183 0.7663 0.3590 0.3595
77 0.9395 0.7484 0.0721 0.0368
47 0.4210 0.5282 0.0225 0.0367
47 0.4373 0.5424 0.0235 0.0212
47 0.4428 0.5209 0.0329 0.0217
62 0.1550 0.8579 0.0403 0.0242
67 0.2395 0.9192 0.3936 0.1576
73 0.5952 0.6095 0.0964 0.1195
