20 0.4969 0.6155 0.1318 0.2890
20 0.1784 0.8577 0.1930 0.2846
20 0.0646 0.7903 0.1293 0.3120
20 0.1069 0.6545 0.2138 0.1991
20 0.1281 0.5595 0.1848 0.0805
20 0.3337 0.6137 0.2302 0.1454
20 0.3308 0.5209 0.1622 0.1116
20 0.4449 0.4124 0.1373 0.0533
20 0.3105 0.7683 0.2586 0.3653
1 0.6859 0.5244 0.2754 0.7337
1 0.3462 0.2134 0.0600 0.1641
1 0.3959 0.2208 0.0613 0.1677
20 0.3854 0.3105 0.0414 0.0386
20 0.0412 0.8675 0.0825 0.2389
20 0.4496 0.3797 0.0761 0.0527
20 0.2642 0.4727 0.0688 0.0935
20 0.7477 0.3843 0.5016 0.4256
