38 0.8250 0.2003 0.0401 0.1045
38 0.4171 0.2529 0.0845 0.2856
38 0.9754 0.5309 0.0492 0.0683
38 0.7060 0.1823 0.0214 0.0313
38 0.7267 0.0446 0.5347 0.0858
1 0.5240 0.8779 0.0220 0.0723
1 0.2473 0.9692 0.0431 0.0616
38 0.5539 0.4924 0.3586 0.2918
1 0.5826 0.8337 0.0124 0.0578
1 0.5862 0.9453 0.0314 0.1094
1 0.2119 0.9652 0.0293 0.0683
1 0.0300 0.8454 0.0179 0.0684
1 0.9798 0.8499 0.0125 0.0409
1 0.9578 0.8521 0.0067 0.0315
1 0.6586 0.8482 0.0217 0.0317
1 0.8176 0.6958 0.0098 0.0274
1 0.6762 0.9908 0.0179 0.0183
1 0.5749 0.9212 0.0223 0.1045
1 0.5632 0.9802 0.0203 0.0393
38 0.9470 0.5124 0.0297 0.0248
