1 0.5926 0.7782 0.4097 0.4154
1 0.8902 0.8483 0.2197 0.2809
51 0.3284 0.5114 0.1154 0.0584
51 0.8432 0.6020 0.0506 0.0515
55 0.8792 0.6217 0.0275 0.0316
79 0.4549 0.6917 0.3212 0.4058
1 0.1997 0.7340 0.3993 0.5011
44 0.1561 0.4594 0.0270 0.1263
44 0.1774 0.4571 0.0249 0.1221
44 0.1341 0.4568 0.0238 0.1232
44 0.0759 0.4478 0.0244 0.1212
44 0.1162 0.4503 0.0269 0.1294
44 0.2040 0.4581 0.0271 0.1185
44 0.0950 0.4505 0.0233 0.1257
44 0.1273 0.4099 0.0130 0.0485
44 0.1644 0.4209 0.0057 0.0529
44 0.1474 0.4271 0.0080 0.0712
44 0.1884 0.4482 0.0181 0.0996
49 0.7981 0.6347 0.0584 0.0110
49 0.5482 0.5849 0.0386 0.0320
49 0.5837 0.5927 0.0773 0.0370
44 0.0195 0.4028 0.0244 0.0851
