1 0.4442 0.5597 0.3680 0.7685
1 0.1929 0.7325 0.3835 0.5222
1 0.5683 0.5099 0.0436 0.1247
1 0.1510 0.4266 0.0255 0.1054
1 0.3075 0.5394 0.0462 0.1387
1 0.6414 0.5116 0.0300 0.0408
39 0.7299 0.4338 0.1954 0.1023
40 0.3428 0.5869 0.0858 0.1015
3 0.5283 0.5103 0.0558 0.0387
3 0.4913 0.5139 0.0378 0.0298
3 0.8195 0.5269 0.0576 0.0245
3 0.8907 0.5217 0.1005 0.0415
3 0.6155 0.5038 0.0763 0.0472
3 0.9167 0.5172 0.0675 0.0458
3 0.7573 0.5109 0.0492 0.0497
3 0.6568 0.5063 0.0213 0.0488
1 0.7074 0.5690 0.0713 0.2749
3 0.9829 0.5208 0.0339 0.0458
1 0.1716 0.4343 0.0320 0.1064
