62 0.4079 0.7315 0.1888 0.2989
62 0.2739 0.6023 0.1262 0.2939
62 0.6192 0.6899 0.1524 0.3037
62 0.8497 0.7870 0.1978 0.3360
1 0.3961 0.5551 0.1652 0.2607
73 0.4622 0.3799 0.0981 0.1135
74 0.5300 0.4550 0.0144 0.0205
84 0.2260 0.1006 0.0209 0.0620
84 0.1064 0.1357 0.0268 0.0498
84 0.1060 0.1427 0.1021 0.0821
84 0.0852 0.2145 0.0288 0.0506
84 0.1181 0.2093 0.0147 0.0421
84 0.0932 0.2125 0.0242 0.0468
84 0.2531 0.0972 0.0131 0.0490
84 0.3388 0.0715 0.0038 0.0462
84 0.2390 0.1864 0.0115 0.0403
84 0.4754 0.0754 0.0119 0.0579
84 0.3185 0.2060 0.0337 0.0555
84 0.2374 0.2600 0.0112 0.0454
84 0.1045 0.2101 0.0189 0.0416
84 0.4880 0.1400 0.8520 0.2800
