64 0.7214 0.3944 0.0727 0.1737
64 0.7900 0.5733 0.1272 0.2000
62 0.0903 0.6796 0.1806 0.5247
62 0.4638 0.6210 0.2301 0.4400
76 0.3986 0.4981 0.0692 0.0400
84 0.6632 0.6292 0.0152 0.0809
84 0.6031 0.5092 0.0211 0.0739
84 0.6093 0.5981 0.0126 0.0699
84 0.9243 0.8867 0.0640 0.1319
84 0.5694 0.6665 0.0128 0.0694
84 0.9495 0.8979 0.0402 0.1355
84 0.9518 0.7372 0.0452 0.1056
84 0.9757 0.5575 0.0445 0.1310
84 0.6426 0.5220 0.0218 0.0817
84 0.6628 0.5327 0.0470 0.1020
84 0.6134 0.5148 0.0108 0.0649
84 0.6311 0.5252 0.0095 0.0655
72 0.4327 0.4237 0.1062 0.1268
84 0.6017 0.6924 0.0058 0.0547
84 0.7719 0.6260 0.4531 0.7438
