2 0.9775 0.6335 0.0450 0.2386
1 0.6337 0.5284 0.2995 0.9433
52 0.3953 0.5138 0.0381 0.0605
52 0.2999 0.5082 0.1056 0.0721
52 0.2425 0.5679 0.0340 0.0546
3 0.9350 0.4620 0.1300 0.1388
53 0.4240 0.4410 0.0218 0.0321
53 0.4657 0.4238 0.1966 0.1144
8 0.7946 0.5415 0.2357 0.7325
52 0.3726 0.4609 0.0343 0.0619
52 0.1468 0.5756 0.0731 0.0803
52 0.3956 0.5999 0.0901 0.1372
52 0.3039 0.5773 0.0352 0.0759
52 0.4844 0.5695 0.0961 0.0860
52 0.4136 0.4990 0.1089 0.0861
52 0.3078 0.4495 0.0604 0.0723
52 0.2293 0.5579 0.0425 0.0634
52 0.1970 0.5809 0.0604 0.0970
52 0.3297 0.5375 0.4906 0.2708
