64 0.2570 0.3612 0.0237 0.0512
64 0.2320 0.3669 0.0215 0.0435
64 0.2910 0.3645 0.0277 0.0607
67 0.6752 0.7406 0.6450 0.3694
67 0.4848 0.5413 0.4138 0.1518
67 0.3975 0.4686 0.3411 0.0808
67 0.6098 0.4110 0.1718 0.0198
67 0.8819 0.4836 0.2363 0.1127
67 0.1014 0.5059 0.2027 0.1087
28 0.4715 0.2415 0.4314 0.4829
28 0.3697 0.2872 0.2112 0.2464
1 0.9200 0.3489 0.0326 0.0609
1 0.4488 0.3595 0.0283 0.0564
28 0.0848 0.2508 0.1179 0.0246
28 0.0915 0.1660 0.1830 0.0912
28 0.6604 0.2399 0.1791 0.2426
28 0.7973 0.2213 0.0873 0.0505
67 0.7563 0.4483 0.1397 0.0693
28 0.0753 0.0838 0.1486 0.0969
28 0.0999 0.2170 0.1998 0.0541
28 0.8471 0.2704 0.3058 0.5042
28 0.6070 0.2695 0.1920 0.1690
28 0.1869 0.2863 0.1150 0.0280
28 0.4186 0.2740 0.3013 0.3507
64 0.1798 0.3627 0.0214 0.0398
64 0.2058 0.3634 0.0225 0.0497
64 0.6641 0.3743 0.0325 0.0359
67 0.9197 0.4473 0.1607 0.0925
67 0.3640 0.4305 0.2380 0.0287
28 0.3391 0.2345 0.1550 0.0389
67 0.3469 0.4148 0.1853 0.0138
67 0.4336 0.5892 0.8672 0.6017
