62 0.7802 0.2635 0.3121 0.2667
67 0.7969 0.2129 0.3890 0.3271
67 0.6024 0.6043 0.7780 0.7718
2 0.0784 0.1750 0.1555 0.0762
1 0.3611 0.5011 0.7221 0.9888
44 0.9239 0.0934 0.0563 0.0839
44 0.8367 0.0920 0.0306 0.0464
44 0.8928 0.0955 0.0284 0.0445
48 0.7544 0.4928 0.1600 0.0235
49 0.6693 0.8690 0.6614 0.0674
49 0.6458 0.3438 0.1811 0.0205
51 0.3799 0.4794 0.1892 0.1049
51 0.8357 0.7321 0.3287 0.1950
51 0.6907 0.5510 0.2920 0.1126
51 0.4334 0.5474 0.2249 0.1248
51 0.2796 0.2721 0.1785 0.0563
51 0.7833 0.4795 0.2376 0.1089
53 0.6030 0.4241 0.0795 0.0559
53 0.6880 0.4245 0.0799 0.0583
53 0.7952 0.4105 0.0783 0.0372
51 0.9291 0.1506 0.0695 0.0344
54 0.5384 0.6391 0.5958 0.1983
44 0.9575 0.5888 0.0851 0.1658
44 0.5595 0.4736 0.0881 0.1057
44 0.8653 0.1011 0.0290 0.0377
49 0.9431 0.8280 0.1139 0.0838
49 0.6138 0.8031 0.1040 0.0286
62 0.5733 0.2102 0.1570 0.0592
62 0.5763 0.1318 0.1382 0.0384
