2 0.6231 0.3460 0.0659 0.0543
2 0.2939 0.8048 0.1245 0.1320
2 0.3221 0.5329 0.0878 0.0766
2 0.1970 0.9441 0.0923 0.1087
2 0.8415 0.7503 0.0376 0.1241
3 0.5125 0.0876 0.0177 0.0119
4 0.7458 0.5270 0.1078 0.0788
1 0.6242 0.4059 0.0624 0.0843
3 0.5007 0.0776 0.0220 0.0095
1 0.4636 0.1940 0.0198 0.0396
2 0.1183 0.9507 0.1020 0.0987
2 0.6953 0.5183 0.0405 0.0889
2 0.6537 0.3743 0.0242 0.0560
3 0.4763 0.0953 0.0298 0.0300
31 0.6007 0.4156 0.0136 0.0252
1 0.9104 0.9392 0.0621 0.1215
32 0.6267 0.3923 0.0072 0.0254
2 0.3159 0.6261 0.0194 0.0387
