3 0.0706 0.3235 0.0471 0.0445
3 0.1489 0.3107 0.0609 0.0390
3 0.2084 0.2924 0.0656 0.0287
3 0.3048 0.2692 0.0802 0.0356
3 0.3764 0.2454 0.0246 0.0141
1 0.6601 0.4011 0.2831 0.7573
1 0.4304 0.2297 0.0275 0.0981
1 0.5310 0.1975 0.0466 0.1194
1 0.3908 0.2277 0.0265 0.0367
41 0.7779 0.7116 0.2415 0.1892
1 0.1364 0.2969 0.0173 0.0413
1 0.4132 0.2275 0.0134 0.0474
3 0.0257 0.3451 0.0515 0.0457
15 0.7333 0.1975 0.0502 0.0357
1 0.4910 0.2121 0.0335 0.1041
1 0.7400 0.1666 0.0392 0.1022
1 0.7564 0.1664 0.0312 0.0806
3 0.9830 0.1328 0.0124 0.0230
3 0.2569 0.2688 0.0396 0.0352
3 0.3960 0.2444 0.0114 0.0150
3 0.4094 0.2373 0.0305 0.0194
3 0.3619 0.2537 0.0493 0.0227
