44 0.6517 0.5956 0.0544 0.1370
47 0.8443 0.7319 0.0671 0.0913
50 0.6237 0.4282 0.0114 0.0478
50 0.5994 0.3659 0.0167 0.0868
51 0.5009 0.7955 0.1475 0.1320
79 0.8764 0.5959 0.1820 0.2539
79 0.5346 0.7973 0.8125 0.3829
81 0.4354 0.5325 0.1938 0.0585
44 0.3081 0.4863 0.0101 0.0497
47 0.0384 0.6455 0.0156 0.0657
47 0.0652 0.6246 0.0446 0.0648
48 0.6602 0.7811 0.0810 0.0853
48 0.0752 0.5201 0.0317 0.0490
50 0.6432 0.4580 0.0183 0.0888
50 0.6419 0.3576 0.0115 0.0776
47 0.1020 0.6093 0.0306 0.0520
50 0.6249 0.3608 0.0166 0.0864
44 0.5705 0.6154 0.0158 0.0292
44 0.5291 0.5965 0.0200 0.0475
44 0.5515 0.6182 0.0154 0.0300
51 0.6593 0.8179 0.1848 0.1142
51 0.0950 0.6643 0.0876 0.0651
