47 0.8171 0.0467 0.0676 0.0838
50 0.3855 0.3069 0.0288 0.0463
51 0.7101 0.3013 0.1431 0.0707
59 0.3705 0.5142 0.3376 0.1256
59 0.1859 0.6424 0.3719 0.2071
59 0.6242 0.8212 0.5109 0.2965
59 0.8234 0.6047 0.3406 0.1224
79 0.2276 0.8517 0.4551 0.2921
51 0.7042 0.3726 0.1848 0.0559
51 0.4890 0.3238 0.0761 0.0498
51 0.5575 0.3749 0.1084 0.0543
51 0.7036 0.4360 0.1835 0.0944
51 0.8849 0.4433 0.1940 0.0899
51 0.8948 0.3811 0.2104 0.0904
51 0.7131 0.3375 0.1567 0.0418
51 0.7126 0.3601 0.1407 0.0360
47 0.7579 0.0456 0.0390 0.0896
47 0.6837 0.0456 0.0602 0.0890
47 0.6267 0.0476 0.0545 0.0878
79 0.8683 0.8065 0.2635 0.3610
51 0.7147 0.3668 0.1537 0.0371
47 0.9515 0.0505 0.0935 0.1010
47 0.5218 0.0509 0.0499 0.0757
