1 0.0540 0.2607 0.1080 0.1798
49 0.5585 0.1873 0.1557 0.1702
1 0.6018 0.2241 0.1488 0.4415
1 0.8066 0.5005 0.3868 0.9934
61 0.4396 0.1711 0.1299 0.1458
61 0.2039 0.5618 0.0530 0.0925
61 0.2591 0.5243 0.0490 0.0854
61 0.5367 0.3506 0.0420 0.0674
49 0.6192 0.1565 0.1314 0.1612
61 0.2636 0.6060 0.0514 0.1067
61 0.3562 0.5977 0.0507 0.0985
61 0.4976 0.6277 0.0538 0.0956
61 0.5592 0.6687 0.0519 0.1020
61 0.4116 0.6455 0.0607 0.0961
61 0.4654 0.3860 0.0489 0.0912
61 0.3508 0.3574 0.0498 0.0956
67 0.4142 0.7091 0.6585 0.5558
61 0.6460 0.6120 0.0516 0.0477
61 0.6438 0.5094 0.1625 0.2506
