4 0.4398 0.5170 0.8796 0.9057
4 0.0827 0.3930 0.1575 0.1924
1 0.4513 0.4258 0.3868 0.8022
1 0.7453 0.2988 0.0867 0.1452
1 0.0871 0.2117 0.1739 0.4234
1 0.2435 0.2053 0.0802 0.2247
1 0.7199 0.4308 0.0510 0.1529
1 0.3565 0.0624 0.0332 0.0606
1 0.8284 0.2494 0.0705 0.2112
1 0.7578 0.1865 0.0767 0.2297
1 0.6627 0.2050 0.0612 0.2185
1 0.8654 0.1781 0.0351 0.1383
1 0.7168 0.2110 0.0644 0.2201
1 0.9397 0.2025 0.0653 0.1438
1 0.6517 0.2824 0.0593 0.1237
4 0.8857 0.3923 0.2285 0.3075
1 0.5000 0.2319 0.9969 0.4637
