62 0.8072 0.7005 0.3856 0.4122
62 0.9057 0.4752 0.0974 0.0673
67 0.4398 0.5762 0.7037 0.2460
1 0.7327 0.6491 0.3613 0.4286
1 0.7237 0.4308 0.2984 0.1904
1 0.4617 0.3827 0.2027 0.1648
1 0.3770 0.3741 0.1307 0.1515
1 0.1718 0.5966 0.3368 0.5326
46 0.5296 0.4716 0.0434 0.0517
46 0.4064 0.4789 0.0493 0.0594
46 0.2985 0.5227 0.0553 0.0882
46 0.4959 0.5368 0.0585 0.0915
46 0.6079 0.4500 0.0462 0.0479
49 0.3026 0.5971 0.1701 0.0111
67 0.9203 0.4399 0.1595 0.1217
31 0.1354 0.9118 0.2709 0.1765
1 0.3539 0.3294 0.0984 0.1036
62 0.4659 0.4201 0.4504 0.1039
62 0.9113 0.4178 0.1280 0.1334
67 0.6234 0.3948 0.1213 0.0390
1 0.6538 0.3385 0.1132 0.0974
46 0.3967 0.5414 0.0591 0.0706
46 0.5375 0.5253 0.0461 0.0676
62 0.0933 0.7359 0.1866 0.0334
62 0.3045 0.3626 0.0183 0.0385
31 0.8528 0.6418 0.1537 0.0806
