19 0.4014 0.6334 0.3063 0.5878
19 0.6914 0.6235 0.3145 0.6129
1 0.8641 0.4803 0.0432 0.0450
1 0.6371 0.2607 0.2989 0.3820
1 0.9101 0.6691 0.0705 0.1313
19 0.2330 0.6454 0.2493 0.2243
28 0.9109 0.4261 0.1265 0.0473
28 0.9737 0.4341 0.0515 0.0328
1 0.9634 0.4947 0.0310 0.0679
1 0.8964 0.5319 0.0461 0.1036
1 0.0709 0.5786 0.0298 0.0552
1 0.2655 0.5221 0.0542 0.0752
1 0.8097 0.4962 0.0336 0.0542
1 0.5970 0.5273 0.0533 0.1364
1 0.3110 0.5193 0.0374 0.0667
1 0.1885 0.5065 0.0433 0.1015
1 0.8614 0.5331 0.0440 0.1067
1 0.9841 0.5441 0.0319 0.0817
