3 0.4791 0.6442 0.1414 0.2043
6 0.7395 0.4942 0.2360 0.2749
6 0.3568 0.4000 0.0329 0.0704
1 0.0406 0.5063 0.0295 0.1051
1 0.1545 0.4691 0.0100 0.0557
1 0.2250 0.4900 0.0274 0.0863
1 0.2556 0.4878 0.0153 0.0823
1 0.6248 0.4777 0.0129 0.0606
1 0.5622 0.4587 0.0120 0.0580
3 0.4238 0.4288 0.0258 0.0345
6 0.4752 0.4157 0.0501 0.0885
10 0.4339 0.3968 0.0211 0.0377
15 0.9136 0.6104 0.0438 0.0239
1 0.6027 0.4664 0.0105 0.0541
1 0.1333 0.4903 0.0140 0.0759
1 0.7684 0.5181 0.0247 0.0314
10 0.1334 0.3878 0.0119 0.0365
1 0.1654 0.4770 0.0168 0.0616
