13 0.5963 0.4707 0.0351 0.0529
6 0.3706 0.5081 0.2831 0.4186
3 0.8880 0.6155 0.1245 0.1795
3 0.9585 0.6227 0.0814 0.2159
3 0.6794 0.5667 0.1391 0.1229
3 0.0892 0.8461 0.1724 0.3079
3 0.0582 0.6757 0.1102 0.2736
3 0.0420 0.5489 0.0841 0.1013
3 0.5586 0.5805 0.0641 0.0945
3 0.9843 0.6545 0.0314 0.1641
3 0.1060 0.4614 0.0305 0.0335
3 0.0467 0.5265 0.0922 0.0893
3 0.6348 0.5548 0.1149 0.1471
3 0.0489 0.5061 0.0979 0.0962
1 0.7489 0.5512 0.0599 0.1314
3 0.5262 0.5779 0.0524 0.0928
3 0.1234 0.3888 0.1437 0.3044
