64 0.7772 0.4045 0.0332 0.0373
62 0.4997 0.3954 0.0294 0.0746
1 0.1988 0.3638 0.0352 0.1580
1 0.8362 0.4738 0.0824 0.1570
1 0.8641 0.4101 0.0240 0.0620
1 0.7299 0.3828 0.0399 0.0612
1 0.6530 0.4144 0.0763 0.1379
1 0.4858 0.3795 0.0432 0.1175
1 0.2598 0.3244 0.0293 0.1212
1 0.1517 0.3217 0.0394 0.1459
1 0.3711 0.1402 0.0251 0.0395
1 0.6753 0.2152 0.0228 0.0376
43 0.4853 0.8364 0.0330 0.1292
43 0.1872 0.3928 0.0135 0.0473
1 0.6199 0.2264 0.0284 0.0360
62 0.9103 0.4298 0.0422 0.0452
62 0.9499 0.4736 0.0511 0.0795
62 0.1918 0.1902 0.0180 0.0498
64 0.5897 0.3677 0.0332 0.0258
64 0.5742 0.3589 0.0211 0.0317
64 0.8023 0.4144 0.0331 0.0196
64 0.4644 0.3431 0.0277 0.0237
85 0.3687 0.3281 0.0403 0.0185
62 0.6665 0.4561 0.0230 0.0377
62 0.7692 0.1448 0.0168 0.0255
62 0.7760 0.2215 0.0199 0.0257
62 0.7290 0.1192 0.0191 0.0233
62 0.7571 0.2208 0.0176 0.0272
62 0.8987 0.0996 0.0151 0.0228
62 0.9203 0.1240 0.0160 0.0192
62 0.8847 0.1962 0.0222 0.0248
1 0.4532 0.7329 0.0894 0.3988
1 0.5214 0.7638 0.0852 0.4002
43 0.4944 0.7423 0.0069 0.0440
1 0.4313 0.1929 0.0750 0.0894
