3 0.6582 0.7116 0.1124 0.0718
3 0.8365 0.6755 0.0708 0.0300
3 0.6191 0.6778 0.0644 0.0374
3 0.0356 0.7428 0.0711 0.0906
3 0.1715 0.7203 0.2259 0.1025
1 0.3888 0.6852 0.0250 0.0352
1 0.3725 0.6810 0.0136 0.0333
1 0.8196 0.6403 0.0089 0.0206
1 0.8946 0.6724 0.0180 0.0279
1 0.5634 0.6639 0.0114 0.0275
1 0.5477 0.6634 0.0128 0.0257
1 0.8058 0.6409 0.0097 0.0208
3 0.3492 0.7015 0.0506 0.0300
3 0.6366 0.6525 0.0329 0.0177
3 0.2787 0.6743 0.0202 0.0348
3 0.6484 0.6447 0.0269 0.0198
3 0.6860 0.6168 0.0237 0.0159
3 0.6619 0.6395 0.0204 0.0169
3 0.6686 0.6313 0.0309 0.0169
3 0.6760 0.6250 0.0201 0.0141
