85 0.2179 0.5313 0.0373 0.0547
3 0.2898 0.8034 0.0863 0.1420
3 0.6775 0.7850 0.0886 0.0823
3 0.7734 0.7928 0.1167 0.1017
3 0.6249 0.7793 0.0655 0.0662
3 0.5776 0.7756 0.0601 0.0607
3 0.3465 0.7640 0.0466 0.0584
3 0.5019 0.7666 0.0429 0.0464
3 0.4473 0.7681 0.0179 0.0380
1 0.2014 0.8288 0.1240 0.2529
1 0.0986 0.8033 0.0411 0.2025
1 0.0622 0.8220 0.0458 0.2748
1 0.1859 0.7471 0.0224 0.0461
1 0.1529 0.7953 0.0396 0.1233
3 0.5413 0.7705 0.0515 0.0560
3 0.4804 0.7659 0.0270 0.0459
3 0.4648 0.7673 0.0256 0.0391
85 0.6854 0.6291 0.0256 0.0438
85 0.6652 0.6304 0.0142 0.0398
3 0.8997 0.8051 0.1486 0.1290
3 0.4279 0.7678 0.0227 0.0305
