44 0.1740 0.4326 0.0197 0.0977
1 0.4930 0.3621 0.0564 0.0830
1 0.7890 0.6634 0.1709 0.3178
51 0.1942 0.4689 0.0547 0.0410
51 0.0446 0.9753 0.0409 0.0432
1 0.1695 0.3840 0.1181 0.4368
44 0.9689 0.5377 0.0181 0.0892
47 0.6542 0.3037 0.0133 0.0310
47 0.4503 0.4627 0.0165 0.0418
49 0.8446 0.7139 0.0367 0.0351
50 0.2605 0.4064 0.0927 0.0393
51 0.4075 0.5851 0.1721 0.1097
51 0.5769 0.6237 0.1853 0.1027
85 0.4958 0.1761 0.0303 0.0493
44 0.2078 0.4193 0.0195 0.0632
47 0.9201 0.8845 0.0360 0.0421
47 0.0900 0.3009 0.0138 0.0347
51 0.5239 0.4664 0.0601 0.0375
51 0.9359 0.8002 0.1264 0.0676
51 0.7594 0.4884 0.0657 0.0381
51 0.0964 0.4569 0.0119 0.0290
51 0.9211 0.8927 0.0340 0.0275
62 0.8898 0.6658 0.1166 0.1536
87 0.8450 0.7138 0.0358 0.0325
47 0.9207 0.8042 0.0286 0.0256
