1 0.2817 0.5596 0.3460 0.6306
1 0.0829 0.4110 0.1625 0.4032
1 0.0561 0.4065 0.0519 0.2635
1 0.2155 0.4346 0.1317 0.2442
46 0.8256 0.7106 0.0359 0.1182
46 0.8593 0.7041 0.0379 0.1162
46 0.9418 0.7582 0.0518 0.1392
47 0.7595 0.6918 0.0499 0.0459
87 0.2123 0.9376 0.0751 0.1248
1 0.0570 0.7444 0.1106 0.4910
44 0.4041 0.9111 0.0489 0.1596
44 0.3877 0.8863 0.0542 0.2098
44 0.3402 0.9081 0.0425 0.1776
44 0.2752 0.9030 0.0563 0.1896
44 0.2012 0.6812 0.0286 0.0786
46 0.8031 0.6526 0.0236 0.0997
46 0.7832 0.6458 0.0217 0.0973
46 0.7653 0.6322 0.0312 0.0757
46 0.6152 0.5904 0.0325 0.0549
46 0.6470 0.5914 0.0259 0.0693
46 0.6722 0.5910 0.0248 0.0656
46 0.7324 0.6280 0.0264 0.0698
46 0.7055 0.5921 0.0243 0.0624
81 0.2598 0.7815 0.1278 0.0351
44 0.2581 0.8414 0.0376 0.2046
44 0.2641 0.6773 0.0336 0.0904
44 0.3205 0.8493 0.0540 0.1825
44 0.8794 0.2747 0.0319 0.1645
46 0.7496 0.6334 0.0217 0.0718
46 0.6611 0.5939 0.0142 0.0558
47 0.1601 0.8945 0.1004 0.1730
47 0.1189 0.7114 0.0682 0.1166
