62 0.2708 0.8015 0.1131 0.3812
62 0.4007 0.8535 0.1668 0.2929
62 0.8085 0.4248 0.0987 0.2332
62 0.8930 0.4326 0.1026 0.2414
62 0.3023 0.5050 0.0801 0.1607
62 0.4064 0.3687 0.1594 0.3222
85 0.7454 0.1887 0.0326 0.0600
62 0.5389 0.9513 0.0589 0.0951
73 0.7420 0.7888 0.2842 0.4000
74 0.5312 0.8012 0.0516 0.0462
74 0.3130 0.6673 0.0372 0.0356
62 0.2373 0.4234 0.1759 0.5653
62 0.0775 0.5030 0.1550 0.4907
73 0.3253 0.5623 0.1464 0.2142
73 0.7009 0.4955 0.1288 0.1101
73 0.4401 0.5096 0.1213 0.1648
73 0.4862 0.6524 0.2046 0.2809
73 0.6043 0.4631 0.1225 0.1393
73 0.9822 0.5059 0.0344 0.1516
74 0.8653 0.9938 0.0415 0.0123
