82 0.5857 0.4955 0.5140 0.9820
44 0.5313 0.4732 0.0327 0.1151
44 0.5297 0.4002 0.0138 0.0342
44 0.5019 0.4578 0.0332 0.1500
44 0.4211 0.5838 0.0219 0.0410
44 0.5653 0.1947 0.0508 0.1691
44 0.5315 0.1479 0.0267 0.0737
44 0.5064 0.6257 0.0432 0.1090
44 0.5979 0.8978 0.0494 0.1861
44 0.3853 0.2021 0.0336 0.1685
44 0.4244 0.1995 0.0631 0.1620
44 0.4669 0.1988 0.0371 0.1688
44 0.4974 0.1453 0.0182 0.0655
62 0.8323 0.3871 0.1623 0.1030
65 0.8759 0.6119 0.2445 0.5096
44 0.5274 0.3746 0.0154 0.0103
44 0.4850 0.5773 0.1780 0.0560
