21 0.4096 0.6035 0.1308 0.1078
2 0.5313 0.4517 0.0260 0.0439
3 0.3124 0.4867 0.1762 0.1446
6 0.9348 0.4113 0.1003 0.0972
6 0.7006 0.3932 0.0342 0.0485
1 0.7563 0.4001 0.0073 0.0115
1 0.8226 0.4203 0.0080 0.0371
3 0.4084 0.4592 0.0857 0.1134
3 0.2058 0.4288 0.0789 0.0794
1 0.6925 0.4060 0.0079 0.0198
1 0.6591 0.4168 0.0134 0.0419
4 0.6750 0.4314 0.0112 0.0190
8 0.8748 0.4041 0.0368 0.0750
8 0.5669 0.4213 0.0509 0.0716
1 0.6773 0.4164 0.0142 0.0382
2 0.7194 0.4157 0.0049 0.0184
3 0.8273 0.4042 0.0351 0.0219
1 0.7197 0.4027 0.0085 0.0214
1 0.5380 0.4267 0.0136 0.0511
1 0.7470 0.3978 0.0065 0.0137
4 0.7560 0.4120 0.0121 0.0198
4 0.7457 0.4076 0.0073 0.0137
8 0.6122 0.3942 0.0664 0.0940
1 0.7411 0.4064 0.0127 0.0182
8 0.7021 0.3937 0.0381 0.0460
1 0.8326 0.4191 0.0093 0.0350
1 0.6147 0.4309 0.0140 0.0628
3 0.8476 0.4189 0.0131 0.0367
