37 0.3422 0.4825 0.0139 0.0211
43 0.3385 0.4736 0.1357 0.1334
1 0.4836 0.5310 0.3004 0.5595
1 0.4350 0.1701 0.0825 0.1190
1 0.3402 0.1024 0.0637 0.0885
1 0.2993 0.0661 0.0600 0.1152
1 0.2150 0.0844 0.0462 0.1065
1 0.1555 0.0872 0.0660 0.1559
1 0.6833 0.0653 0.0895 0.1014
1 0.6566 0.0595 0.0558 0.1164
1 0.5886 0.1652 0.1076 0.1509
1 0.4777 0.0933 0.0682 0.0813
1 0.4057 0.0954 0.0680 0.0945
15 0.6944 0.0597 0.2025 0.1154
62 0.1904 0.0169 0.0573 0.0247
62 0.5806 0.0594 0.0416 0.1184
62 0.3544 0.0459 0.0715 0.0519
1 0.7347 0.0413 0.0653 0.0825
15 0.1927 0.0999 0.0063 0.0290
1 0.2537 0.1135 0.0791 0.0964
62 0.6202 0.0579 0.0492 0.0950
1 0.5047 0.0896 0.9875 0.1792
