28 0.4393 0.6579 0.2028 0.0871
3 0.1226 0.5754 0.2451 0.1624
3 0.0638 0.4683 0.1261 0.0818
3 0.4507 0.4663 0.1401 0.0876
3 0.3862 0.5057 0.0718 0.1077
3 0.4433 0.3949 0.0936 0.0457
3 0.5005 0.3731 0.0819 0.0507
3 0.2304 0.9133 0.4486 0.1531
3 0.4839 0.4271 0.0630 0.0484
3 0.2201 0.4002 0.1084 0.0383
10 0.6889 0.4865 0.1080 0.1605
1 0.4106 0.7810 0.1224 0.2011
1 0.9124 0.8436 0.1212 0.3128
1 0.8032 0.6983 0.0767 0.1814
3 0.6209 0.3744 0.0908 0.0407
31 0.4434 0.7305 0.0669 0.0856
3 0.2463 0.5203 0.2553 0.1741
3 0.1736 0.4457 0.1619 0.0843
8 0.5817 0.2851 0.0551 0.0524
10 0.5533 0.4538 0.0768 0.0988
3 0.5345 0.3342 0.0580 0.0310
8 0.5639 0.3117 0.0547 0.0349
8 0.3485 0.4089 0.1862 0.0695
3 0.3401 0.5180 0.6748 0.4560
