1 0.5173 0.5441 0.3072 0.7286
60 0.2718 0.4453 0.0446 0.0181
60 0.1772 0.4457 0.0228 0.0223
60 0.2384 0.4499 0.0216 0.0137
60 0.2607 0.5407 0.0413 0.0266
60 0.2630 0.3139 0.0345 0.0415
60 0.2586 0.6659 0.0078 0.0204
60 0.2085 0.7377 0.0481 0.0357
60 0.1437 0.3877 0.0329 0.0217
60 0.1760 0.3900 0.0307 0.0161
60 0.2074 0.3879 0.0365 0.0208
3 0.8876 0.3795 0.2246 0.1449
47 0.6191 0.9395 0.0773 0.1211
47 0.6868 0.9600 0.0614 0.0800
60 0.2128 0.5002 0.0344 0.0291
60 0.2578 0.4953 0.0408 0.0353
54 0.6710 0.5478 0.0493 0.0529
44 0.0684 0.3753 0.0257 0.0815
44 0.0428 0.3768 0.0303 0.0896
47 0.5728 0.9436 0.0495 0.1091
60 0.1712 0.5011 0.0398 0.0253
54 0.7251 0.5509 0.0561 0.0434
60 0.4898 0.5375 0.7766 0.5333
