67 0.8289 0.7401 0.2500 0.3022
67 0.6203 0.4884 0.1730 0.0574
86 0.6156 0.4567 0.0246 0.0618
86 0.3988 0.4066 0.0239 0.0532
62 0.8331 0.8191 0.1176 0.2397
62 0.7466 0.7391 0.0949 0.2334
62 0.7042 0.6808 0.0745 0.1833
62 0.7923 0.5840 0.0528 0.0144
62 0.6212 0.5956 0.0952 0.2226
62 0.3704 0.7466 0.1488 0.4324
62 0.5504 0.5569 0.0801 0.1956
62 0.3879 0.5003 0.0697 0.1550
62 0.4520 0.5003 0.0655 0.1572
62 0.5257 0.4841 0.0267 0.0761
84 0.1553 0.4217 0.1097 0.0132
84 0.1545 0.4351 0.1182 0.0285
47 0.8746 0.6451 0.0222 0.0435
84 0.1566 0.4142 0.1002 0.0141
85 0.3716 0.3180 0.0167 0.0607
86 0.4145 0.4173 0.0066 0.0227
47 0.8535 0.6508 0.0253 0.0422
