19 0.5588 0.6086 0.1395 0.5751
3 0.1312 0.5828 0.2624 0.2925
3 0.2777 0.5626 0.1802 0.2494
3 0.3760 0.5256 0.0577 0.0715
3 0.7991 0.4461 0.0448 0.0483
3 0.7359 0.4585 0.0188 0.0542
1 0.5404 0.2579 0.1808 0.1642
1 0.2848 0.5419 0.0796 0.3643
1 0.7647 0.4560 0.0231 0.0697
1 0.9537 0.4924 0.0926 0.2522
1 0.4518 0.4862 0.0456 0.1510
1 0.4388 0.4901 0.0357 0.1393
1 0.7910 0.4543 0.0180 0.0743
3 0.8433 0.4454 0.0145 0.0284
13 0.4069 0.3895 0.0363 0.0584
31 0.9874 0.4666 0.0251 0.0861
3 0.8231 0.4388 0.0140 0.0341
3 0.7432 0.4514 0.0361 0.0649
32 0.5947 0.2600 0.0284 0.0846
2 0.7646 0.4680 0.0113 0.0420
2 0.7922 0.4702 0.0129 0.0379
3 0.1740 0.4324 0.0397 0.0266
3 0.0208 0.6156 0.0416 0.2207
13 0.2982 0.3438 0.0384 0.0586
