8 0.6624 0.7514 0.0757 0.1022
10 0.4919 0.4197 0.0979 0.0310
10 0.8704 0.4127 0.0681 0.0345
3 0.4997 0.7690 0.0961 0.1101
3 0.3748 0.7749 0.1019 0.0988
3 0.7095 0.7684 0.1132 0.0967
3 0.2853 0.7649 0.0760 0.0910
3 0.2265 0.7868 0.1158 0.0995
11 0.9274 0.7767 0.0187 0.0488
14 0.8610 0.7378 0.0085 0.0253
1 0.3934 0.7473 0.0172 0.0213
1 0.2425 0.7567 0.0153 0.0179
1 0.5214 0.7400 0.0273 0.0214
3 0.6142 0.7590 0.0342 0.0649
3 0.6042 0.7510 0.0378 0.0566
3 0.4137 0.7614 0.0859 0.0964
3 0.5702 0.7444 0.0225 0.0288
3 0.7979 0.7536 0.0907 0.1027
10 0.6965 0.4164 0.0653 0.0290
10 0.5454 0.6716 0.0154 0.0069
10 0.4981 0.6736 0.0150 0.0069
3 0.4512 0.7450 0.0305 0.0628
8 0.5267 0.7485 0.0805 0.1088
8 0.2901 0.7649 0.0845 0.0928
14 0.8656 0.7302 0.0069 0.0313
3 0.4531 0.7510 0.2781 0.0938
