20 0.5946 0.5566 0.0152 0.0328
20 0.6114 0.5571 0.0196 0.0328
20 0.6321 0.5606 0.0214 0.0356
20 0.7543 0.5649 0.0263 0.0451
20 0.6967 0.5630 0.0343 0.0427
20 0.4978 0.5385 0.0156 0.0221
20 0.5512 0.5498 0.0244 0.0386
20 0.5865 0.5549 0.0103 0.0286
20 0.6513 0.5584 0.0185 0.0386
8 0.2449 0.4508 0.0807 0.0480
20 0.7266 0.5636 0.0330 0.0481
20 0.8978 0.5826 0.0483 0.0504
3 0.4060 0.4735 0.0458 0.0243
6 0.4599 0.4735 0.0550 0.0430
13 0.7204 0.4783 0.0213 0.0305
20 0.5733 0.5528 0.0242 0.0376
20 0.9686 0.5931 0.0424 0.0467
20 0.9555 0.6000 0.0859 0.0894
