18 0.4606 0.7602 0.2532 0.2117
1 0.3813 0.4472 0.3943 0.4420
1 0.5371 0.2751 0.2861 0.3282
1 0.8146 0.3809 0.3708 0.7618
1 0.0303 0.2210 0.0592 0.1638
1 0.0230 0.1620 0.0163 0.0211
33 0.5698 0.5624 0.3114 0.2707
1 0.1140 0.2219 0.0551 0.1423
1 0.1789 0.2066 0.0407 0.1019
1 0.3253 0.2009 0.0482 0.1151
1 0.3870 0.2071 0.0467 0.0947
1 0.1494 0.2192 0.0295 0.0938
27 0.4556 0.1910 0.1163 0.1036
72 0.5330 0.0312 0.0697 0.0624
72 0.4736 0.0463 0.0454 0.0776
72 0.4557 0.0636 0.0365 0.0621
72 0.4341 0.0855 0.0292 0.0497
72 0.4424 0.0734 0.0273 0.0553
84 0.3522 0.4985 0.1590 0.0968
31 0.2636 0.5605 0.0708 0.1204
72 0.4977 0.0379 0.0494 0.0738
72 0.3994 0.1162 0.0409 0.0603
72 0.4226 0.0977 0.0259 0.0491
1 0.0320 0.2494 0.0628 0.1521
1 0.2863 0.2103 0.0386 0.1066
1 0.3281 0.1914 0.2646 0.1234
