19 0.9814 0.4452 0.0316 0.0301
19 0.7813 0.4324 0.0104 0.0196
20 0.5582 0.7954 0.1133 0.1347
20 0.6823 0.7161 0.0688 0.1175
20 0.2131 0.6923 0.1215 0.1311
20 0.0759 0.6456 0.0925 0.1539
20 0.2105 0.6224 0.0559 0.0407
20 0.0113 0.6635 0.0226 0.1565
20 0.1183 0.6581 0.0801 0.1627
20 0.4199 0.7443 0.0785 0.0886
20 0.9123 0.7015 0.0338 0.1130
20 0.1454 0.6054 0.0585 0.0471
19 0.6919 0.4355 0.0293 0.0346
19 0.6686 0.4278 0.0190 0.0245
19 0.6405 0.4226 0.0134 0.0329
20 0.5452 0.7374 0.0544 0.0439
20 0.9558 0.3797 0.0068 0.0095
