28 0.8472 0.8174 0.0836 0.3651
31 0.9414 0.7357 0.1172 0.1667
31 0.5950 0.6800 0.0683 0.0536
1 0.6912 0.6147 0.1621 0.7686
1 0.9177 0.6351 0.1645 0.7162
1 0.3877 0.5824 0.0900 0.1896
28 0.2008 0.8001 0.0502 0.3966
31 0.5520 0.6236 0.0700 0.0979
31 0.4245 0.5973 0.0272 0.0311
1 0.4680 0.6311 0.1149 0.2755
1 0.3567 0.5405 0.0385 0.1838
1 0.5570 0.6629 0.1368 0.3465
1 0.4913 0.6483 0.1147 0.2969
1 0.1896 0.6791 0.2562 0.6418
1 0.1737 0.4751 0.0454 0.1315
1 0.5805 0.7442 0.0981 0.3321
1 0.3288 0.5821 0.0276 0.0792
1 0.8118 0.5999 0.0561 0.1246
28 0.3745 0.5650 0.0164 0.0922
1 0.4223 0.5930 0.0918 0.2087
