1 0.5774 0.5839 0.1839 0.2473
1 0.7440 0.5453 0.0452 0.1876
1 0.8760 0.5483 0.0319 0.0768
1 0.6805 0.5498 0.0285 0.0686
1 0.9559 0.5315 0.0199 0.0289
2 0.7111 0.5861 0.0285 0.0761
1 0.9717 0.5115 0.0076 0.0165
1 0.4513 0.4602 0.0177 0.0414
1 0.3595 0.5253 0.0137 0.0269
1 0.3148 0.5329 0.0142 0.0336
2 0.1807 0.5648 0.0388 0.0322
2 0.4877 0.6071 0.0710 0.0439
3 0.1365 0.5344 0.0126 0.0341
34 0.5344 0.5599 0.0394 0.0216
1 0.6028 0.5228 0.0093 0.0239
1 0.9190 0.5388 0.0121 0.0239
2 0.7608 0.5978 0.0332 0.0552
1 0.3477 0.5340 0.0037 0.0056
1 0.8821 0.5110 0.0093 0.0210
2 0.6569 0.6187 0.0073 0.0060
3 0.2636 0.5419 0.0117 0.0144
