1 0.4633 0.7023 0.1024 0.5281
1 0.5196 0.3906 0.1218 0.5830
1 0.7900 0.2772 0.0903 0.2824
1 0.9214 0.5165 0.1573 0.8153
31 0.5415 0.3136 0.0802 0.2551
31 0.7754 0.4159 0.0682 0.1113
31 0.8313 0.3579 0.0394 0.0981
33 0.6047 0.4684 0.1026 0.2639
1 0.6887 0.3666 0.1090 0.5531
3 0.1507 0.3504 0.0453 0.0334
3 0.0760 0.3471 0.0408 0.0298
3 0.0714 0.8910 0.1403 0.1910
6 0.2395 0.4865 0.1632 0.1594
33 0.7397 0.4860 0.0570 0.1754
33 0.7732 0.4141 0.0706 0.1136
33 0.7441 0.3056 0.0091 0.0600
15 0.0232 0.6922 0.0378 0.0455
27 0.6523 0.3385 0.0168 0.1011
88 0.4708 0.6779 0.0449 0.1004
33 0.5181 0.7202 0.0421 0.1272
6 0.0856 0.5291 0.1691 0.1372
