1 0.3689 0.5367 0.0285 0.0840
1 0.1769 0.4738 0.0318 0.0952
1 0.2991 0.2869 0.0059 0.0188
1 0.1914 0.2794 0.0070 0.0263
1 0.3896 0.5484 0.0140 0.0243
35 0.3701 0.5802 0.0340 0.0134
35 0.1268 0.4057 0.0194 0.0096
1 0.1795 0.2991 0.0111 0.0300
1 0.3087 0.2748 0.0058 0.0164
1 0.2287 0.2938 0.0145 0.0158
36 0.3702 0.5771 0.0348 0.0101
1 0.1365 0.3762 0.0296 0.0586
1 0.2251 0.2712 0.0089 0.0226
1 0.1616 0.2829 0.0149 0.0262
1 0.3262 0.2863 0.0066 0.0098
1 0.6369 0.4879 0.0086 0.0127
36 0.2294 0.2999 0.0150 0.0040
35 0.1831 0.5187 0.0441 0.0071
1 0.4523 0.3998 0.6047 0.2914
