44 0.6952 0.2191 0.1390 0.1240
50 0.4309 0.5427 0.1142 0.1134
51 0.4696 0.7309 0.3345 0.2928
87 0.1224 0.5370 0.0852 0.1007
44 0.4855 0.1163 0.0806 0.2282
56 0.4044 0.7305 0.0347 0.0624
56 0.5183 0.7311 0.1669 0.2584
47 0.2190 0.2674 0.0396 0.0655
47 0.2013 0.2556 0.0340 0.0611
47 0.2403 0.2540 0.0242 0.0640
47 0.2585 0.2028 0.0312 0.0409
47 0.2296 0.2236 0.0338 0.0232
47 0.0277 0.1101 0.0403 0.0306
67 0.4974 0.6684 0.9016 0.6373
87 0.2623 0.6214 0.0822 0.2316
47 0.0344 0.1316 0.0382 0.0234
51 0.7364 0.6260 0.2143 0.1766
56 0.4363 0.7050 0.0426 0.0780
47 0.2562 0.2638 0.0218 0.0652
47 0.2536 0.2231 0.0199 0.0294
