43 0.4052 0.6350 0.0213 0.2728
1 0.4850 0.5404 0.1913 0.7393
1 0.3427 0.2173 0.1088 0.2471
1 0.2335 0.2786 0.0750 0.1097
1 0.9413 0.2888 0.0973 0.1432
1 0.6190 0.2959 0.0792 0.1076
1 0.7877 0.2512 0.0879 0.2011
1 0.4077 0.1578 0.0369 0.0753
1 0.4377 0.1949 0.0363 0.0800
1 0.1795 0.2796 0.0688 0.0976
1 0.4606 0.1386 0.0295 0.0453
1 0.6545 0.2206 0.0849 0.1294
1 0.6210 0.1393 0.0287 0.0448
37 0.5609 0.8108 0.0286 0.0367
1 0.4961 0.1460 0.0284 0.0457
37 0.5597 0.7365 0.0207 0.1052
1 0.6789 0.1708 0.5891 0.3417
