2 0.6573 0.7921 0.4011 0.3933
2 0.0405 0.4944 0.0742 0.1888
1 0.3508 0.4638 0.1011 0.4141
1 0.1556 0.4954 0.1491 0.5124
1 0.9222 0.4584 0.1556 0.8404
1 0.7400 0.4009 0.0932 0.2357
1 0.5411 0.3675 0.0243 0.0349
1 0.9870 0.5365 0.0260 0.2526
1 0.6805 0.4566 0.0626 0.3127
15 0.8632 0.8753 0.2736 0.2270
15 0.5996 0.7174 0.0727 0.0542
47 0.6735 0.6608 0.0331 0.0992
67 0.7879 0.7173 0.4242 0.2406
2 0.9372 0.6394 0.1256 0.2569
2 0.2847 0.5037 0.0741 0.0860
1 0.5386 0.6195 0.3097 0.7351
1 0.6325 0.4414 0.1228 0.3526
