85 0.4848 0.2807 0.1191 0.2020
1 0.4305 0.8756 0.0936 0.2466
1 0.3539 0.8844 0.1045 0.2000
1 0.1235 0.7965 0.0324 0.1550
1 0.4489 0.8089 0.0760 0.1997
1 0.8842 0.8421 0.0312 0.1777
1 0.9121 0.8133 0.0521 0.1834
1 0.0940 0.8156 0.0417 0.2147
31 0.2991 0.8757 0.0409 0.1401
31 0.4216 0.9071 0.0661 0.1859
31 0.1632 0.8290 0.0160 0.0332
1 0.3007 0.8121 0.0499 0.1947
31 0.3494 0.9368 0.0522 0.0881
77 0.8364 0.7715 0.0087 0.0090
1 0.5000 0.8216 0.0452 0.1827
1 0.4612 0.7528 0.0295 0.0599
31 0.5256 0.7668 0.0135 0.0348
1 0.4977 0.7247 0.0136 0.0298
1 0.8464 0.8482 0.0457 0.1850
1 0.1570 0.8367 0.0510 0.2001
1 0.5211 0.8479 0.8391 0.3000
