1 0.6617 0.4963 0.6767 0.9663
47 0.2580 0.6382 0.1243 0.0854
49 0.4165 0.6752 0.4447 0.0725
51 0.3772 0.8353 0.2695 0.1618
51 0.1192 0.6931 0.1496 0.0908
1 0.7191 0.4234 0.1628 0.1791
47 0.4396 0.6324 0.1207 0.0740
47 0.1314 0.4126 0.0745 0.0936
47 0.1240 0.6914 0.1442 0.0897
47 0.0889 0.6154 0.0746 0.0685
47 0.0665 0.6463 0.0677 0.0789
47 0.0217 0.6853 0.0434 0.0833
44 0.1555 0.5872 0.0780 0.1470
47 0.1468 0.7861 0.2234 0.0840
47 0.1480 0.8751 0.2051 0.0950
47 0.1408 0.8267 0.2024 0.0321
47 0.4726 0.5045 0.0413 0.0296
81 0.6088 0.4318 0.0944 0.0630
81 0.5657 0.4895 0.2185 0.0657
