72 0.6660 0.4269 0.1229 0.1215
62 0.9100 0.8368 0.0813 0.1627
67 0.3856 0.8101 0.5986 0.3451
62 0.1456 0.7240 0.0146 0.0529
63 0.9166 0.7033 0.1665 0.2651
47 0.5875 0.8602 0.0363 0.0561
47 0.5266 0.7660 0.0271 0.0426
47 0.4537 0.7185 0.0184 0.0302
59 0.5930 0.9369 0.1159 0.0618
59 0.5248 0.8178 0.0838 0.0329
59 0.4835 0.7460 0.0458 0.0143
31 0.2447 0.6058 0.0437 0.1323
1 0.5059 0.6271 0.1808 0.2831
1 0.6655 0.6902 0.1521 0.3730
1 0.7712 0.7721 0.2242 0.4535
1 0.4482 0.5958 0.0835 0.1724
1 0.2986 0.5732 0.0437 0.1494
1 0.1895 0.6166 0.1090 0.2269
1 0.6028 0.5908 0.0513 0.1035
1 0.6701 0.4834 0.0428 0.0971
47 0.3461 0.6395 0.0172 0.0235
59 0.1815 0.9637 0.1076 0.0654
59 0.4356 0.7107 0.0171 0.0143
59 0.4059 0.6877 0.0247 0.0045
59 0.3963 0.6587 0.0170 0.0058
59 0.3845 0.6885 0.0155 0.0052
59 0.3916 0.6637 0.0128 0.0059
59 0.2858 0.6643 0.0328 0.0177
59 0.1753 0.7579 0.0630 0.0156
1 0.5929 0.4887 0.0300 0.0830
1 0.7959 0.4993 0.0292 0.0487
1 0.1183 0.8830 0.2366 0.2332
62 0.8840 0.9371 0.2013 0.1259
62 0.9223 0.7151 0.1554 0.2336
1 0.0717 0.7553 0.1435 0.2634
59 0.4495 0.7599 0.0244 0.0123
59 0.6097 0.6519 0.0234 0.0260
62 0.6233 0.6438 0.0322 0.0789
63 0.7657 0.5768 0.1373 0.1087
31 0.4027 0.9201 0.1515 0.1580
1 0.5000 0.6448 0.9969 0.4979
59 0.3688 0.6854 0.6750 0.2875
