1 0.3614 0.6151 0.1215 0.4147
1 0.5251 0.5639 0.0588 0.3359
1 0.6080 0.5871 0.0917 0.3857
1 0.6948 0.5577 0.0778 0.3003
1 0.7658 0.5438 0.1017 0.3730
1 0.8584 0.5521 0.0918 0.3128
1 0.3383 0.5671 0.0536 0.3014
33 0.1277 0.7674 0.1911 0.4652
33 0.2089 0.8297 0.1832 0.3338
1 0.9331 0.5223 0.0683 0.2583
1 0.9832 0.5120 0.0335 0.0629
27 0.6819 0.6969 0.0813 0.0698
27 0.7872 0.7622 0.1055 0.1171
31 0.5913 0.5401 0.0579 0.1645
31 0.8452 0.4998 0.0234 0.1105
33 0.9152 0.7244 0.0692 0.1487
33 0.9668 0.7089 0.0657 0.2347
1 0.1217 0.4691 0.0341 0.0964
1 0.1908 0.4439 0.0540 0.1510
27 0.7374 0.5502 0.0299 0.1049
27 0.5160 0.6980 0.0483 0.1054
31 0.7167 0.7349 0.0439 0.0416
31 0.3008 0.5780 0.0334 0.0497
31 0.5506 0.5170 0.0142 0.0616
33 0.3914 0.7302 0.0835 0.1888
33 0.0988 0.6962 0.0766 0.0629
33 0.3017 0.6380 0.0499 0.0762
1 0.0865 0.5341 0.0774 0.3033
27 0.8064 0.5065 0.0385 0.1235
1 0.0251 0.4852 0.0473 0.1450
1 0.4742 0.5563 0.7047 0.5822
