64 0.4097 0.1776 0.1107 0.1059
62 0.8382 0.8798 0.3164 0.2060
62 0.2910 0.8865 0.3507 0.2271
67 0.4946 0.8119 0.9892 0.3762
1 0.4864 0.4400 0.3354 0.4150
1 0.7711 0.4315 0.3404 0.4627
46 0.1220 0.7053 0.0755 0.1348
47 0.0418 0.7246 0.0506 0.1090
47 0.2072 0.6185 0.0459 0.1021
51 0.6953 0.7385 0.1241 0.0721
51 0.3274 0.7067 0.1148 0.0632
48 0.1881 0.7684 0.0377 0.0663
54 0.7086 0.7254 0.0802 0.0447
64 0.7092 0.1752 0.0754 0.1136
46 0.9522 0.7017 0.0665 0.1018
46 0.8018 0.5971 0.0733 0.1843
46 0.3975 0.7031 0.0416 0.1228
47 0.4554 0.7146 0.0521 0.1289
47 0.7008 0.6400 0.0435 0.1015
48 0.7915 0.7728 0.0283 0.0463
51 0.5871 0.6676 0.1565 0.0699
