3 0.2048 0.7962 0.4037 0.2522
3 0.0891 0.7081 0.1752 0.0941
3 0.6117 0.6910 0.0631 0.0373
62 0.4921 0.8662 0.0986 0.2268
1 0.5191 0.8439 0.0924 0.1754
1 0.6404 0.8538 0.1423 0.1391
1 0.4090 0.7151 0.0267 0.0936
1 0.4569 0.8090 0.0541 0.1663
1 0.5322 0.6819 0.0072 0.0265
1 0.4605 0.6832 0.0103 0.0307
1 0.0398 0.6830 0.0129 0.0479
3 0.6511 0.6800 0.0263 0.0193
18 0.6136 0.8682 0.1158 0.1017
38 0.4097 0.4026 0.1179 0.1115
38 0.5502 0.2817 0.1183 0.1006
38 0.7923 0.1412 0.2754 0.2165
38 0.8928 0.4594 0.0312 0.0600
38 0.5187 0.1399 0.0289 0.0324
38 0.8103 0.6453 0.1662 0.1193
38 0.8401 0.6007 0.0668 0.0509
38 0.9239 0.6452 0.0328 0.0396
38 0.2856 0.5459 0.2596 0.1412
38 0.9723 0.5197 0.0391 0.0217
38 0.9081 0.6067 0.0204 0.0215
62 0.4382 0.8442 0.0296 0.0875
77 0.5071 0.8005 0.0120 0.0157
51 0.4122 0.9064 0.0185 0.0157
1 0.0253 0.6883 0.0132 0.0400
1 0.4174 0.6827 0.0078 0.0233
3 0.4604 0.6523 0.0159 0.0127
8 0.6522 0.6791 0.0364 0.0218
8 0.6122 0.6711 0.0373 0.0209
38 0.9598 0.4539 0.0804 0.0567
