1 0.6606 0.7182 0.0894 0.2721
1 0.1723 0.6007 0.0192 0.0316
1 0.5880 0.6278 0.0222 0.0810
1 0.3595 0.6229 0.0224 0.0752
1 0.6429 0.6127 0.0148 0.0577
1 0.3226 0.5812 0.0113 0.0499
41 0.6487 0.8347 0.0785 0.0543
41 0.5027 0.6823 0.0208 0.0084
8 0.2827 0.6010 0.1404 0.0989
8 0.1012 0.6072 0.1784 0.1105
1 0.2721 0.6237 0.0176 0.0787
1 0.1026 0.6263 0.0113 0.0352
1 0.0917 0.6284 0.0198 0.0852
1 0.1540 0.6334 0.0145 0.0648
1 0.1987 0.6154 0.0144 0.0638
3 0.5804 0.6019 0.1158 0.0509
3 0.7408 0.6200 0.1446 0.1044
1 0.2063 0.6272 0.0186 0.0773
3 0.4023 0.5926 0.0352 0.0147
1 0.3474 0.5951 0.0089 0.0197
1 0.2602 0.5972 0.5172 0.1686
