44 0.4012 0.5238 0.0349 0.0331
67 0.1905 0.8954 0.3810 0.2092
67 0.3925 0.7461 0.7850 0.4854
1 0.0510 0.5086 0.0664 0.2534
1 0.9768 0.6038 0.0441 0.0525
51 0.1637 0.8851 0.1832 0.0788
51 0.2030 0.6742 0.1770 0.0802
79 0.9591 0.5248 0.0818 0.3572
44 0.3175 0.5606 0.0375 0.1012
44 0.2983 0.5800 0.0422 0.0881
50 0.5001 0.5748 0.0806 0.0302
51 0.0362 0.8474 0.0724 0.0684
51 0.0372 0.8816 0.0697 0.0677
51 0.5613 0.6864 0.1925 0.0652
79 0.8367 0.4925 0.1386 0.2716
1 0.1260 0.4889 0.1277 0.2661
51 0.6062 0.7352 0.1975 0.1051
44 0.4687 0.5509 0.0409 0.0621
51 0.1624 0.8489 0.1883 0.0689
