18 0.2562 0.6068 0.1301 0.1441
18 0.3606 0.6446 0.0790 0.1728
28 0.5843 0.1592 0.4980 0.3132
27 0.7617 0.4093 0.0748 0.0971
31 0.1221 0.6139 0.1687 0.2462
1 0.4995 0.5786 0.4191 0.8337
1 0.3567 0.4798 0.0884 0.2769
1 0.0906 0.6306 0.1813 0.6532
1 0.2153 0.5034 0.1550 0.3910
1 0.9487 0.6916 0.1026 0.5405
1 0.7574 0.4149 0.0888 0.3004
1 0.8427 0.2862 0.0491 0.0287
1 0.7210 0.4491 0.0545 0.1908
1 0.8316 0.6464 0.3166 0.7072
1 0.9374 0.3409 0.0616 0.0872
1 0.0212 0.4119 0.0424 0.1504
1 0.7864 0.3790 0.1131 0.1719
