3 0.6790 0.6850 0.0733 0.0497
10 0.7306 0.4264 0.0187 0.0618
11 0.8054 0.6958 0.0108 0.0414
1 0.7772 0.6947 0.0169 0.0811
1 0.7936 0.6927 0.0208 0.0831
1 0.5902 0.7046 0.0360 0.1067
1 0.8655 0.6820 0.0214 0.0627
1 0.1601 0.7104 0.0341 0.1120
3 0.1753 0.6763 0.0222 0.0204
8 0.3351 0.7079 0.1364 0.1169
10 0.5589 0.6068 0.0129 0.0613
10 0.8422 0.6090 0.0111 0.0246
10 0.8054 0.6085 0.0134 0.0185
15 0.1457 0.7955 0.0997 0.0869
15 0.4816 0.9534 0.2932 0.0932
15 0.2544 0.8841 0.1871 0.1806
1 0.5730 0.6665 0.0118 0.0234
1 0.1377 0.6983 0.0216 0.1158
10 0.2227 0.5794 0.0262 0.0349
3 0.6486 0.6775 0.0139 0.0145
3 0.5517 0.6848 0.0215 0.0350
3 0.5845 0.6812 0.0449 0.0377
