67 0.4871 0.6888 0.9708 0.5865
1 0.4500 0.3027 0.3040 0.4827
1 0.1532 0.3287 0.3027 0.6345
1 0.8986 0.7288 0.2028 0.5424
48 0.5398 0.4959 0.1134 0.0696
51 0.3798 0.5654 0.0886 0.0938
51 0.4355 0.9294 0.1581 0.1144
59 0.7365 0.5353 0.2056 0.1101
59 0.5416 0.6478 0.2204 0.2023
59 0.2162 0.7976 0.3371 0.3012
48 0.8519 0.6039 0.0623 0.1353
48 0.8532 0.4192 0.0750 0.1499
1 0.9051 0.2341 0.1895 0.4682
47 0.5306 0.8382 0.1167 0.1997
47 0.7069 0.7575 0.1345 0.3265
47 0.7012 0.3583 0.0647 0.1317
47 0.0692 0.5377 0.1266 0.2494
47 0.9769 0.4611 0.0463 0.1560
47 0.4350 0.9413 0.1358 0.1175
