62 0.6694 0.7846 0.1215 0.2415
65 0.4010 0.8481 0.8020 0.2685
72 0.5885 0.6383 0.0813 0.0826
76 0.6168 0.6924 0.0718 0.0148
84 0.6557 0.3738 0.0073 0.0646
84 0.6957 0.4598 0.0118 0.0529
84 0.6861 0.4637 0.0082 0.0442
84 0.6549 0.4553 0.0072 0.0675
84 0.7645 0.3643 0.0059 0.0579
84 0.6683 0.4606 0.0105 0.0575
84 0.7441 0.3623 0.0083 0.0669
84 0.7161 0.3644 0.0099 0.0629
84 0.7669 0.4453 0.0094 0.0785
84 0.6811 0.3695 0.0064 0.0609
84 0.7557 0.4541 0.0156 0.0619
84 0.7453 0.4538 0.0099 0.0570
72 0.6653 0.6373 0.0774 0.0885
74 0.6853 0.6926 0.0105 0.0120
84 0.7198 0.4534 0.0098 0.0606
84 0.7133 0.4042 0.1078 0.2458
