1 0.3952 0.4203 0.2556 0.2921
1 0.3355 0.5269 0.5163 0.2344
53 0.2159 0.5195 0.0603 0.0303
53 0.2361 0.1336 0.0425 0.0364
53 0.5665 0.1058 0.0282 0.0198
53 0.7390 0.0898 0.0316 0.0193
53 0.9381 0.1141 0.0334 0.0224
53 0.5470 0.1992 0.0338 0.0196
53 0.6665 0.2484 0.0261 0.0175
31 0.6569 0.7295 0.3176 0.2311
53 0.5733 0.1943 0.0270 0.0165
53 0.6430 0.2537 0.0242 0.0171
53 0.6629 0.2702 0.0327 0.0133
53 0.7318 0.2979 0.0280 0.0152
53 0.2695 0.1501 0.0459 0.0267
53 0.9501 0.2281 0.0364 0.0196
53 0.6358 0.2313 0.6919 0.3406
