47 0.1231 0.8787 0.0678 0.1385
48 0.9518 0.7701 0.0964 0.0994
50 0.1204 0.8503 0.1174 0.1118
61 0.8027 0.8990 0.0959 0.0636
61 0.4585 0.9012 0.0948 0.0487
61 0.1929 0.8933 0.0298 0.0566
61 0.1703 0.7863 0.0630 0.0548
1 0.5427 0.7202 0.3350 0.4202
1 0.4541 0.4708 0.2650 0.8742
1 0.8707 0.7011 0.2586 0.3910
1 0.6759 0.5393 0.2561 0.7191
1 0.5146 0.4870 0.9709 0.8545
48 0.5113 0.9250 0.1397 0.0311
61 0.7678 0.3761 0.4643 0.1351
64 0.1205 0.3831 0.2375 0.5584
67 0.5010 0.9429 0.9977 0.1143
48 0.9818 0.3595 0.0168 0.0256
48 0.6644 0.3989 0.0114 0.0195
50 0.9525 0.7694 0.0951 0.1004
