20 0.9079 0.9017 0.1811 0.1966
20 0.7940 0.9251 0.1322 0.1266
20 0.7442 0.8189 0.1493 0.2575
20 0.6504 0.8898 0.1177 0.2032
20 0.6063 0.7288 0.1038 0.2318
20 0.7027 0.6454 0.0970 0.1473
20 0.5301 0.6435 0.1026 0.2408
20 0.5683 0.5696 0.0663 0.0839
4 0.1537 0.5125 0.1124 0.3000
6 0.2603 0.1428 0.1156 0.2305
1 0.1688 0.3854 0.1163 0.3306
1 0.3481 0.2761 0.0400 0.1753
20 0.6319 0.6444 0.0804 0.1933
20 0.7483 0.5727 0.0894 0.1130
20 0.8394 0.7659 0.1443 0.1484
20 0.4814 0.5359 0.0478 0.1870
20 0.5270 0.4428 0.0390 0.0660
1 0.2256 0.1041 0.0356 0.0398
20 0.4867 0.4137 0.0409 0.0754
1 0.2792 0.2427 0.0284 0.1422
8 0.3374 0.1619 0.0392 0.0679
20 0.5047 0.4481 0.0312 0.1509
