64 0.6834 0.7444 0.2534 0.5028
47 0.3490 0.7388 0.0210 0.0386
47 0.4913 0.7495 0.0237 0.0393
86 0.7278 0.5954 0.0146 0.0175
86 0.2435 0.9644 0.0519 0.0713
46 0.3500 0.7387 0.0187 0.0391
47 0.3603 0.7266 0.0198 0.0300
51 0.2847 0.7246 0.0203 0.0200
64 0.2132 0.8713 0.4263 0.2574
47 0.4423 0.7402 0.0124 0.0242
47 0.2826 0.7249 0.0163 0.0169
47 0.2978 0.7185 0.0191 0.0212
62 0.6280 0.6600 0.0717 0.1307
64 0.2004 0.7949 0.1632 0.2753
67 0.4030 0.8037 0.4412 0.3918
86 0.3247 0.7166 0.0176 0.0457
27 0.5823 0.7274 0.0541 0.0429
51 0.5867 0.7669 0.0382 0.0292
