64 0.4668 0.4393 0.1260 0.1910
63 0.9267 0.7075 0.1451 0.2937
62 0.1504 0.6719 0.0701 0.1811
62 0.2689 0.6445 0.0816 0.1945
62 0.5107 0.5563 0.0744 0.1516
67 0.2484 0.6516 0.3139 0.1948
15 0.3611 0.7539 0.3641 0.3034
53 0.3831 0.5573 0.0091 0.0121
53 0.3891 0.5519 0.0115 0.0170
62 0.3457 0.5353 0.0332 0.0331
62 0.9303 0.9153 0.1393 0.1636
67 0.4103 0.5864 0.1672 0.1307
86 0.6187 0.4708 0.0159 0.0332
86 0.8779 0.5060 0.0242 0.0541
53 0.3684 0.5555 0.0183 0.0174
62 0.1204 0.7929 0.1586 0.2938
84 0.2074 0.4151 0.0053 0.0593
84 0.2244 0.4116 0.0080 0.0549
84 0.2250 0.5172 0.0165 0.0555
84 0.2445 0.4095 0.0075 0.0545
84 0.2004 0.2815 0.0442 0.0529
84 0.2730 0.4055 0.0040 0.0549
84 0.2783 0.4757 0.0080 0.0507
84 0.3041 0.3996 0.0150 0.0566
84 0.3310 0.3932 0.0056 0.0578
84 0.1919 0.3256 0.0035 0.0220
84 0.2132 0.3334 0.0048 0.0470
84 0.2401 0.3347 0.0090 0.0454
44 0.3376 0.2114 0.0092 0.0513
84 0.1978 0.4166 0.0096 0.0590
86 0.8541 0.5087 0.0153 0.0367
84 0.2883 0.4259 0.2297 0.3435
