62 0.2395 0.7466 0.0994 0.4324
62 0.7641 0.2840 0.1028 0.1377
62 0.9029 0.4858 0.1474 0.1919
67 0.9794 0.4146 0.0412 0.0472
1 0.4989 0.5717 0.3698 0.8262
1 0.4695 0.2105 0.3019 0.4176
1 0.9423 0.1861 0.1152 0.3273
1 0.0277 0.4219 0.0494 0.5079
47 0.5536 0.1503 0.0421 0.0513
75 0.3802 0.7034 0.0721 0.1932
86 0.8665 0.5603 0.0440 0.1226
47 0.7735 0.3482 0.0330 0.0571
47 0.8973 0.1636 0.0292 0.0602
51 0.9537 0.3711 0.0881 0.0574
62 0.2200 0.4860 0.0558 0.1287
62 0.7005 0.5942 0.0736 0.0351
1 0.6564 0.3864 0.1689 0.3989
67 0.8433 0.3282 0.3122 0.2470
47 0.8156 0.3498 0.0291 0.0354
63 0.8171 0.8065 0.3658 0.3618
