27 0.6306 0.5645 0.0619 0.1520
27 0.8769 0.6612 0.0580 0.0837
27 0.8348 0.5654 0.0222 0.1154
27 0.4700 0.5308 0.0627 0.1223
31 0.9410 0.6447 0.0699 0.1276
33 0.9114 0.6319 0.0229 0.1183
1 0.1730 0.6016 0.0958 0.3752
1 0.2458 0.6210 0.0854 0.4092
1 0.3537 0.5801 0.0551 0.2319
1 0.4213 0.6128 0.0941 0.3466
1 0.6881 0.5982 0.0671 0.2899
1 0.7935 0.6041 0.0779 0.3472
1 0.9483 0.6521 0.0738 0.3348
27 0.3047 0.5576 0.0377 0.0962
33 0.2299 0.6967 0.0436 0.1417
33 0.2970 0.7299 0.0389 0.0619
77 0.2036 0.5598 0.0055 0.0072
1 0.0453 0.6281 0.0839 0.3753
1 0.1260 0.6370 0.0573 0.2776
1 0.5083 0.6233 0.0970 0.3686
31 0.5744 0.5664 0.0505 0.1207
