37 0.5043 0.8267 0.0228 0.0342
1 0.6597 0.5845 0.2885 0.7928
1 0.0989 0.1816 0.1090 0.2890
1 0.2854 0.1728 0.1094 0.3131
1 0.4973 0.1753 0.0880 0.3039
1 0.7127 0.1141 0.1234 0.2074
1 0.8404 0.1727 0.0983 0.3288
1 0.6003 0.1149 0.1157 0.2185
1 0.0339 0.1892 0.0677 0.3013
1 0.3992 0.1779 0.1054 0.3155
1 0.4462 0.1064 0.0724 0.1935
1 0.9435 0.1071 0.0872 0.2141
62 0.8417 0.2341 0.0968 0.1988
1 0.1874 0.1685 0.0960 0.3011
62 0.7297 0.2332 0.1134 0.1364
62 0.4443 0.2909 0.0195 0.0855
43 0.7757 0.6443 0.0671 0.2939
