4 0.1144 0.8803 0.1100 0.2135
55 0.7805 0.7870 0.0103 0.0168
55 0.2833 0.5767 0.0276 0.0615
52 0.6799 0.5388 0.0184 0.0488
52 0.6213 0.5387 0.0166 0.0527
52 0.5611 0.5102 0.0638 0.0779
52 0.5883 0.3837 0.0132 0.0425
52 0.5852 0.3010 0.0344 0.0384
52 0.2463 0.3994 0.0413 0.0554
52 0.4705 0.3045 0.0251 0.0291
52 0.3742 0.4473 0.0191 0.0340
52 0.7140 0.5062 0.0152 0.0360
52 0.7043 0.5077 0.0220 0.0446
53 0.4196 0.6184 0.0073 0.0115
53 0.4247 0.6163 0.1077 0.0372
53 0.4016 0.6957 0.0221 0.0201
53 0.4666 0.6603 0.0076 0.0131
53 0.4222 0.5850 0.1188 0.0697
53 0.4304 0.6548 0.1091 0.0466
53 0.3834 0.6857 0.0101 0.0136
52 0.3242 0.3717 0.0413 0.0520
52 0.6447 0.3644 0.0343 0.0395
52 0.6595 0.5490 0.0427 0.0687
52 0.4938 0.4361 0.6312 0.2778
