1 0.7897 0.5022 0.0886 0.2564
1 0.0356 0.4645 0.0698 0.2235
1 0.9718 0.1756 0.0553 0.2456
1 0.9321 0.1032 0.0673 0.2064
1 0.9088 0.0899 0.0331 0.1797
1 0.9775 0.0518 0.0436 0.0991
22 0.6080 0.7079 0.2894 0.5618
1 0.8792 0.0848 0.0376 0.1672
1 0.8401 0.0705 0.0442 0.1358
22 0.5883 0.4728 0.1629 0.2917
22 0.4455 0.2667 0.1375 0.1453
22 0.4301 0.4384 0.1808 0.3244
22 0.2469 0.6766 0.1958 0.3870
22 0.1141 0.7928 0.2062 0.4133
22 0.5768 0.3034 0.1425 0.1693
22 0.4262 0.6524 0.1055 0.3148
1 0.9478 0.0595 0.0237 0.1189
