1 0.9321 0.5672 0.1321 0.5740
46 0.4437 0.1772 0.1280 0.2292
46 0.5819 0.1957 0.1350 0.2114
47 0.5041 0.8392 0.1832 0.2016
47 0.8063 0.4250 0.0830 0.0849
48 0.2929 0.8646 0.3069 0.0750
48 0.8364 0.8717 0.2355 0.0523
49 0.2436 0.9039 0.3731 0.0959
49 0.8101 0.9086 0.2962 0.0436
46 0.6786 0.2124 0.1472 0.2193
46 0.2158 0.1612 0.1091 0.2329
46 0.7698 0.2193 0.1412 0.2123
46 0.3363 0.1818 0.1259 0.2393
51 0.2095 0.3307 0.0911 0.1228
51 0.7076 0.3846 0.0795 0.0800
51 0.8057 0.4241 0.0818 0.0796
51 0.4575 0.4666 0.0884 0.0937
62 0.0416 0.2371 0.0832 0.1921
47 0.6515 0.8510 0.1969 0.1988
47 0.7065 0.3823 0.0789 0.0844
47 0.5928 0.3580 0.0805 0.0802
51 0.3068 0.3828 0.0950 0.1198
51 0.5922 0.3599 0.0790 0.0809
67 0.5045 0.4429 0.7843 0.4738
67 0.1718 0.6117 0.1630 0.0909
67 0.5289 0.6027 0.9042 0.7945
54 0.6303 0.6903 0.0963 0.1293
1 0.4456 0.1156 0.4437 0.2311
54 0.5092 0.7016 0.1510 0.1290
