37 0.7913 0.6116 0.0294 0.0314
62 0.9290 0.0401 0.0964 0.0494
62 0.7332 0.0542 0.1022 0.0584
62 0.8352 0.0495 0.1031 0.0629
39 0.6135 0.4555 0.0830 0.0274
40 0.4295 0.6100 0.0522 0.1094
1 0.1519 0.5752 0.2063 0.5047
1 0.7431 0.5193 0.2422 0.6296
1 0.1921 0.1483 0.1709 0.1753
1 0.4759 0.1458 0.1498 0.1999
1 0.6002 0.1020 0.0588 0.0820
1 0.6644 0.0720 0.1039 0.1396
1 0.7292 0.1394 0.1107 0.1566
1 0.8193 0.1458 0.0856 0.1458
1 0.9279 0.1506 0.1051 0.1427
1 0.3228 0.6441 0.2679 0.3942
1 0.5602 0.0701 0.0862 0.1371
1 0.4544 0.0763 0.1373 0.1526
62 0.8654 0.1057 0.0858 0.0552
62 0.9500 0.0997 0.0999 0.0694
62 0.0549 0.2018 0.1098 0.0768
62 0.0521 0.1287 0.1014 0.0754
62 0.1330 0.1246 0.0588 0.0687
1 0.6114 0.1431 0.1291 0.1651
