6 0.4400 0.4876 0.5472 0.8108
1 0.8463 0.6764 0.0413 0.1896
1 0.9138 0.6620 0.0276 0.1174
1 0.7929 0.6715 0.0287 0.1739
1 0.9666 0.6869 0.0304 0.1637
1 0.7283 0.6132 0.0173 0.0408
1 0.9879 0.6926 0.0241 0.1552
3 0.7011 0.5737 0.0170 0.0179
3 0.6943 0.6003 0.0102 0.0253
6 0.7211 0.5795 0.0269 0.0416
31 0.9181 0.6498 0.0194 0.0598
32 0.2951 0.5228 0.0100 0.0624
1 0.3047 0.5116 0.0744 0.1248
1 0.7544 0.5899 0.0084 0.0323
1 0.9240 0.6558 0.0184 0.1315
3 0.7082 0.5722 0.0052 0.0280
10 0.7677 0.5624 0.0142 0.0408
31 0.7762 0.6629 0.0110 0.0331
1 0.8183 0.7009 0.0310 0.0732
8 0.7210 0.5783 0.0273 0.0425
3 0.8914 0.6345 0.0164 0.0423
31 0.9766 0.6636 0.0217 0.0540
