1 0.5239 0.5340 0.6000 0.8926
1 0.1064 0.4910 0.1589 0.6180
1 0.6964 0.2574 0.0740 0.2750
1 0.9223 0.2579 0.0565 0.0830
1 0.3718 0.4170 0.1529 0.5416
1 0.6573 0.5189 0.1483 0.7000
33 0.7753 0.6560 0.1339 0.3220
33 0.1130 0.8989 0.0635 0.2023
33 0.3462 0.8206 0.1618 0.2074
33 0.6687 0.9245 0.1262 0.1306
33 0.3119 0.8090 0.2249 0.2921
27 0.1581 0.3846 0.0964 0.2344
27 0.6582 0.3749 0.1075 0.2036
31 0.6777 0.8243 0.1200 0.3326
33 0.3231 0.9550 0.2845 0.0901
33 0.8613 0.8101 0.2594 0.3528
33 0.6499 0.7712 0.0647 0.1889
1 0.9386 0.2221 0.1200 0.1518
27 0.3611 0.2792 0.1131 0.1113
31 0.1780 0.4140 0.0581 0.1714
31 0.7368 0.5349 0.0589 0.1813
33 0.1759 0.9026 0.0537 0.1637
