44 0.6535 0.7446 0.0076 0.0310
44 0.6389 0.7435 0.0059 0.0096
62 0.8379 0.7095 0.0400 0.0928
38 0.8536 0.1691 0.0313 0.0288
38 0.3589 0.2894 0.0126 0.0103
38 0.2348 0.3348 0.0218 0.0121
38 0.1580 0.4330 0.0736 0.0707
38 0.2357 0.2956 0.0090 0.0229
38 0.3623 0.3818 0.0191 0.0271
1 0.3049 0.6813 0.0324 0.1702
1 0.3362 0.6847 0.0260 0.1603
1 0.2771 0.6749 0.0425 0.1692
1 0.2124 0.7182 0.0944 0.0806
1 0.1604 0.7247 0.0215 0.0517
1 0.6364 0.6591 0.0230 0.1016
1 0.6578 0.6576 0.0258 0.1088
1 0.7132 0.6647 0.0347 0.0366
1 0.9350 0.6633 0.0445 0.1790
1 0.9854 0.6619 0.0291 0.1722
1 0.8298 0.6961 0.0573 0.1110
1 0.1241 0.7149 0.0518 0.0800
27 0.6418 0.7551 0.0247 0.0299
31 0.6653 0.7524 0.0286 0.0375
38 0.5379 0.1539 0.2399 0.1553
38 0.2721 0.4123 0.0046 0.0070
38 0.0696 0.4445 0.0100 0.0127
38 0.1244 0.5541 0.0280 0.0331
38 0.5088 0.4274 0.0052 0.0167
62 0.7904 0.7105 0.0683 0.1212
1 0.4016 0.6560 0.0213 0.0815
31 0.3527 0.6578 0.0098 0.0354
38 0.4521 0.5648 0.0265 0.0198
1 0.4969 0.5152 0.9906 0.4089
38 0.4305 0.3481 0.8297 0.3551
