62 0.9199 0.8526 0.1424 0.0997
62 0.1666 0.9373 0.1481 0.1255
67 0.5612 0.9091 0.8777 0.1819
46 0.8590 0.8862 0.0377 0.1306
46 0.7449 0.8859 0.0393 0.1317
1 0.4711 0.5787 0.4770 0.8202
1 0.3182 0.5113 0.1113 0.2165
1 0.7712 0.7338 0.1536 0.3029
1 0.1291 0.6899 0.2317 0.6202
1 0.3481 0.4687 0.0522 0.1628
1 0.7248 0.5405 0.0558 0.2377
1 0.6675 0.4783 0.0699 0.1895
31 0.6171 0.9134 0.0832 0.1652
59 0.2187 0.5564 0.0405 0.0231
59 0.4289 0.6106 0.1365 0.0944
1 0.0194 0.6138 0.0388 0.4078
1 0.2097 0.6211 0.1046 0.4134
1 0.3882 0.4012 0.0416 0.1695
1 0.2675 0.4792 0.0177 0.0457
32 0.2878 0.5564 0.0229 0.0515
32 0.7565 0.7478 0.0238 0.0640
1 0.7506 0.4430 0.0049 0.0332
48 0.8762 0.9788 0.0184 0.0383
62 0.8503 0.8230 0.0573 0.1124
72 0.3067 0.3257 0.0362 0.0733
