62 0.6767 0.5851 0.0445 0.1478
62 0.6301 0.5952 0.0231 0.1197
1 0.4632 0.3826 0.3165 0.6033
1 0.1197 0.3809 0.2393 0.6854
1 0.3697 0.3425 0.3975 0.6791
1 0.8538 0.4475 0.2923 0.6840
1 0.0741 0.1690 0.0471 0.1273
1 0.0416 0.1556 0.0543 0.1350
47 0.1018 0.6658 0.0867 0.2211
47 0.1909 0.9382 0.1434 0.1235
47 0.9797 0.6843 0.0406 0.1690
47 0.9811 0.9100 0.0360 0.1797
54 0.3100 0.7215 0.1137 0.1184
56 0.3645 0.8418 0.0547 0.0923
56 0.4043 0.8310 0.0288 0.0349
56 0.5686 0.9070 0.0547 0.0547
56 0.4802 0.7956 0.0596 0.0431
56 0.4053 0.6903 0.0332 0.0322
56 0.4509 0.6800 0.0331 0.0397
56 0.5320 0.6693 0.0389 0.0507
56 0.4676 0.7437 0.0498 0.0471
56 0.5231 0.7616 0.0387 0.0413
62 0.6784 0.4132 0.0547 0.2439
62 0.2345 0.6624 0.0910 0.1232
67 0.4930 0.8536 0.9860 0.2928
1 0.7635 0.3315 0.1618 0.3753
1 0.1944 0.3960 0.1515 0.6031
54 0.6332 0.7129 0.0995 0.0870
54 0.2712 0.8684 0.1432 0.1242
54 0.4959 0.8932 0.1230 0.1025
54 0.2089 0.7582 0.0712 0.0757
56 0.3125 0.7946 0.0546 0.0502
50 0.7133 0.6603 0.0186 0.0658
54 0.3642 0.9086 0.1260 0.1008
56 0.4125 0.7302 0.5406 0.1729
