1 0.4475 0.5550 0.1080 0.5306
1 0.3465 0.5597 0.1132 0.5319
1 0.5474 0.5517 0.1095 0.5371
1 0.6401 0.5524 0.1400 0.5768
1 0.7308 0.5798 0.1186 0.6607
1 0.8297 0.5637 0.1183 0.6857
1 0.9160 0.6094 0.1680 0.7758
43 0.9027 0.5488 0.1472 0.2775
43 0.7484 0.5890 0.0858 0.0664
43 0.7388 0.6238 0.0920 0.0691
43 0.6069 0.4576 0.1527 0.2059
43 0.5252 0.6676 0.0539 0.2411
43 0.4477 0.6964 0.0686 0.2392
43 0.3507 0.5750 0.0851 0.0824
43 0.2727 0.5726 0.0642 0.2649
43 0.1992 0.6382 0.1584 0.0566
43 0.2182 0.5459 0.0633 0.0379
1 0.2452 0.5804 0.1141 0.5525
1 0.1562 0.6051 0.1268 0.5633
1 0.1231 0.6146 0.2462 0.7664
1 0.4009 0.3808 0.0397 0.0588
