52 0.3404 0.7256 0.0897 0.1472
52 0.2285 0.6578 0.0800 0.0959
52 0.4200 0.4435 0.5429 0.8165
52 0.5111 0.5024 0.0955 0.1294
57 0.6073 0.5804 0.2671 0.2317
57 0.3015 0.1696 0.0973 0.1835
57 0.1600 0.3146 0.1961 0.1688
57 0.5453 0.2584 0.1136 0.1447
57 0.5901 0.8828 0.1244 0.1365
52 0.4613 0.4217 0.1053 0.0914
52 0.5041 0.3537 0.0629 0.1040
53 0.4985 0.1662 0.0719 0.1128
53 0.5118 0.5072 0.1055 0.1339
53 0.5726 0.1780 0.0779 0.0970
53 0.6343 0.2281 0.0849 0.0900
53 0.3543 0.4674 0.0808 0.0819
53 0.4605 0.4225 0.1026 0.0903
53 0.5157 0.8411 0.0646 0.1536
53 0.6744 0.6269 0.0960 0.1325
57 0.4167 0.5561 0.1080 0.1669
57 0.3990 0.2766 0.1400 0.3222
57 0.6065 0.3434 0.1283 0.1944
50 0.8275 0.5484 0.3427 0.5544
55 0.6257 0.6299 0.0761 0.1537
55 0.2513 0.2897 0.0634 0.1442
55 0.6367 0.1149 0.0628 0.0810
53 0.1315 0.2258 0.1025 0.1168
