32 0.7669 0.3163 0.0252 0.1050
62 0.1993 0.7776 0.1095 0.1011
62 0.2555 0.8291 0.1159 0.1007
62 0.3136 0.7822 0.1108 0.1172
62 0.4240 0.7445 0.1120 0.0721
62 0.3533 0.8194 0.0730 0.0970
62 0.5208 0.7414 0.0810 0.0698
62 0.4840 0.8182 0.0849 0.0959
62 0.3089 0.9170 0.1117 0.1525
1 0.6834 0.5192 0.4457 0.9351
1 0.5480 0.8621 0.1326 0.2758
1 0.3990 0.8792 0.1393 0.2333
1 0.0704 0.8239 0.1285 0.3521
1 0.0205 0.6068 0.0387 0.1465
1 0.2611 0.6876 0.0746 0.1932
62 0.4633 0.9093 0.0578 0.1532
62 0.6743 0.8770 0.0987 0.1076
62 0.6562 0.9394 0.0958 0.1212
1 0.1644 0.6786 0.0824 0.1372
1 0.0822 0.6772 0.1206 0.1952
1 0.9160 0.8906 0.1003 0.2188
62 0.2032 0.9267 0.1605 0.1415
62 0.6106 0.9658 0.1242 0.0468
62 0.5516 0.7588 0.8938 0.3459
