1 0.7708 0.5236 0.4551 0.8854
1 0.3499 0.4243 0.3178 0.5124
1 0.5059 0.5577 0.1854 0.3785
1 0.0948 0.3149 0.1488 0.3694
1 0.0354 0.2769 0.0705 0.2631
1 0.1997 0.2718 0.1132 0.3160
1 0.2769 0.1149 0.0587 0.1878
47 0.5028 0.8873 0.1101 0.2239
58 0.6480 0.8650 0.0969 0.1473
1 0.3724 0.1502 0.0744 0.1326
1 0.7887 0.1361 0.1018 0.2162
1 0.0712 0.1849 0.0340 0.1037
31 0.8069 0.1251 0.0698 0.1135
47 0.0177 0.2686 0.0208 0.0418
47 0.7929 0.2279 0.0154 0.0408
47 0.2469 0.2376 0.0129 0.0237
47 0.2264 0.2403 0.0110 0.0202
47 0.8854 0.1967 0.0147 0.0280
50 0.7753 0.9461 0.1811 0.0486
67 0.5000 0.8034 1.0000 0.3932
67 0.8519 0.1917 0.0565 0.0156
1 0.9616 0.1584 0.0665 0.1110
1 0.0560 0.1674 0.0166 0.0591
31 0.3300 0.4392 0.0388 0.1684
58 0.3410 0.7645 0.0983 0.1086
67 0.2442 0.3154 0.0647 0.1600
67 0.9055 0.2256 0.1891 0.0358
1 0.5227 0.1337 0.0433 0.1251
67 0.0596 0.3003 0.1173 0.0380
67 0.8591 0.2606 0.2794 0.0403
1 0.5648 0.1929 0.8672 0.3671
