64 0.4831 0.3234 0.0727 0.1321
64 0.6274 0.3185 0.0829 0.1749
64 0.6650 0.3526 0.0605 0.1220
64 0.7223 0.3701 0.0599 0.0908
47 0.8953 0.6215 0.0681 0.0596
47 0.9331 0.6105 0.0469 0.0923
73 0.3708 0.4673 0.2085 0.2506
78 0.2565 0.4272 0.1608 0.1874
81 0.5917 0.5683 0.2194 0.1251
47 0.9388 0.5878 0.0636 0.0776
47 0.9294 0.5518 0.0629 0.0633
81 0.7067 0.5984 0.0919 0.0719
44 0.8451 0.3754 0.0319 0.1352
44 0.7854 0.3794 0.0408 0.1089
51 0.2562 0.3201 0.0668 0.0454
51 0.5472 0.3634 0.0577 0.0622
64 0.5593 0.2967 0.1286 0.2034
