3 0.6809 0.7115 0.1374 0.1474
3 0.5325 0.6941 0.1448 0.1596
3 0.3942 0.6963 0.1305 0.1348
3 0.2666 0.6957 0.1653 0.1242
3 0.1237 0.6917 0.1677 0.1279
3 0.7942 0.6912 0.1321 0.1184
1 0.4867 0.6206 0.0118 0.0267
1 0.4723 0.6172 0.0112 0.0276
1 0.3955 0.6130 0.0118 0.0323
3 0.6334 0.6919 0.0760 0.1481
6 0.6853 0.6040 0.0562 0.0967
6 0.6306 0.5911 0.0150 0.0614
6 0.2382 0.5843 0.0437 0.0377
3 0.0267 0.6911 0.0535 0.0886
3 0.9436 0.6535 0.1128 0.0926
3 0.0915 0.6506 0.0879 0.0566
6 0.7423 0.5863 0.0342 0.0448
1 0.4900 0.6234 0.0164 0.0224
3 0.0339 0.6521 0.0635 0.0448
3 0.4624 0.6443 0.0333 0.0330
