1 0.4894 0.4223 0.2004 0.6689
43 0.5631 0.1379 0.2036 0.0959
1 0.4973 0.1389 0.0710 0.1438
37 0.3451 0.3559 0.0128 0.0152
37 0.5562 0.2240 0.0098 0.0097
37 0.5579 0.2322 0.0103 0.0086
1 0.2284 0.1530 0.0963 0.3060
37 0.7437 0.2678 0.0078 0.0085
37 0.6875 0.2805 0.0109 0.0145
37 0.8563 0.2577 0.0070 0.0089
37 0.3177 0.1698 0.0106 0.0116
37 0.3082 0.1645 0.0121 0.0116
37 0.2598 0.1706 0.0084 0.0099
37 0.2974 0.1632 0.0101 0.0108
37 0.2449 0.1686 0.0106 0.0138
37 0.7673 0.3653 0.0120 0.0158
37 0.3236 0.1786 0.0070 0.0065
37 0.4350 0.2685 0.8660 0.2407
