7 0.5105 0.5607 0.5592 0.4157
28 0.3067 0.8103 0.4278 0.3758
28 0.1173 0.6749 0.2329 0.1190
28 0.5624 0.8323 0.2650 0.2400
28 0.4757 0.8418 0.0628 0.3152
1 0.3668 0.4856 0.0253 0.0519
1 0.2462 0.7958 0.0653 0.1154
1 0.3242 0.9771 0.2064 0.0457
1 0.9304 0.8377 0.0174 0.0734
1 0.2975 0.5000 0.0677 0.0604
1 0.5238 0.5678 0.0224 0.0516
1 0.4414 0.5403 0.0121 0.0438
1 0.6210 0.9321 0.0931 0.1353
1 0.4226 0.5298 0.0106 0.0520
1 0.5366 0.9276 0.0619 0.1447
28 0.6199 0.8125 0.0490 0.1956
28 0.9426 0.8031 0.0149 0.0462
1 0.3391 0.5191 0.0125 0.0193
1 0.4045 0.5220 0.0125 0.0488
1 0.4945 0.5726 0.4859 0.1897
