2 0.9441 0.4698 0.0649 0.1118
2 0.0578 0.5271 0.0446 0.1450
3 0.1274 0.3989 0.2032 0.1656
1 0.7189 0.5388 0.2539 0.9224
1 0.4565 0.3483 0.0302 0.1155
1 0.5527 0.3789 0.0652 0.2567
1 0.5094 0.3621 0.0345 0.1235
1 0.4866 0.3560 0.0247 0.0995
77 0.6940 0.2033 0.0261 0.0528
1 0.2366 0.3688 0.0417 0.0717
15 0.2476 0.4217 0.0476 0.0427
15 0.1591 0.8848 0.3182 0.2071
31 0.5482 0.3775 0.0445 0.0422
33 0.9857 0.5290 0.0286 0.1346
1 0.8667 0.3815 0.0775 0.2343
1 0.4296 0.3304 0.0168 0.0345
31 0.8585 0.3924 0.0204 0.0257
