85 0.5468 0.1474 0.0278 0.0353
3 0.3556 0.8069 0.2703 0.1539
3 0.6970 0.7473 0.0913 0.0790
3 0.8201 0.7512 0.0565 0.0584
3 0.9403 0.7568 0.0577 0.0571
3 0.2881 0.7678 0.1288 0.0768
3 0.2236 0.7748 0.1267 0.0932
3 0.9842 0.7607 0.0308 0.0562
1 0.5834 0.7457 0.0077 0.0212
1 0.5706 0.7573 0.0076 0.0343
1 0.5316 0.7601 0.0126 0.0427
1 0.5425 0.7570 0.0072 0.0427
1 0.6231 0.7570 0.0079 0.0368
1 0.5134 0.7598 0.0115 0.0416
1 0.5617 0.7568 0.0125 0.0380
1 0.5490 0.7578 0.0055 0.0442
1 0.6026 0.7510 0.0080 0.0326
3 0.0810 0.7846 0.1619 0.1895
10 0.0643 0.5846 0.0318 0.0215
10 0.7320 0.6381 0.0080 0.0142
1 0.6126 0.7589 0.0086 0.0445
1 0.5011 0.7585 0.0110 0.0533
1 0.5770 0.7540 0.0059 0.0319
1 0.6439 0.7578 0.0063 0.0377
1 0.4953 0.7424 0.8625 0.0729
