37 0.7618 0.9232 0.0079 0.0126
62 0.8940 0.2323 0.0206 0.0211
43 0.7901 0.9354 0.0213 0.0226
43 0.4688 0.5735 0.0144 0.0169
1 0.3819 0.4709 0.0235 0.0680
1 0.5212 0.4202 0.0291 0.0935
62 0.1275 0.8977 0.0389 0.0619
62 0.0102 0.8001 0.0204 0.0415
62 0.0891 0.5739 0.0221 0.0508
62 0.6183 0.4100 0.0260 0.0488
62 0.4666 0.3285 0.0208 0.0265
62 0.3505 0.9486 0.0363 0.0630
62 0.3268 0.9263 0.0393 0.0568
62 0.4114 0.8871 0.0508 0.0633
62 0.1208 0.3696 0.0173 0.0298
62 0.2403 0.3967 0.0205 0.0250
1 0.4582 0.5858 0.0252 0.0892
1 0.9337 0.4455 0.0194 0.0466
1 0.9007 0.4379 0.0214 0.0457
1 0.7581 0.0836 0.0188 0.0592
1 0.7900 0.0840 0.0161 0.0596
1 0.8472 0.9325 0.0938 0.0828
1 0.1899 0.3765 0.0194 0.0463
1 0.4206 0.8533 0.0388 0.0490
1 0.7884 0.4717 0.0312 0.0721
62 0.1358 0.3917 0.0214 0.0225
1 0.8099 0.4844 0.0209 0.0796
15 0.8816 0.6214 0.0468 0.0374
62 0.5000 0.5000 0.9960 0.9947
1 0.4990 0.4987 0.9980 0.9973
