64 0.8194 0.6438 0.3613 0.7079
72 0.2882 0.3356 0.1171 0.1603
17 0.1478 0.8656 0.1033 0.2086
63 0.6633 0.5074 0.4134 0.2599
1 0.7053 0.5011 0.1481 0.3565
62 0.4978 0.6978 0.3616 0.3818
46 0.7605 0.6919 0.0336 0.0925
73 0.7005 0.4449 0.0785 0.0774
75 0.2925 0.4074 0.0313 0.0129
84 0.2104 0.3670 0.0457 0.0129
84 0.2137 0.4062 0.0615 0.0106
84 0.2136 0.3872 0.0574 0.0205
31 0.5873 0.4606 0.0420 0.0936
47 0.7002 0.8724 0.0780 0.1326
17 0.6370 0.5085 0.0357 0.0286
47 0.5693 0.9408 0.0963 0.1184
51 0.4297 0.9386 0.2720 0.1229
47 0.6429 0.8183 0.0712 0.1274
