67 0.5384 0.2496 0.2612 0.1955
67 0.4997 0.6093 0.9958 0.7482
1 0.6995 0.1646 0.1564 0.3292
60 0.0759 0.7223 0.0981 0.1193
60 0.1280 0.6671 0.0697 0.0628
60 0.2404 0.7892 0.0946 0.1242
60 0.3446 0.7399 0.1014 0.1194
60 0.2549 0.6889 0.0907 0.0862
1 0.7890 0.1375 0.1056 0.2694
60 0.4381 0.6245 0.0873 0.0744
60 0.5131 0.5761 0.0464 0.1018
60 0.5787 0.5752 0.0393 0.1225
60 0.5430 0.5700 0.0430 0.1077
60 0.2500 0.7355 0.0976 0.0900
60 0.3398 0.6369 0.0850 0.1114
60 0.4117 0.4413 0.0847 0.0594
86 0.8234 0.5028 0.1364 0.1105
86 0.5574 0.1564 0.0273 0.0631
60 0.4107 0.5002 0.0794 0.0537
86 0.4751 0.2223 0.0772 0.2759
60 0.5130 0.6560 0.8380 0.6827
