64 0.5629 0.1089 0.1270 0.0790
62 0.0933 0.3518 0.0901 0.1245
63 0.2605 0.5473 0.5145 0.4366
1 0.4441 0.6843 0.2545 0.6090
84 0.9421 0.1331 0.0090 0.0497
84 0.9616 0.0702 0.0112 0.0480
27 0.1654 0.4292 0.0654 0.1494
84 0.9591 0.2678 0.0236 0.0519
84 0.7046 0.8179 0.1061 0.0783
84 0.9722 0.2029 0.0137 0.0461
84 0.3416 0.7908 0.0709 0.1194
84 0.3461 0.5267 0.1247 0.0428
84 0.9687 0.1346 0.0083 0.0479
84 0.9306 0.2674 0.0125 0.0546
44 0.4523 0.0773 0.0313 0.1050
44 0.1113 0.4496 0.0328 0.0867
84 0.9514 0.2015 0.0623 0.0561
84 0.9910 0.2719 0.0181 0.0496
