62 0.1145 0.6614 0.0597 0.1716
1 0.5259 0.4038 0.1175 0.5874
1 0.5956 0.3041 0.0878 0.3386
1 0.2555 0.2075 0.1151 0.2270
31 0.5195 0.3413 0.0563 0.2029
31 0.6059 0.4255 0.0557 0.1098
84 0.9075 0.6111 0.0811 0.0413
84 0.9599 0.5807 0.0753 0.1235
84 0.8303 0.5377 0.0523 0.0435
84 0.7934 0.5136 0.0522 0.1103
84 0.8834 0.5192 0.0629 0.1213
84 0.8205 0.4719 0.0433 0.0975
47 0.4770 0.6443 0.0290 0.0481
47 0.4363 0.6453 0.0332 0.0829
47 0.4300 0.8965 0.0429 0.0782
47 0.4604 0.9309 0.0467 0.0846
47 0.5638 0.8366 0.0473 0.0822
47 0.4676 0.7967 0.0455 0.0739
47 0.4847 0.8423 0.0462 0.0828
47 0.5166 0.8858 0.0521 0.0660
47 0.4882 0.6639 0.0305 0.0513
67 0.3742 0.5135 0.0962 0.1615
67 0.1015 0.4344 0.1590 0.0540
84 0.9388 0.1214 0.0875 0.1676
84 0.9195 0.2999 0.0720 0.1560
84 0.8750 0.2768 0.0821 0.1350
84 0.9725 0.5014 0.0551 0.0799
84 0.8558 0.4537 0.0711 0.1766
84 0.9067 0.6243 0.0797 0.0310
84 0.9015 0.6367 0.0920 0.0244
86 0.3271 0.8227 0.0571 0.1765
47 0.4139 0.8217 0.0456 0.0748
84 0.8219 0.3845 0.3531 0.7218
