7 0.5117 0.4843 0.4163 0.2000
1 0.7077 0.7366 0.1224 0.5269
1 0.8837 0.2742 0.1863 0.3550
1 0.2743 0.4989 0.2540 0.8764
1 0.0526 0.5022 0.1022 0.9955
1 0.9453 0.5645 0.1082 0.8382
1 0.7228 0.1746 0.0173 0.0328
1 0.7058 0.1787 0.0118 0.0234
1 0.9780 0.1140 0.0440 0.0956
1 0.6509 0.1710 0.0097 0.0325
31 0.8720 0.3421 0.0153 0.1966
62 0.7809 0.4151 0.0997 0.1265
1 0.5814 0.1675 0.0376 0.0354
1 0.5572 0.1730 0.0146 0.0317
7 0.4498 0.1724 0.0265 0.0260
1 0.7994 0.1783 0.0136 0.0334
1 0.6461 0.1694 0.4266 0.0818
