62 0.0308 0.3768 0.0586 0.1055
1 0.4643 0.5782 0.2986 0.2904
1 0.5394 0.2857 0.0705 0.1216
1 0.1964 0.2187 0.0866 0.1832
1 0.2638 0.0930 0.0875 0.1654
1 0.3681 0.0913 0.0664 0.1619
1 0.7713 0.3198 0.1035 0.2332
42 0.3636 0.7114 0.3572 0.0833
42 0.4788 0.3489 0.2750 0.0463
42 0.6847 0.3030 0.1179 0.0858
42 0.9808 0.2895 0.0384 0.0824
1 0.7842 0.1898 0.0846 0.0861
1 0.7026 0.2165 0.0770 0.0819
1 0.9542 0.3372 0.0916 0.2840
42 0.2179 0.4095 0.0755 0.0390
1 0.9683 0.1660 0.0605 0.0781
1 0.4506 0.0793 0.0660 0.1580
1 0.5221 0.1227 0.0435 0.0550
1 0.3148 0.0901 0.0565 0.1567
