44 0.5521 0.5739 0.0444 0.2267
44 0.7424 0.6294 0.1063 0.3615
67 0.6200 0.7795 0.7585 0.4198
1 0.6222 0.2944 0.2489 0.5798
1 0.8886 0.3410 0.2214 0.6749
1 0.2473 0.5467 0.4945 0.9067
1 0.1023 0.4272 0.2045 0.4997
47 0.4740 0.6917 0.0540 0.1122
47 0.2887 0.6255 0.0463 0.1094
61 0.5532 0.7955 0.1649 0.1843
47 0.6253 0.6728 0.0482 0.0684
47 0.6053 0.5916 0.0478 0.1026
51 0.3896 0.6157 0.0749 0.0569
51 0.3982 0.6634 0.0872 0.0463
47 0.9457 0.9165 0.0813 0.1670
51 0.4837 0.6941 0.0956 0.0642
1 0.9743 0.3032 0.0513 0.2437
