1 0.3561 0.8393 0.1119 0.3214
1 0.2359 0.8365 0.1356 0.3270
1 0.5498 0.6338 0.0857 0.1239
1 0.4406 0.4739 0.0263 0.0832
36 0.6374 0.5108 0.0244 0.0060
36 0.8886 0.5445 0.0208 0.0043
1 0.8947 0.5225 0.0200 0.0418
1 0.6407 0.4966 0.0096 0.0287
1 0.4961 0.4639 0.0260 0.0606
15 0.4244 0.8559 0.4703 0.1631
15 0.8830 0.4485 0.2172 0.0595
15 0.4876 0.3907 0.0916 0.0319
15 0.6433 0.3920 0.0476 0.0274
15 0.6215 0.3222 0.0695 0.0542
15 0.6283 0.3609 0.0827 0.0491
1 0.4951 0.5990 0.0308 0.0654
1 0.5264 0.4720 0.0328 0.0810
15 0.4724 0.6687 0.2231 0.0749
15 0.6957 0.3629 0.0564 0.0771
15 0.4855 0.4807 0.1207 0.0448
15 0.4918 0.3361 0.0582 0.0201
15 0.7386 0.4193 0.1387 0.0371
1 0.1893 0.4036 0.0082 0.0267
15 0.4952 0.3620 0.0381 0.0147
15 0.4940 0.3240 0.0554 0.0095
1 0.6046 0.8244 0.1298 0.3511
1 0.4003 0.6709 0.0907 0.2115
1 0.4898 0.8156 0.1315 0.3481
15 0.5219 0.1865 0.0938 0.2021
1 0.5281 0.3583 0.6906 0.5750
