67 0.3328 0.7241 0.4705 0.5071
67 0.6829 0.4765 0.2418 0.0776
82 0.2240 0.4365 0.1005 0.3101
78 0.3013 0.4020 0.0594 0.0511
50 0.5757 0.3664 0.0069 0.0532
50 0.5664 0.3669 0.0065 0.0552
50 0.5391 0.3637 0.0090 0.0545
50 0.5574 0.3704 0.0090 0.0696
62 0.4985 0.6303 0.0465 0.1236
62 0.2284 0.5507 0.0425 0.1803
62 0.2541 0.5362 0.0243 0.0784
62 0.4696 0.5553 0.0274 0.0944
62 0.4482 0.5068 0.0209 0.0849
62 0.3381 0.9079 0.2414 0.1573
62 0.1799 0.6596 0.0750 0.1865
62 0.3568 0.4758 0.0625 0.0312
44 0.2105 0.2603 0.0197 0.0527
44 0.3965 0.3827 0.0155 0.0692
79 0.3008 0.4012 0.0580 0.0512
79 0.5785 0.4417 0.0527 0.0313
