62 0.9365 0.6403 0.0861 0.0575
62 0.1917 0.6981 0.1066 0.1082
62 0.9055 0.6385 0.0888 0.0602
62 0.6209 0.6389 0.0390 0.0355
62 0.3817 0.7775 0.1746 0.1224
62 0.5161 0.6397 0.0430 0.0656
62 0.8664 0.6390 0.0652 0.0645
62 0.5369 0.6693 0.0510 0.0383
67 0.7174 0.8325 0.5545 0.3351
9 0.1764 0.6443 0.0865 0.0224
1 0.3286 0.7015 0.2219 0.1957
1 0.4681 0.6551 0.0801 0.0833
1 0.4640 0.6186 0.0569 0.0504
1 0.0165 0.6728 0.0220 0.0157
1 0.0740 0.6718 0.0218 0.0255
1 0.1410 0.6802 0.0161 0.0196
1 0.1713 0.6783 0.0114 0.0165
28 0.4989 0.2895 0.9858 0.5708
28 0.2816 0.5708 0.4614 0.0944
1 0.0429 0.6638 0.0381 0.0364
28 0.8831 0.5054 0.2338 0.1362
28 0.5313 0.5827 0.0749 0.0200
62 0.8433 0.6387 0.0469 0.0613
1 0.4043 0.6235 0.0495 0.0253
1 0.7364 0.6315 0.0227 0.0362
1 0.6244 0.6200 0.0285 0.0375
9 0.1005 0.6418 0.0770 0.0169
9 0.0186 0.6485 0.0366 0.0097
9 0.0311 0.6314 0.0427 0.0137
9 0.0994 0.6285 0.0275 0.0086
28 0.5727 0.5911 0.1980 0.0396
62 0.6524 0.6351 0.0300 0.0359
62 0.6736 0.6361 0.0354 0.0315
62 0.6927 0.6358 0.0328 0.0331
1 0.8444 0.6084 0.0208 0.0177
28 0.7794 0.5508 0.1850 0.0447
49 0.5682 0.7330 0.0600 0.0144
62 0.6639 0.6327 0.0204 0.0240
1 0.7791 0.6083 0.0155 0.0547
28 0.6673 0.6011 0.0628 0.0198
1 0.4479 0.6133 0.8625 0.0984
62 0.5604 0.7133 0.8667 0.2828
