62 0.2303 0.5204 0.1716 0.3170
1 0.8334 0.4989 0.3332 0.9764
59 0.4237 0.7910 0.2546 0.1483
59 0.5822 0.5160 0.1963 0.0682
59 0.7729 0.5443 0.1237 0.0609
1 0.0515 0.4225 0.1029 0.8295
1 0.8917 0.0493 0.0938 0.0981
47 0.7247 0.1282 0.0240 0.0498
47 0.7500 0.1266 0.0202 0.0396
47 0.7235 0.1736 0.0273 0.0079
47 0.7499 0.1518 0.0240 0.0116
47 0.7430 0.3074 0.0271 0.0361
47 0.7485 0.1924 0.0205 0.0071
47 0.7162 0.2774 0.0229 0.0069
47 0.7472 0.2026 0.0207 0.0077
47 0.7444 0.2605 0.0233 0.0283
47 0.7172 0.3004 0.0223 0.0422
47 0.7223 0.2029 0.0225 0.0113
47 0.7468 0.2271 0.0229 0.0406
62 0.1137 0.7645 0.1401 0.3982
62 0.3761 0.5475 0.1328 0.2062
62 0.2106 0.9115 0.2232 0.1484
62 0.7523 0.8344 0.1431 0.3311
62 0.7967 0.8060 0.2436 0.3881
67 0.4600 0.7692 0.6738 0.4617
47 0.7479 0.1730 0.0281 0.0290
47 0.7352 0.2034 0.0891 0.2642
