49 0.8455 0.7427 0.3090 0.4607
50 0.7469 0.3160 0.5063 0.5655
51 0.4616 0.4536 0.7080 0.9072
57 0.2575 0.8675 0.1319 0.2649
57 0.0432 0.6565 0.0723 0.5176
57 0.1270 0.7593 0.0704 0.3512
57 0.1847 0.8244 0.0905 0.3015
57 0.0986 0.6876 0.0657 0.5079
57 0.3928 0.1994 0.1104 0.0905
57 0.0330 0.6674 0.0661 0.5700
57 0.4312 0.3673 0.1574 0.1877
57 0.0075 0.6730 0.0150 0.1426
57 0.4604 0.6786 0.0411 0.0551
57 0.5278 0.5831 0.0203 0.0501
57 0.3414 0.6337 0.0450 0.0455
57 0.7753 0.3993 0.0457 0.0414
57 0.3820 0.3240 0.4578 0.5521
