77 0.8492 0.5335 0.0739 0.0663
4 0.5510 0.4893 0.2183 0.2314
1 0.4288 0.4701 0.0567 0.3603
1 0.8252 0.4739 0.1280 0.2965
1 0.5809 0.3841 0.0845 0.1325
1 0.6117 0.2700 0.0880 0.1983
1 0.5733 0.2242 0.0566 0.1832
1 0.5454 0.2253 0.0320 0.0996
1 0.5113 0.2254 0.0405 0.1814
1 0.5049 0.4711 0.0756 0.3023
1 0.5256 0.2400 0.0187 0.0603
28 0.3200 0.1156 0.5702 0.2266
32 0.8210 0.4173 0.0121 0.0869
32 0.4448 0.3762 0.0163 0.0499
1 0.9198 0.6441 0.1605 0.3491
2 0.7843 0.8666 0.2905 0.2324
32 0.5734 0.3787 0.0135 0.0211
1 0.9327 0.8292 0.1347 0.3415
