27 0.9351 0.4396 0.1293 0.2179
1 0.1424 0.5697 0.2376 0.7708
1 0.2393 0.4106 0.0868 0.2750
1 0.4496 0.4674 0.0925 0.3109
1 0.3459 0.5035 0.1518 0.3435
1 0.6189 0.4571 0.1431 0.2278
1 0.8772 0.5573 0.1736 0.7326
35 0.1894 0.9159 0.3737 0.1630
35 0.2841 0.7492 0.2154 0.0725
35 0.3734 0.6686 0.1060 0.0347
35 0.4497 0.6159 0.1548 0.0683
35 0.5402 0.5925 0.1773 0.0260
35 0.8331 0.7988 0.3337 0.0916
35 0.7136 0.6902 0.1703 0.0499
1 0.5205 0.4696 0.0925 0.2534
1 0.7800 0.5051 0.1048 0.4119
1 0.3031 0.3527 0.0306 0.0847
1 0.0388 0.3360 0.0270 0.0562
1 0.9652 0.4568 0.0695 0.4904
1 0.6405 0.4190 0.0628 0.2473
35 0.6379 0.5700 0.0673 0.0281
35 0.6516 0.5454 0.1336 0.0303
