4 0.1622 0.3874 0.0425 0.0915
1 0.1596 0.3695 0.0439 0.1061
1 0.7555 0.6675 0.1133 0.0910
1 0.7191 0.5238 0.0576 0.0613
1 0.6412 0.5224 0.0727 0.0618
1 0.5476 0.4561 0.0482 0.0455
1 0.4032 0.3559 0.0271 0.0290
1 0.8961 0.4192 0.0275 0.0372
1 0.3956 0.2675 0.0259 0.0283
1 0.5900 0.2909 0.0217 0.0274
3 0.8142 0.7631 0.3716 0.4025
3 0.5743 0.5111 0.1768 0.2105
3 0.4293 0.3928 0.1292 0.1524
3 0.2354 0.3147 0.0938 0.1123
3 0.9169 0.4620 0.1662 0.1659
8 0.2936 0.2798 0.0867 0.1067
3 0.6817 0.5908 0.2517 0.2509
3 0.6565 0.3771 0.1152 0.1251
3 0.5553 0.4092 0.1434 0.1098
3 0.2082 0.3306 0.3635 0.1859
1 0.7550 0.3842 0.0195 0.0281
8 0.4045 0.2706 0.1090 0.1171
8 0.5587 0.3002 0.1248 0.1373
8 0.7794 0.3965 0.1410 0.1686
