63 0.8128 0.8579 0.3744 0.2790
63 0.8013 0.6519 0.3975 0.2694
82 0.0979 0.4740 0.0399 0.3083
62 0.1510 0.5988 0.0660 0.2180
62 0.2231 0.6422 0.0815 0.2614
62 0.2940 0.5812 0.0781 0.2048
62 0.0341 0.6430 0.0679 0.1181
67 0.2167 0.5375 0.1710 0.0700
51 0.5204 0.6632 0.0648 0.0370
81 0.3771 0.4486 0.0418 0.0146
86 0.2207 0.4721 0.0158 0.0743
86 0.5731 0.6412 0.0219 0.0964
86 0.5472 0.6674 0.0182 0.1029
86 0.0293 0.4779 0.0344 0.0466
47 0.5730 0.7028 0.0240 0.0456
47 0.5485 0.6926 0.0193 0.0472
62 0.2252 0.4878 0.0575 0.0404
62 0.4892 0.6066 0.1547 0.1707
46 0.2498 0.4996 0.0164 0.0247
82 0.0410 0.3607 0.0820 0.2600
63 0.4905 0.5946 0.1567 0.1507
