39 0.3692 0.1873 0.0473 0.2152
40 0.3216 0.6763 0.0589 0.0771
1 0.4091 0.4866 0.1660 0.6088
1 0.1109 0.0550 0.0938 0.0876
1 0.0733 0.4168 0.1466 0.2800
1 0.2329 0.2621 0.1426 0.2764
1 0.2660 0.2431 0.1087 0.2657
1 0.3130 0.2627 0.0837 0.2793
1 0.5907 0.3014 0.1040 0.1381
1 0.6148 0.2892 0.0882 0.1499
1 0.2226 0.0427 0.0700 0.0854
1 0.1968 0.6536 0.3015 0.4069
1 0.0611 0.1873 0.0582 0.0779
1 0.1764 0.2693 0.1732 0.2796
15 0.5171 0.3229 0.0730 0.0772
47 0.1558 0.4029 0.0135 0.0346
1 0.4538 0.0344 0.0618 0.0688
1 0.5016 0.1686 0.9906 0.3373
