4 0.4880 0.5629 0.6685 0.5730
31 0.2319 0.3365 0.0134 0.0457
31 0.7816 0.2794 0.0312 0.0800
1 0.4507 0.2258 0.1552 0.3798
1 0.6782 0.3827 0.1532 0.6237
1 0.7909 0.3024 0.0561 0.2020
1 0.8368 0.3007 0.0448 0.2035
1 0.7605 0.2614 0.0338 0.0943
1 0.1522 0.3640 0.0836 0.3775
1 0.2509 0.3357 0.0527 0.2828
1 0.8792 0.2739 0.0247 0.1169
1 0.3606 0.2837 0.0127 0.0790
1 0.3120 0.3358 0.0605 0.2910
1 0.8563 0.2452 0.0106 0.0447
1 0.9046 0.2510 0.0156 0.0656
4 0.3736 0.4690 0.1114 0.1494
27 0.1155 0.2994 0.0470 0.1424
27 0.5350 0.2589 0.0089 0.0230
27 0.2917 0.3712 0.0255 0.0535
31 0.2403 0.3283 0.0138 0.0588
1 0.1963 0.2966 0.0268 0.1047
1 0.6039 0.2765 0.7891 0.1718
