28 0.4871 0.2166 0.5697 0.1416
28 0.6394 0.2860 0.2736 0.0665
62 0.7007 0.7011 0.2926 0.2668
62 0.7244 0.6214 0.2418 0.1389
1 0.6368 0.3689 0.0166 0.0562
27 0.4479 0.6194 0.0819 0.1256
62 0.7277 0.4521 0.0990 0.0766
62 0.7185 0.4477 0.0255 0.0179
62 0.7470 0.4174 0.0632 0.0506
62 0.7480 0.3983 0.0490 0.0404
62 0.7605 0.4212 0.0524 0.0454
1 0.3384 0.4333 0.0526 0.1735
1 0.1959 0.8027 0.3919 0.1189
1 0.9636 0.3701 0.0225 0.0566
28 0.9529 0.2987 0.0941 0.0350
28 0.9176 0.2980 0.0670 0.0236
28 0.8910 0.3180 0.0442 0.0182
28 0.7644 0.3185 0.0728 0.0343
62 0.7335 0.5471 0.1931 0.1564
62 0.7442 0.4820 0.1105 0.1006
