13 0.5264 0.5527 0.0675 0.0987
3 0.4964 0.7346 0.2908 0.1608
62 0.6629 0.8063 0.0450 0.0897
62 0.5807 0.8193 0.0659 0.1216
62 0.5074 0.8269 0.0949 0.1227
62 0.4497 0.8217 0.0515 0.1178
62 0.5613 0.7713 0.0628 0.0373
62 0.6582 0.7521 0.0534 0.0199
62 0.6255 0.7497 0.0279 0.0289
1 0.6041 0.7147 0.0469 0.0876
3 0.8875 0.8919 0.2249 0.2157
3 0.0921 0.7023 0.1777 0.1457
3 0.6527 0.6949 0.0584 0.0430
67 0.5605 0.7806 0.0660 0.0121
1 0.6765 0.7129 0.0210 0.0859
8 0.5133 0.7405 0.3237 0.1717
8 0.8846 0.8876 0.2307 0.2201
1 0.6152 0.6932 0.0316 0.0621
8 0.0903 0.6993 0.1806 0.1489
67 0.6505 0.7657 0.0628 0.0092
