67 0.1093 0.6354 0.2155 0.0404
62 0.2826 0.7562 0.0915 0.4876
62 0.3486 0.7556 0.0705 0.4629
62 0.4070 0.7246 0.0432 0.3500
62 0.5995 0.6869 0.0259 0.2620
62 0.6320 0.7288 0.0465 0.3708
62 0.6799 0.7625 0.0525 0.4382
62 0.7444 0.7573 0.0795 0.4584
62 0.8584 0.7434 0.1664 0.4899
67 0.6329 0.6132 0.0388 0.0537
67 0.3942 0.5965 0.0213 0.0202
67 0.5870 0.6255 0.0437 0.0696
62 0.9614 0.5423 0.0773 0.1300
62 0.1395 0.5647 0.2109 0.1620
67 0.7333 0.6545 0.0947 0.1253
67 0.3529 0.6915 0.0702 0.1809
67 0.4050 0.6781 0.0537 0.1815
67 0.1470 0.7936 0.2940 0.3599
67 0.9079 0.7749 0.1842 0.3782
67 0.4314 0.6357 0.0129 0.0732
