62 0.4252 0.2158 0.0674 0.2095
1 0.7399 0.7252 0.2052 0.3475
1 0.8632 0.7140 0.1790 0.4031
39 0.5048 0.3300 0.0826 0.1618
40 0.6366 0.8286 0.0482 0.0757
1 0.8245 0.3196 0.0822 0.1614
1 0.7841 0.3192 0.0359 0.1066
1 0.9081 0.3228 0.1060 0.1657
1 0.9517 0.3704 0.0653 0.0880
1 0.6615 0.3188 0.0793 0.1243
1 0.1560 0.1538 0.1391 0.3076
44 0.3425 0.0625 0.0135 0.0464
62 0.3384 0.2134 0.0562 0.1967
1 0.4045 0.6524 0.2764 0.5011
1 0.7501 0.3554 0.0686 0.0803
40 0.4620 0.4267 0.0320 0.0504
44 0.2548 0.0802 0.0132 0.0170
44 0.8527 0.3884 0.0122 0.0256
62 0.2134 0.2261 0.0673 0.1122
62 0.9702 0.3759 0.0585 0.0441
37 0.8949 0.3234 0.0105 0.0185
