44 0.5704 0.9580 0.0610 0.0839
44 0.2919 0.8645 0.0527 0.1855
44 0.1799 0.7969 0.0573 0.1613
67 0.3053 0.8787 0.6035 0.1933
67 0.7702 0.3408 0.1712 0.0555
47 0.2590 0.7725 0.0478 0.1306
60 0.4309 0.8691 0.0585 0.0549
60 0.3789 0.8691 0.0574 0.0600
60 0.3800 0.9108 0.0570 0.0567
60 0.4534 0.9052 0.0538 0.0684
60 0.1006 0.6706 0.0470 0.0391
3 0.8885 0.1435 0.2229 0.2787
1 0.6406 0.5393 0.4310 0.8944
1 0.3264 0.5687 0.3572 0.5693
1 0.1645 0.4611 0.1850 0.4216
1 0.1135 0.4014 0.1447 0.4154
1 0.4640 0.3180 0.1425 0.4966
44 0.0591 0.6589 0.0371 0.1297
60 0.2079 0.7764 0.0298 0.0618
60 0.4181 0.9119 0.0329 0.0448
1 0.8754 0.3299 0.1217 0.3806
1 0.3676 0.1438 0.1341 0.2831
1 0.8472 0.6180 0.3055 0.7416
8 0.3152 0.1512 0.5144 0.3024
47 0.0255 0.5841 0.0385 0.0759
47 0.0138 0.5467 0.0276 0.0762
60 0.2344 0.7573 0.0135 0.0429
60 0.8178 0.7016 0.0514 0.0794
60 0.4622 0.4623 0.0311 0.0456
60 0.0980 0.4371 0.0212 0.0413
67 0.7779 0.2765 0.1994 0.0538
67 0.0771 0.6510 0.1543 0.3144
