3 0.9686 0.3293 0.0628 0.0980
1 0.7970 0.5202 0.4061 0.9326
1 0.4261 0.3916 0.0758 0.2945
53 0.3811 0.7176 0.0273 0.0383
53 0.3613 0.7175 0.2132 0.2240
53 0.2007 0.7099 0.2113 0.1597
1 0.0490 0.4205 0.0980 0.2946
55 0.5859 0.5781 0.0173 0.0231
55 0.5510 0.6298 0.0283 0.0339
55 0.6451 0.5820 0.0213 0.0206
55 0.5374 0.5730 0.0227 0.0342
55 0.6430 0.6043 0.0254 0.0267
55 0.1439 0.5060 0.0136 0.0131
55 0.1274 0.4818 0.0193 0.0223
55 0.1158 0.5103 0.0175 0.0092
55 0.0956 0.4971 0.0167 0.0212
55 0.1751 0.4896 0.0151 0.0110
55 0.1570 0.5024 0.0143 0.0114
55 0.1296 0.5005 0.0203 0.0188
55 0.0942 0.4788 0.0138 0.0186
55 0.1297 0.5106 0.0844 0.1129
