4 0.7719 0.6334 0.0673 0.0739
1 0.4260 0.3649 0.0891 0.1741
1 0.8783 0.7450 0.0936 0.3221
1 0.9371 0.7320 0.0670 0.3026
1 0.6400 0.6061 0.0258 0.0861
1 0.6967 0.5001 0.0222 0.0427
8 0.4730 0.6626 0.7460 0.5987
31 0.8426 0.7191 0.0380 0.0725
62 0.8428 0.6130 0.0322 0.0485
62 0.7935 0.5599 0.0524 0.0705
1 0.9866 0.7574 0.0262 0.3111
4 0.0675 0.6358 0.0722 0.2378
62 0.8006 0.6116 0.0210 0.0496
1 0.9754 0.7726 0.0349 0.2369
1 0.7201 0.5170 0.0125 0.0163
61 0.7530 0.3522 0.0263 0.0503
61 0.6984 0.3462 0.0317 0.0548
44 0.2989 0.4707 0.0595 0.1402
44 0.3913 0.4393 0.0163 0.0198
