39 0.6732 0.7829 0.0527 0.0359
39 0.3463 0.9422 0.0847 0.0848
1 0.5748 0.7750 0.1608 0.1291
1 0.3277 0.9557 0.1742 0.0886
1 0.3314 0.7916 0.1175 0.1415
1 0.8944 0.6632 0.0682 0.0813
1 0.8097 0.6332 0.0374 0.0773
1 0.0856 0.6482 0.0533 0.0250
40 0.5499 0.8030 0.0361 0.0280
1 0.2588 0.5386 0.0106 0.0123
1 0.2857 0.5422 0.0214 0.0183
1 0.7356 0.5115 0.0219 0.0179
1 0.4558 0.8167 0.1162 0.0949
1 0.1561 0.5904 0.0354 0.0213
1 0.0385 0.6509 0.0549 0.0332
1 0.2399 0.6160 0.0495 0.0465
1 0.4989 0.5500 0.9885 0.2281
