2 0.7338 0.8887 0.0683 0.1881
2 0.5040 0.8541 0.0365 0.1223
2 0.3879 0.7791 0.0073 0.0729
2 0.3589 0.7057 0.0030 0.0222
2 0.7851 0.8457 0.0610 0.1254
2 0.5384 0.7788 0.0175 0.0819
85 0.2310 0.3444 0.0748 0.1130
1 0.4378 0.7458 0.0270 0.1182
1 0.5678 0.7040 0.0193 0.0547
1 0.7837 0.7890 0.0613 0.2011
1 0.9211 0.8771 0.1578 0.2458
1 0.4257 0.7179 0.0161 0.0568
1 0.5918 0.7730 0.0551 0.1779
1 0.8196 0.7611 0.0453 0.1260
1 0.8604 0.8546 0.1013 0.2908
1 0.5401 0.7393 0.0321 0.1133
2 0.5896 0.8426 0.0394 0.1095
1 0.7308 0.8156 0.0516 0.2511
1 0.6910 0.7892 0.0435 0.1786
2 0.6288 0.9093 0.0713 0.1731
2 0.8207 0.9727 0.0631 0.0543
10 0.8679 0.6179 0.0223 0.0563
10 0.8876 0.6143 0.0125 0.0483
10 0.3597 0.6570 0.0041 0.0095
10 0.2773 0.6213 0.0123 0.0374
1 0.5078 0.7812 0.0471 0.1417
2 0.4548 0.7588 0.0183 0.0510
2 0.4397 0.7737 0.0171 0.0707
1 0.4821 0.7297 0.0310 0.0947
1 0.6711 0.7842 0.6547 0.2712
2 0.5617 0.8101 0.2891 0.1486
