3 0.6483 0.7158 0.2698 0.3173
3 0.2084 0.7899 0.4138 0.3978
10 0.4578 0.4409 0.0102 0.0360
10 0.9636 0.4152 0.0157 0.0667
1 0.8596 0.6895 0.0169 0.0450
3 0.4393 0.6828 0.0704 0.0326
10 0.5098 0.6065 0.0080 0.0089
10 0.4072 0.6685 0.0052 0.0081
10 0.3792 0.6473 0.0050 0.0140
1 0.8130 0.6910 0.0123 0.0573
1 0.7955 0.6926 0.0147 0.0497
1 0.8249 0.6956 0.0122 0.0552
1 0.0603 0.6753 0.0247 0.0717
1 0.0323 0.6850 0.0287 0.0734
3 0.9115 0.7488 0.1770 0.2830
10 0.4308 0.6609 0.0098 0.0107
10 0.4812 0.6499 0.0176 0.0233
1 0.7819 0.6886 0.0128 0.0626
10 0.3738 0.5981 0.0059 0.0228
