7 0.5000 0.3636 1.0000 0.7208
1 0.5968 0.2805 0.0544 0.2523
1 0.4679 0.2858 0.0288 0.2169
1 0.1654 0.5579 0.2775 0.7753
1 0.4371 0.3085 0.0803 0.2642
1 0.6413 0.2805 0.0517 0.2719
1 0.4967 0.2165 0.0342 0.1344
77 0.1642 0.4324 0.0265 0.0132
31 0.1804 0.6390 0.2382 0.2660
31 0.5728 0.2527 0.0288 0.0981
1 0.5157 0.3090 0.0750 0.2629
1 0.4028 0.2863 0.0449 0.2650
1 0.5856 0.1681 0.0244 0.0602
1 0.6340 0.1717 0.0288 0.0657
1 0.4743 0.1840 0.0207 0.0341
1 0.5702 0.2800 0.0386 0.2375
31 0.3948 0.3675 0.0178 0.1002
1 0.5482 0.2755 0.0282 0.2353
