18 0.6126 0.7030 0.3060 0.4121
1 0.7032 0.3090 0.1829 0.6180
31 0.9305 0.1440 0.1073 0.2833
84 0.2927 0.1250 0.0512 0.1038
84 0.3434 0.1104 0.0624 0.1149
84 0.4090 0.0912 0.0718 0.1164
84 0.5074 0.0995 0.0419 0.0850
84 0.4371 0.1997 0.0693 0.0386
84 0.2922 0.2122 0.0552 0.0616
84 0.3381 0.2167 0.0520 0.0382
84 0.3825 0.1979 0.0712 0.0585
84 0.1407 0.2380 0.0540 0.0504
84 0.5295 0.1983 0.0640 0.0345
84 0.0799 0.2328 0.0633 0.0490
84 0.5735 0.1926 0.0648 0.0334
1 0.8883 0.2865 0.1454 0.5685
84 0.6433 0.1743 0.0362 0.0455
84 0.4297 0.2061 0.8531 0.4122
