20 0.3926 0.5055 0.1053 0.1161
20 0.2564 0.5071 0.1139 0.1380
20 0.1855 0.5082 0.1084 0.1053
3 0.8689 0.2950 0.1167 0.0942
1 0.0538 0.2883 0.0253 0.0551
1 0.0853 0.3069 0.0105 0.0217
1 0.2024 0.4021 0.0466 0.1077
8 0.1340 0.4787 0.2680 0.2668
1 0.0554 0.3653 0.0407 0.0994
3 0.6317 0.2768 0.1017 0.0538
1 0.1471 0.3370 0.0258 0.0468
1 0.1806 0.3421 0.0140 0.0336
1 0.2072 0.3109 0.0184 0.0439
1 0.2755 0.3408 0.0207 0.1235
1 0.3081 0.3153 0.0208 0.0600
1 0.3851 0.3215 0.0116 0.0290
1 0.0674 0.3046 0.0128 0.0290
3 0.5424 0.2827 0.0343 0.0209
3 0.5117 0.2916 0.0910 0.0486
3 0.2314 0.3179 0.0734 0.0958
18 0.8647 0.5543 0.0901 0.0373
20 0.2952 0.5055 0.0715 0.1059
20 0.4079 0.5335 0.0412 0.0605
1 0.3722 0.3267 0.0181 0.0258
8 0.4521 0.3010 0.0627 0.0530
1 0.6481 0.2827 0.0185 0.0382
1 0.4320 0.3301 0.8609 0.2105
