1 0.8916 0.6257 0.0267 0.0208
1 0.8321 0.6039 0.0135 0.0293
1 0.8131 0.6277 0.0198 0.0161
3 0.6774 0.5108 0.0173 0.0116
3 0.6908 0.4856 0.0352 0.0117
3 0.6993 0.5318 0.0171 0.0160
1 0.8463 0.6252 0.0262 0.0209
1 0.9155 0.6257 0.0114 0.0134
3 0.6670 0.5533 0.0220 0.0127
3 0.6789 0.5224 0.0157 0.0149
3 0.6951 0.4678 0.0302 0.0077
8 0.7677 0.6022 0.1023 0.0329
8 0.7608 0.5764 0.0539 0.0162
1 0.9269 0.6283 0.0114 0.0085
3 0.7284 0.5084 0.0184 0.0127
3 0.7238 0.5814 0.0622 0.0095
3 0.6421 0.5986 0.0384 0.0189
3 0.6716 0.5407 0.0239 0.0123
