21 0.2843 0.4386 0.0768 0.0747
21 0.3594 0.4203 0.1471 0.1263
9 0.6851 0.6315 0.6287 0.2472
21 0.6150 0.4192 0.1351 0.1004
21 0.1430 0.4184 0.1927 0.1523
21 0.8347 0.4209 0.1483 0.1038
21 0.9500 0.4072 0.1000 0.1033
21 0.2543 0.3832 0.0868 0.0690
1 0.5347 0.3475 0.0169 0.0310
1 0.6686 0.3423 0.0145 0.0374
1 0.7705 0.3449 0.0284 0.0375
1 0.6237 0.3447 0.0085 0.0293
1 0.0544 0.3471 0.0100 0.0235
1 0.7001 0.3429 0.0141 0.0359
21 0.0428 0.4148 0.0857 0.1255
21 0.4646 0.4238 0.1452 0.1115
21 0.6836 0.4139 0.0703 0.1013
1 0.2931 0.3505 0.0130 0.0300
1 0.7975 0.3474 0.0153 0.0305
1 0.2466 0.3491 0.0071 0.0195
1 0.1061 0.3287 0.0066 0.0184
1 0.3944 0.3491 0.0099 0.0171
21 0.7573 0.4117 0.0768 0.1023
