44 0.2396 0.8640 0.0545 0.2516
28 0.4145 0.4354 0.8230 0.8707
1 0.1139 0.5457 0.2249 0.8764
1 0.3703 0.5558 0.1589 0.4377
1 0.8002 0.6013 0.2660 0.7951
1 0.6107 0.7792 0.2735 0.4416
1 0.9429 0.3180 0.0699 0.1167
1 0.9239 0.3195 0.0445 0.0689
1 0.3228 0.3099 0.0319 0.1100
1 0.1212 0.2984 0.0198 0.0884
53 0.4964 0.7336 0.0401 0.0720
1 0.2606 0.3097 0.0221 0.0863
1 0.1915 0.2820 0.0177 0.0716
28 0.5277 0.2922 0.1075 0.1015
1 0.8090 0.2638 0.0100 0.0480
1 0.9607 0.2665 0.0102 0.0577
62 0.9343 0.3420 0.0323 0.0726
1 0.9415 0.2751 0.0126 0.0600
44 0.1827 0.7709 0.0216 0.0627
44 0.2035 0.7704 0.0219 0.0452
44 0.2214 0.7674 0.0147 0.0408
44 0.2844 0.7335 0.0104 0.0062
44 0.2145 0.7627 0.0127 0.0395
44 0.2404 0.7193 0.0072 0.0154
51 0.5577 0.9446 0.0978 0.1107
51 0.2815 0.8480 0.0398 0.0559
1 0.5805 0.2799 0.6328 0.1241
