6 0.3157 0.5931 0.1642 0.2483
6 0.6336 0.3375 0.0795 0.0957
1 0.5441 0.6575 0.0354 0.0839
8 0.5507 0.4305 0.0668 0.0986
8 0.9265 0.6582 0.1280 0.1442
8 0.8117 0.5414 0.0940 0.1051
1 0.0857 0.5262 0.0320 0.0787
1 0.7013 0.4482 0.0247 0.0718
1 0.0397 0.5459 0.0300 0.0839
1 0.0606 0.4943 0.0211 0.0253
3 0.0969 0.8810 0.1486 0.1619
6 0.6409 0.2798 0.0594 0.0457
6 0.6941 0.3149 0.0524 0.0785
6 0.5466 0.2333 0.0287 0.0212
6 0.5416 0.3404 0.0553 0.0679
6 0.6140 0.4070 0.0806 0.1282
28 0.9768 0.4014 0.0383 0.0483
28 0.9426 0.3919 0.0217 0.0342
28 0.9680 0.3918 0.0320 0.0316
28 0.3263 0.0484 0.0618 0.0433
1 0.8428 0.3468 0.0113 0.0245
1 0.8672 0.3628 0.0088 0.0517
1 0.7464 0.3369 0.0147 0.0391
1 0.7676 0.3587 0.0077 0.0071
1 0.1558 0.4765 0.0163 0.0726
1 0.0889 0.4776 0.0165 0.0670
3 0.0745 0.9381 0.1489 0.1238
3 0.1585 0.6888 0.1223 0.1872
3 0.0845 0.6127 0.0832 0.1005
3 0.3343 0.7686 0.1112 0.1318
3 0.1276 0.5398 0.0776 0.0724
3 0.2202 0.5096 0.0616 0.0480
3 0.2006 0.4674 0.0702 0.0794
3 0.2677 0.4062 0.0375 0.0420
3 0.6466 0.7300 0.1072 0.1180
3 0.6842 0.8806 0.1403 0.1727
3 0.9500 0.9642 0.1000 0.0420
4 0.5452 0.7009 0.0249 0.0559
8 0.8033 0.6408 0.1145 0.1189
8 0.6016 0.4032 0.1089 0.1257
1 0.1332 0.4748 0.0171 0.0359
1 0.1630 0.4772 0.0156 0.0675
3 0.0895 0.7880 0.1425 0.1486
8 0.3126 0.3362 0.0539 0.0631
8 0.3485 0.2991 0.0260 0.0314
8 0.8699 0.8634 0.1605 0.1999
1 0.5516 0.3844 0.6844 0.0437
3 0.5000 0.6417 0.9938 0.7125
