37 0.0518 0.2532 0.0162 0.0274
39 0.0875 0.2707 0.0611 0.0510
40 0.4911 0.5218 0.0445 0.0833
40 0.1328 0.2958 0.0462 0.0699
1 0.2560 0.5146 0.2772 0.6622
1 0.5883 0.6200 0.2482 0.3784
1 0.6112 0.3489 0.0534 0.1749
1 0.8258 0.2811 0.0680 0.2902
1 0.4580 0.3093 0.0526 0.4105
1 0.6641 0.3695 0.0568 0.3442
1 0.8409 0.5900 0.2011 0.5000
1 0.1299 0.2347 0.0520 0.2934
1 0.0719 0.2429 0.0636 0.2610
1 0.3463 0.1705 0.0379 0.1627
1 0.4199 0.2606 0.0483 0.2193
1 0.7392 0.3112 0.0773 0.3843
1 0.5283 0.2419 0.0447 0.1281
