19 0.4797 0.4645 0.1990 0.4805
19 0.6282 0.4759 0.1309 0.4100
3 0.2113 0.5037 0.1497 0.0547
19 0.7650 0.4942 0.0875 0.3235
19 0.5166 0.4624 0.1101 0.3750
19 0.3410 0.4953 0.1500 0.4174
1 0.7094 0.5328 0.1252 0.3937
1 0.8189 0.5311 0.0763 0.3111
1 0.7912 0.3139 0.0729 0.1683
1 0.7416 0.2908 0.0532 0.1146
1 0.0950 0.5331 0.0932 0.3443
1 0.2429 0.5994 0.1096 0.0854
1 0.1744 0.6071 0.0858 0.0896
1 0.0389 0.6084 0.0696 0.0941
1 0.9458 0.5400 0.0268 0.0545
1 0.2283 0.5455 0.0488 0.0870
44 0.7616 0.5663 0.0156 0.0370
62 0.1380 0.5611 0.0263 0.0641
1 0.1899 0.5259 0.0221 0.0538
62 0.0759 0.5556 0.0248 0.0527
1 0.0618 0.5738 0.0529 0.1396
8 0.9902 0.5319 0.0196 0.1489
10 0.3339 0.2168 0.0235 0.0307
19 0.5978 0.4881 0.0542 0.1283
62 0.2194 0.5473 0.0413 0.0286
62 0.2455 0.5486 0.0060 0.0214
1 0.2621 0.5405 0.0298 0.0590
1 0.6266 0.5531 0.7438 0.1688
