62 0.7565 0.2672 0.0203 0.0492
1 0.2062 0.5384 0.3164 0.8968
1 0.5060 0.3312 0.0679 0.3395
40 0.3720 0.5657 0.0724 0.1913
40 0.5049 0.3461 0.0293 0.0200
1 0.7538 0.1322 0.0404 0.0575
1 0.0880 0.2149 0.0355 0.0856
1 0.1291 0.2133 0.0362 0.0775
1 0.4621 0.2311 0.0586 0.1663
62 0.7133 0.2870 0.0575 0.0809
62 0.6299 0.2927 0.0266 0.0819
62 0.6099 0.2904 0.0291 0.0888
1 0.1727 0.2094 0.0426 0.0843
1 0.0279 0.2054 0.0509 0.0521
62 0.5695 0.2938 0.0605 0.0836
62 0.7354 0.2696 0.0299 0.0519
1 0.6541 0.1605 0.0369 0.0861
1 0.3406 0.1939 0.0479 0.0608
1 0.6592 0.2582 0.0382 0.1467
1 0.2981 0.0825 0.0279 0.0497
1 0.9754 0.2433 0.0306 0.1613
1 0.5000 0.1519 0.9969 0.3037
