3 0.9361 0.5236 0.0869 0.0907
31 0.2987 0.5716 0.0432 0.1359
1 0.2175 0.7685 0.0654 0.4597
1 0.2729 0.6269 0.0680 0.1759
1 0.3440 0.6301 0.1013 0.3915
1 0.4406 0.6862 0.1217 0.4488
1 0.5806 0.6883 0.1003 0.3990
1 0.6396 0.6445 0.0730 0.3758
1 0.6899 0.6981 0.0722 0.3685
1 0.7771 0.8035 0.1214 0.3929
1 0.2792 0.5222 0.0419 0.1116
1 0.1459 0.6728 0.1066 0.3844
1 0.2358 0.5509 0.0291 0.1757
1 0.9745 0.6753 0.0494 0.4023
1 0.8623 0.7118 0.0780 0.3308
8 0.8403 0.4925 0.0529 0.0598
34 0.5266 0.6342 0.0515 0.0366
1 0.5820 0.6408 0.3984 0.3944
