62 0.0810 0.6389 0.1382 0.2796
62 0.8808 0.5804 0.0941 0.1760
62 0.5690 0.5169 0.0653 0.0796
62 0.9340 0.8900 0.1320 0.1928
62 0.7703 0.9358 0.2243 0.1284
62 0.2242 0.5448 0.0944 0.0844
62 0.2625 0.6421 0.1351 0.1212
67 0.4925 0.8133 0.6587 0.3735
67 0.0205 0.6088 0.0410 0.1899
67 0.7344 0.5669 0.0862 0.1190
67 0.9336 0.5947 0.1324 0.1897
67 0.3425 0.5277 0.1484 0.1174
1 0.6449 0.5631 0.1039 0.1741
1 0.5988 0.4759 0.0731 0.1442
1 0.7772 0.5152 0.0547 0.1494
46 0.4687 0.6711 0.0312 0.1096
46 0.2537 0.6972 0.0279 0.1164
46 0.3928 0.7252 0.0346 0.1246
46 0.6169 0.6884 0.0263 0.1116
46 0.3556 0.5192 0.0150 0.0508
46 0.3818 0.5047 0.0128 0.0519
48 0.2710 0.8300 0.0202 0.0743
49 0.4122 0.8116 0.0300 0.0594
49 0.2297 0.8125 0.0274 0.0576
49 0.5289 0.7898 0.0359 0.0583
49 0.6403 0.7572 0.0290 0.0284
49 0.4407 0.8074 0.0185 0.0555
62 0.8021 0.5654 0.0620 0.1365
77 0.5292 0.6704 0.0389 0.0382
1 0.4887 0.5484 0.1505 0.3163
1 0.8579 0.7481 0.0887 0.3115
49 0.2221 0.7198 0.0100 0.0433
49 0.2438 0.7174 0.0171 0.0432
49 0.3539 0.7037 0.0183 0.0273
50 0.5560 0.7449 0.0393 0.0093
50 0.2710 0.8424 0.0202 0.0456
50 0.3453 0.7868 0.0309 0.0119
50 0.4227 0.8047 0.0343 0.0524
50 0.5095 0.7745 0.0328 0.0484
62 0.5730 0.6045 0.0681 0.1135
62 0.4020 0.9606 0.4029 0.0788
62 0.9702 0.4974 0.0569 0.0338
62 0.9135 0.4846 0.0250 0.0428
28 0.8343 0.3436 0.1329 0.6817
46 0.7062 0.5103 0.0065 0.0270
48 0.5558 0.7442 0.0396 0.0113
48 0.2590 0.8198 0.0168 0.0597
50 0.5277 0.7134 0.0437 0.0163
50 0.6530 0.7486 0.0249 0.0272
50 0.5762 0.7445 0.0179 0.0194
51 0.2178 0.8273 0.0701 0.0488
51 0.4739 0.7788 0.0615 0.0381
51 0.6840 0.7363 0.0327 0.0247
51 0.5720 0.6726 0.0188 0.0295
1 0.7086 0.7819 0.2613 0.4206
50 0.3160 0.7488 0.0434 0.0092
50 0.2324 0.7159 0.0087 0.0294
50 0.3258 0.7468 0.0363 0.0216
