64 0.5599 0.1205 0.1452 0.2411
44 0.4567 0.8385 0.0506 0.3229
44 0.7199 0.8876 0.0686 0.2060
1 0.5235 0.6607 0.2692 0.4809
1 0.1951 0.5662 0.1459 0.4206
1 0.8661 0.7118 0.2662 0.5730
15 0.4038 0.6992 0.8056 0.4953
47 0.2684 0.8587 0.0435 0.1217
44 0.2053 0.7458 0.0462 0.2938
46 0.4543 0.5856 0.0475 0.0985
46 0.2715 0.7560 0.0420 0.0830
46 0.7649 0.6737 0.0544 0.0918
46 0.5942 0.9298 0.0538 0.1404
46 0.3060 0.8890 0.0604 0.1614
46 0.5548 0.9224 0.0469 0.1308
47 0.2003 0.9165 0.0541 0.1375
1 0.1687 0.7712 0.3374 0.4575
46 0.6649 0.9348 0.0495 0.1302
47 0.5559 0.9229 0.0470 0.1324
67 0.2374 0.8788 0.2064 0.2067
