3 0.8739 0.7366 0.2111 0.1238
3 0.9243 0.7935 0.1509 0.1701
10 0.2654 0.5191 0.0493 0.0224
10 0.3703 0.5822 0.0080 0.0113
31 0.2804 0.8886 0.0185 0.1073
1 0.2486 0.8449 0.0556 0.2786
1 0.0885 0.6945 0.0077 0.0332
1 0.1085 0.6938 0.0104 0.0369
3 0.4609 0.6914 0.0627 0.0645
3 0.3149 0.6820 0.0194 0.0262
3 0.2448 0.6907 0.0544 0.0487
1 0.7702 0.6980 0.0175 0.0498
3 0.6610 0.7523 0.2018 0.1373
3 0.1927 0.6965 0.0314 0.0378
10 0.1436 0.6116 0.0128 0.0397
10 0.1978 0.5837 0.0257 0.0622
10 0.2090 0.6336 0.0064 0.0090
32 0.2517 0.7964 0.0111 0.0617
3 0.2677 0.6824 0.0190 0.0221
10 0.2375 0.5881 0.0128 0.0507
31 0.9705 0.9511 0.0580 0.0979
