19 0.4576 0.4869 0.1637 0.2746
19 0.6793 0.5877 0.4800 0.5514
9 0.3360 0.3756 0.0435 0.0144
1 0.6425 0.4229 0.1361 0.2982
1 0.7630 0.4123 0.0946 0.2328
1 0.4761 0.3509 0.0267 0.0480
19 0.8189 0.5317 0.2638 0.3603
9 0.8176 0.3516 0.0255 0.0125
9 0.3021 0.3376 0.0093 0.0089
9 0.2900 0.3346 0.0105 0.0109
9 0.2656 0.3383 0.0179 0.0113
9 0.2390 0.3366 0.0071 0.0070
9 0.2011 0.3368 0.0054 0.0053
9 0.1803 0.3429 0.0121 0.0081
9 0.1533 0.3356 0.0085 0.0076
1 0.5837 0.3559 0.0465 0.0983
1 0.4637 0.3753 0.0135 0.0247
9 0.2331 0.3295 0.0097 0.0060
9 0.3326 0.3405 0.0223 0.0146
9 0.4742 0.3454 0.9453 0.0632
