1 0.5862 0.7106 0.1501 0.0908
1 0.8295 0.7177 0.1628 0.0962
1 0.6912 0.7227 0.0721 0.1059
1 0.5349 0.6817 0.1623 0.0594
1 0.6517 0.6768 0.0324 0.0644
42 0.5062 0.9084 0.4993 0.0659
42 0.5174 0.8618 0.4250 0.0419
42 0.4227 0.8391 0.3971 0.0654
42 0.3807 0.8013 0.3415 0.0462
42 0.3387 0.7754 0.2635 0.0673
42 0.3134 0.7593 0.3056 0.0480
42 0.2134 0.7605 0.3149 0.0696
42 0.0308 0.6886 0.0615 0.0642
1 0.8352 0.5728 0.0390 0.1124
1 0.6272 0.5741 0.0136 0.0245
1 0.8800 0.5775 0.0320 0.1131
1 0.4082 0.4957 0.0149 0.0163
1 0.4518 0.5112 0.0142 0.0382
1 0.1993 0.5071 0.0184 0.0551
1 0.0374 0.5203 0.0272 0.0382
1 0.0207 0.5133 0.0170 0.0334
42 0.2616 0.7288 0.1098 0.0279
1 0.5039 0.6021 0.9891 0.2833
