54 0.6504 0.3777 0.1988 0.1420
54 0.4589 0.3119 0.1704 0.1144
54 0.2918 0.3674 0.2220 0.1430
54 0.6072 0.2987 0.1707 0.1030
54 0.7160 0.7802 0.2242 0.3229
54 0.4835 0.8018 0.2823 0.3378
54 0.1689 0.5223 0.2231 0.1673
54 0.7504 0.5245 0.1973 0.1704
54 0.6009 0.5201 0.1495 0.1525
1 0.5499 0.1487 0.3816 0.2946
1 0.1864 0.0384 0.3704 0.0768
54 0.4647 0.5302 0.1500 0.1512
54 0.4677 0.4000 0.1767 0.0862
1 0.1979 0.0538 0.1292 0.1076
54 0.2263 0.8040 0.3414 0.3452
54 0.3111 0.5272 0.1679 0.1556
58 0.2249 0.8017 0.3301 0.3421
58 0.1630 0.5160 0.2140 0.1778
58 0.3106 0.5295 0.1794 0.1599
58 0.4575 0.5359 0.1474 0.1549
58 0.6111 0.5260 0.1810 0.1626
58 0.7490 0.5257 0.2123 0.1662
