2 0.7330 0.6016 0.0093 0.0383
6 0.6459 0.6021 0.1439 0.1535
6 0.2579 0.6284 0.5157 0.2325
1 0.7325 0.5886 0.0153 0.0639
13 0.9815 0.4839 0.0352 0.0763
10 0.9279 0.4492 0.0072 0.0146
10 0.8238 0.5027 0.0090 0.0079
10 0.8443 0.4816 0.0047 0.0176
3 0.5271 0.6415 0.0727 0.0696
3 0.9112 0.7758 0.1775 0.4225
3 0.0503 0.7301 0.1007 0.1741
3 0.7518 0.5521 0.0285 0.0292
3 0.7702 0.5341 0.0271 0.0328
3 0.5484 0.6202 0.0612 0.0837
3 0.7310 0.5644 0.0396 0.0319
7 0.2468 0.6329 0.4936 0.2269
31 0.7419 0.7120 0.0197 0.0371
1 0.7463 0.6793 0.0295 0.1030
3 0.7861 0.5290 0.0221 0.0332
3 0.8710 0.5244 0.0217 0.0172
3 0.9091 0.5247 0.0080 0.0278
10 0.8351 0.4696 0.0042 0.0103
1 0.7480 0.7255 0.0328 0.0462
