2 0.5008 0.7179 0.0271 0.0791
2 0.5103 0.7201 0.0222 0.0721
1 0.0889 0.7498 0.0283 0.1342
1 0.0604 0.7740 0.0163 0.0638
1 0.0320 0.7808 0.0128 0.0360
1 0.2426 0.7226 0.0310 0.0811
1 0.2931 0.7298 0.0101 0.0539
1 0.3374 0.7072 0.0276 0.0981
1 0.4349 0.6623 0.0190 0.0894
1 0.5761 0.6919 0.0137 0.0588
1 0.0078 0.7631 0.0155 0.0743
1 0.1459 0.6394 0.0129 0.0671
38 0.6361 0.4929 0.0743 0.0496
38 0.4438 0.4679 0.1970 0.1573
38 0.7033 0.2651 0.0941 0.0616
38 0.6039 0.3821 0.1047 0.0857
38 0.0571 0.2960 0.0123 0.0257
38 0.5994 0.1422 0.0236 0.0201
38 0.9811 0.4571 0.0377 0.0144
38 0.4718 0.4087 0.1129 0.0879
38 0.9720 0.3309 0.0147 0.0221
38 0.6278 0.5278 0.0656 0.0471
38 0.5088 0.4113 0.1134 0.1189
38 0.1847 0.4215 0.0518 0.0774
1 0.3682 0.7340 0.0172 0.0763
1 0.6376 0.6727 0.0194 0.0833
38 0.6856 0.3716 0.0495 0.0586
1 0.1922 0.7437 0.0162 0.0708
1 0.4633 0.6902 0.6797 0.1779
38 0.5742 0.2883 0.6516 0.5031
