1 0.8091 0.2296 0.1342 0.4427
47 0.5656 0.4852 0.0470 0.0828
47 0.6666 0.5007 0.0512 0.0959
47 0.3404 0.4955 0.0466 0.0968
47 0.4600 0.4353 0.0438 0.0873
47 0.5547 0.4417 0.0451 0.0914
47 0.6572 0.4513 0.0435 0.0912
47 0.7424 0.5061 0.0476 0.0964
47 0.7269 0.4622 0.0443 0.0856
58 0.4590 0.5936 0.0665 0.1714
58 0.2983 0.6516 0.0883 0.1045
58 0.6200 0.7428 0.0642 0.1910
58 0.4390 0.7514 0.0599 0.1872
58 0.5773 0.6082 0.1119 0.1282
58 0.6190 0.5851 0.0486 0.1285
58 0.6802 0.7203 0.0692 0.0798
47 0.4488 0.4798 0.0479 0.0835
47 0.3566 0.4432 0.0443 0.0974
47 0.8093 0.5147 0.0470 0.0884
47 0.7910 0.4722 0.0428 0.0858
58 0.3914 0.6028 0.0540 0.1437
58 0.3916 0.7152 0.0712 0.1819
58 0.5171 0.7418 0.1403 0.1051
58 0.7747 0.6491 0.0495 0.1390
58 0.8921 0.6734 0.0362 0.1064
67 0.5024 0.7088 0.8533 0.5622
58 0.6820 0.7949 0.0778 0.0786
1 0.5744 0.2000 0.1483 0.4000
47 0.8793 0.5235 0.0380 0.0766
47 0.8648 0.4824 0.0391 0.0659
