64 0.9694 0.2225 0.0612 0.3191
44 0.8093 0.5875 0.0175 0.0324
44 0.9793 0.9417 0.0404 0.1166
67 0.7794 0.9113 0.3581 0.1774
1 0.4975 0.6115 0.5456 0.7568
1 0.1099 0.5104 0.2165 0.9711
1 0.8030 0.5843 0.2808 0.5247
77 0.3111 0.9501 0.0590 0.0999
77 0.2902 0.9456 0.0367 0.1077
82 0.9188 0.6572 0.1624 0.5302
47 0.8296 0.8587 0.0423 0.0611
47 0.8756 0.8583 0.0540 0.0873
51 0.2342 0.8023 0.0698 0.0568
51 0.9336 0.3823 0.0658 0.0478
1 0.6407 0.5846 0.1093 0.3422
64 0.9952 0.2047 0.0097 0.1604
77 0.7618 0.5938 0.0354 0.0381
