44 0.2602 0.4947 0.0306 0.1783
44 0.2279 0.4596 0.0181 0.0593
44 0.1971 0.4424 0.0147 0.0605
44 0.5025 0.6040 0.0506 0.1135
44 0.3584 0.5689 0.0397 0.1272
44 0.2731 0.4708 0.0136 0.1040
1 0.0270 0.5787 0.0506 0.4023
1 0.3785 0.4388 0.1582 0.1904
1 0.3337 0.4097 0.1046 0.2097
1 0.2629 0.3895 0.0798 0.1137
1 0.1384 0.5236 0.0843 0.3455
1 0.7660 0.6600 0.2376 0.5349
46 0.6136 0.5416 0.0402 0.1314
27 0.9315 0.8280 0.1241 0.3439
46 0.5734 0.6485 0.0355 0.1100
46 0.3943 0.4432 0.0260 0.0757
46 0.5361 0.4191 0.0233 0.0864
46 0.3189 0.4204 0.0194 0.0689
46 0.2424 0.3930 0.0122 0.0339
1 0.6137 0.4672 0.2364 0.3572
1 0.4579 0.4248 0.0277 0.0555
1 0.5029 0.4390 0.1396 0.2535
27 0.4757 0.4773 0.0182 0.0582
44 0.1611 0.4282 0.0157 0.0431
67 0.4773 0.7221 0.6390 0.5247
