1 0.4024 0.2839 0.0566 0.2987
1 0.0701 0.3295 0.0747 0.1592
55 0.0958 0.4026 0.0105 0.0164
55 0.1041 0.4104 0.0120 0.0180
55 0.0730 0.4153 0.0125 0.0190
55 0.1327 0.4287 0.0162 0.0213
8 0.8786 0.1517 0.2422 0.2225
53 0.4731 0.8333 0.1605 0.2562
53 0.6554 0.7667 0.6892 0.4666
53 0.3458 0.5104 0.3890 0.2084
53 0.8094 0.4857 0.3752 0.2329
55 0.0945 0.4186 0.0111 0.0157
55 0.1894 0.4279 0.0185 0.0291
55 0.0620 0.4187 0.0121 0.0222
55 0.0663 0.4214 0.1242 0.0855
55 0.1602 0.4307 0.0178 0.0264
57 0.7500 0.3437 0.0342 0.0470
57 0.7254 0.3266 0.0788 0.0742
57 0.3247 0.3483 0.0268 0.0358
