62 0.3557 0.6649 0.0613 0.3072
1 0.6529 0.4531 0.2425 0.7494
1 0.8202 0.4268 0.2714 0.6517
1 0.1590 0.5338 0.2970 0.6644
1 0.2817 0.4722 0.0603 0.1924
50 0.4974 0.6821 0.0406 0.1138
50 0.8272 0.7476 0.0341 0.0641
51 0.7131 0.8101 0.1193 0.1133
51 0.8235 0.7950 0.1202 0.1149
51 0.4047 0.8889 0.1547 0.1536
51 0.5900 0.8764 0.2264 0.1483
51 0.9153 0.7809 0.1206 0.1052
51 0.9756 0.7670 0.0488 0.0999
51 0.2459 0.9113 0.1653 0.1773
51 0.0829 0.9277 0.1658 0.1445
1 0.4718 0.5425 0.2118 0.6203
1 0.3088 0.4159 0.0356 0.0960
1 0.2524 0.4305 0.0254 0.1320
48 0.1916 0.8802 0.0378 0.0526
62 0.3066 0.5694 0.0576 0.1350
62 0.7731 0.5409 0.0301 0.1378
62 0.3121 0.4863 0.0177 0.0516
67 0.5690 0.8937 0.8591 0.1843
67 0.7300 0.6104 0.0512 0.1257
1 0.3475 0.4551 0.0560 0.1765
1 0.9655 0.6053 0.0688 0.1859
50 0.9329 0.7178 0.0158 0.0271
67 0.9749 0.5989 0.0499 0.1844
1 0.4003 0.3789 0.0205 0.0254
1 0.9797 0.4887 0.0407 0.0817
62 0.7749 0.5429 0.0223 0.1235
1 0.0521 0.4251 0.0378 0.1166
50 0.2286 0.8183 0.0268 0.0374
50 0.6996 0.7615 0.0135 0.0798
50 0.1912 0.8822 0.0378 0.0503
