3 0.9096 0.6096 0.1210 0.0607
6 0.5444 0.5270 0.6202 0.5506
1 0.1534 0.6254 0.0153 0.0792
1 0.1120 0.6227 0.0219 0.0850
1 0.2257 0.6267 0.0248 0.0661
1 0.0549 0.6237 0.0213 0.0736
1 0.4020 0.3774 0.0430 0.0614
1 0.5825 0.6113 0.0264 0.0379
1 0.0369 0.6283 0.0254 0.0846
1 0.0732 0.6289 0.0201 0.0805
1 0.1779 0.6254 0.0270 0.0801
1 0.8080 0.4561 0.0213 0.0403
1 0.7803 0.4495 0.0247 0.0462
1 0.0217 0.6297 0.0255 0.0749
3 0.9813 0.5972 0.0374 0.0385
1 0.0081 0.6217 0.0162 0.0808
1 0.6086 0.4115 0.3172 0.1104
