37 0.5525 0.4351 0.0088 0.0116
1 0.6422 0.7067 0.1743 0.2347
1 0.6377 0.1187 0.0508 0.0548
1 0.2553 0.3531 0.0788 0.2713
1 0.8972 0.1063 0.0598 0.0830
1 0.7705 0.0670 0.0575 0.0775
1 0.9481 0.0675 0.0663 0.0843
1 0.3346 0.3682 0.1057 0.1526
1 0.3039 0.3107 0.0834 0.1177
39 0.2511 0.2003 0.0358 0.0575
40 0.3443 0.3790 0.0305 0.0308
1 0.0612 0.1056 0.0593 0.0599
1 0.1377 0.0835 0.0634 0.0802
1 0.4391 0.1133 0.0680 0.0566
1 0.3793 0.1129 0.0446 0.0387
15 0.4138 0.0361 0.0565 0.0411
40 0.6193 0.7065 0.0286 0.0264
62 0.3426 0.0660 0.0617 0.0381
62 0.2841 0.0772 0.0570 0.0518
62 0.2680 0.1065 0.0569 0.0400
62 0.3192 0.1119 0.0815 0.0493
62 0.4748 0.0461 0.0532 0.0472
62 0.4624 0.0806 0.0540 0.0570
62 0.3900 0.1098 0.0657 0.0400
62 0.7752 0.1243 0.0581 0.0481
62 0.7126 0.1120 0.0572 0.0316
15 0.3428 0.0695 0.0535 0.0345
1 0.7117 0.1188 0.0771 0.0622
62 0.4034 0.0696 0.0594 0.0367
62 0.4128 0.0286 0.0595 0.0364
62 0.2948 0.0392 0.0583 0.0512
62 0.2371 0.0326 0.0539 0.0347
1 0.5016 0.0767 0.9938 0.1534
