28 0.6297 0.7623 0.1461 0.0355
28 0.3165 0.7596 0.0983 0.0278
28 0.4640 0.7551 0.1313 0.0174
28 0.3844 0.7556 0.0527 0.0212
28 0.2602 0.7665 0.0387 0.0104
85 0.4999 0.4473 0.0971 0.0608
1 0.1369 0.8831 0.1355 0.2323
1 0.3005 0.8634 0.0926 0.1642
1 0.3852 0.8505 0.0869 0.1728
1 0.4584 0.8908 0.1111 0.2147
1 0.5672 0.8245 0.1218 0.0957
1 0.6548 0.8534 0.0828 0.1639
1 0.7918 0.8189 0.0526 0.0987
1 0.9103 0.8197 0.0481 0.1165
31 0.3527 0.8914 0.0447 0.0702
1 0.6008 0.9460 0.1013 0.1081
1 0.8362 0.8016 0.0400 0.0722
1 0.9504 0.8236 0.0469 0.1048
28 0.5255 0.7576 0.0515 0.0112
28 0.1784 0.7714 0.0445 0.0177
28 0.2416 0.7762 0.0228 0.0033
28 0.5624 0.7547 0.0720 0.0179
27 0.1601 0.8479 0.0787 0.0686
27 0.6495 0.8105 0.0467 0.0310
27 0.4552 0.8326 0.0673 0.0252
27 0.8449 0.7895 0.0382 0.0354
31 0.7379 0.8444 0.0248 0.0397
31 0.2686 0.8419 0.0210 0.0368
1 0.9920 0.8187 0.0160 0.0980
28 0.9218 0.7368 0.1271 0.0476
28 0.4492 0.7695 0.0615 0.0086
1 0.7091 0.8585 0.0698 0.1470
1 0.4976 0.8422 0.9953 0.1844
