1 0.6416 0.7271 0.3193 0.5457
1 0.2551 0.5659 0.4155 0.8682
1 0.8364 0.4305 0.0295 0.1116
1 0.6880 0.2870 0.0052 0.0167
1 0.9735 0.4054 0.0256 0.0669
1 0.4556 0.3390 0.0040 0.0169
1 0.8977 0.3620 0.0091 0.0306
1 0.7677 0.4381 0.0097 0.0474
27 0.2815 0.7011 0.1753 0.4809
27 0.5776 0.4054 0.0100 0.0163
2 0.8445 0.4612 0.0774 0.0736
2 0.8868 0.4280 0.0544 0.0480
38 0.4928 0.1689 0.0441 0.0871
38 0.6112 0.2615 0.0411 0.0831
38 0.4755 0.3018 0.0353 0.0471
38 0.8092 0.2567 0.0367 0.0607
38 0.5544 0.2513 0.0484 0.0789
38 0.7208 0.0900 0.0077 0.0090
38 0.6155 0.1323 0.0099 0.0118
38 0.8750 0.2118 0.0080 0.0104
1 0.0980 0.5522 0.1961 0.8955
38 0.8807 0.1790 0.0084 0.0147
1 0.7543 0.4419 0.0212 0.0441
1 0.6979 0.3851 0.0087 0.0411
1 0.5838 0.3924 0.0152 0.0368
31 0.6435 0.8448 0.1654 0.3104
31 0.2836 0.7237 0.1851 0.4644
38 0.8918 0.2687 0.0274 0.0291
38 0.7065 0.1741 0.0083 0.0128
38 0.1515 0.1860 0.0523 0.0395
38 0.0944 0.2403 0.0090 0.0141
