28 0.3784 0.6415 0.0449 0.0228
28 0.3399 0.6279 0.0361 0.0210
28 0.9152 0.6439 0.0835 0.0601
28 0.9057 0.5852 0.0815 0.0295
1 0.8519 0.6608 0.0526 0.2406
1 0.6758 0.6670 0.0463 0.2465
1 0.1739 0.6471 0.0452 0.1685
1 0.7466 0.6226 0.0223 0.0587
1 0.3300 0.6771 0.0370 0.0724
1 0.2656 0.6412 0.0410 0.1429
1 0.2288 0.6513 0.0178 0.0564
15 0.5958 0.7698 0.2020 0.1528
1 0.4063 0.6421 0.0203 0.1157
1 0.7293 0.6840 0.0347 0.0710
9 0.9034 0.5586 0.0269 0.0248
27 0.4121 0.6173 0.0217 0.0366
27 0.6038 0.6150 0.0280 0.0568
27 0.4436 0.6112 0.0136 0.0259
28 0.1628 0.6075 0.0632 0.0435
28 0.0094 0.6053 0.0188 0.0200
62 0.8879 0.6817 0.0378 0.1024
1 0.5922 0.6245 0.0232 0.1049
1 0.2135 0.6330 0.0181 0.0528
37 0.8387 0.5994 0.0201 0.0351
62 0.7907 0.6493 0.0129 0.0286
62 0.1267 0.6693 0.0324 0.0625
62 0.0538 0.6737 0.0252 0.0526
62 0.0059 0.6646 0.0118 0.0392
62 0.2320 0.6639 0.0157 0.0184
1 0.5408 0.6665 0.0876 0.0804
1 0.4544 0.6074 0.0283 0.0463
62 0.1461 0.6703 0.0174 0.0580
62 0.0894 0.6675 0.0258 0.0478
1 0.5000 0.6882 0.9969 0.2424
