4 0.6423 0.7584 0.7154 0.4247
1 0.4010 0.5735 0.1278 0.2631
1 0.2351 0.5851 0.1461 0.3560
1 0.0457 0.5392 0.0914 0.1610
1 0.3312 0.5086 0.0807 0.1562
1 0.8869 0.4694 0.0289 0.0559
1 0.8649 0.4683 0.0324 0.0629
1 0.5060 0.4889 0.0649 0.1333
1 0.5920 0.4782 0.0612 0.0841
4 0.7868 0.5086 0.0918 0.0508
10 0.6397 0.3815 0.0131 0.0158
10 0.7249 0.3833 0.0136 0.0167
10 0.7442 0.3493 0.0200 0.0264
31 0.3788 0.5336 0.0883 0.1124
31 0.2271 0.5337 0.1489 0.1459
31 0.3279 0.4703 0.0354 0.0352
4 0.7231 0.4648 0.0969 0.0392
1 0.8237 0.4544 0.0215 0.0375
1 0.6114 0.4595 0.0332 0.0481
1 0.9344 0.4623 0.0373 0.0481
1 0.5420 0.4788 0.0377 0.0876
4 0.6800 0.5957 0.4973 0.2332
4 0.8764 0.6388 0.1740 0.0839
4 0.5264 0.5906 0.0891 0.0442
10 0.5837 0.3489 0.0242 0.0316
28 0.2047 0.3755 0.2837 0.0670
28 0.3334 0.3845 0.1416 0.0598
28 0.5730 0.4233 0.0955 0.0244
1 0.6322 0.4501 0.0158 0.0173
1 0.5948 0.4758 0.8021 0.1359
