62 0.6258 0.9099 0.0347 0.0713
1 0.4040 0.8570 0.0242 0.1081
1 0.3015 0.8149 0.0158 0.0740
1 0.9468 0.8348 0.1035 0.3079
38 0.3936 0.6061 0.1082 0.0936
38 0.3924 0.0446 0.0407 0.0541
38 0.4785 0.2506 0.0315 0.0276
38 0.5091 0.2397 0.0108 0.0080
38 0.2253 0.2961 0.0464 0.0475
38 0.2459 0.6382 0.1315 0.1683
38 0.1313 0.6399 0.0434 0.0663
38 0.3650 0.4316 0.0389 0.0247
38 0.4442 0.0036 0.0103 0.0067
28 0.4761 0.7591 0.1957 0.0887
38 0.2730 0.7890 0.0363 0.0572
38 0.1395 0.7862 0.0183 0.0548
38 0.4452 0.4536 0.0079 0.0107
1 0.2499 0.7953 0.0037 0.0168
1 0.2089 0.7997 0.0050 0.0153
1 0.5517 0.8545 0.0226 0.1249
1 0.1244 0.8072 0.0184 0.0676
1 0.6445 0.8127 0.0149 0.0559
1 0.3637 0.7978 0.0172 0.0471
62 0.4385 0.8958 0.0293 0.0626
62 0.4764 0.8941 0.0207 0.0366
62 0.5856 0.8748 0.0240 0.0510
1 0.5212 0.8659 0.0245 0.0326
1 0.3851 0.8018 0.0151 0.0359
38 0.2437 0.8148 0.0195 0.0096
38 0.5742 0.6897 0.2734 0.0820
