44 0.0217 0.4066 0.0428 0.0992
44 0.1307 0.4155 0.0569 0.0908
1 0.7162 0.6171 0.2804 0.7455
1 0.5738 0.3394 0.1075 0.1559
1 0.4287 0.3313 0.1118 0.1729
50 0.5012 0.7402 0.0620 0.0558
50 0.3735 0.7565 0.0996 0.0760
51 0.2378 0.8631 0.2367 0.2082
51 0.4197 0.7977 0.1786 0.1438
51 0.5389 0.7436 0.1927 0.1066
51 0.5760 0.7053 0.1089 0.0907
47 0.8712 0.3321 0.0113 0.0142
47 0.8292 0.2852 0.0147 0.0241
47 0.7991 0.2846 0.0150 0.0297
47 0.8281 0.2380 0.0143 0.0228
47 0.8119 0.2419 0.0152 0.0244
47 0.7963 0.2469 0.0142 0.0240
47 0.8286 0.3074 0.0146 0.0042
50 0.6243 0.5623 0.0861 0.0520
50 0.5780 0.7118 0.1065 0.0426
81 0.8862 0.5714 0.0664 0.0212
32 0.5564 0.3885 0.0283 0.0162
32 0.4485 0.3813 0.0245 0.0197
47 0.8135 0.2904 0.0151 0.0260
47 0.7865 0.2823 0.0100 0.0222
47 0.8121 0.2621 0.0138 0.0174
47 0.8463 0.3254 0.0162 0.0149
44 0.0762 0.3095 0.0360 0.0941
47 0.8799 0.3324 0.0092 0.0151
47 0.8620 0.3234 0.0113 0.0141
47 0.8305 0.3135 0.1172 0.1479
