19 0.5357 0.5506 0.4057 0.5139
1 0.5448 0.4020 0.0887 0.4388
1 0.3692 0.3760 0.0607 0.2189
19 0.3516 0.5231 0.2976 0.3943
9 0.9740 0.3943 0.0368 0.0356
9 0.8795 0.3953 0.0241 0.0085
9 0.8195 0.3953 0.0303 0.0217
9 0.1799 0.3886 0.0247 0.0115
9 0.1627 0.4014 0.0222 0.0176
9 0.1445 0.3940 0.0351 0.0218
9 0.0615 0.3957 0.0150 0.0106
9 0.2675 0.3910 0.0185 0.0174
9 0.3080 0.3898 0.0201 0.0148
9 0.8569 0.3878 0.0143 0.0124
9 0.0854 0.3969 0.0143 0.0112
9 0.9419 0.3883 0.0357 0.0220
9 0.7584 0.3786 0.0169 0.0161
9 0.5055 0.3244 0.9859 0.1663
