44 0.4490 0.1790 0.0455 0.1930
1 0.6952 0.4687 0.5646 0.9371
1 0.6120 0.1874 0.2827 0.3702
1 0.2819 0.2626 0.3818 0.5251
1 0.0769 0.1858 0.1537 0.3649
1 0.4247 0.1026 0.2072 0.2028
49 0.7634 0.9487 0.2114 0.1026
59 0.1332 0.5465 0.2602 0.2220
67 0.4992 0.8333 0.9983 0.3243
67 0.5000 0.7090 1.0000 0.5596
1 0.3499 0.0671 0.0598 0.1174
47 0.4740 0.2103 0.0352 0.0820
48 0.5588 0.6301 0.1183 0.3036
48 0.6163 0.8257 0.0249 0.1038
59 0.2990 0.6185 0.3444 0.1892
62 0.9476 0.7107 0.1049 0.4387
62 0.0568 0.3353 0.1137 0.2031
62 0.2553 0.4083 0.3017 0.2517
67 0.4396 0.2975 0.1009 0.0989
1 0.5225 0.0694 0.0981 0.1387
1 0.9583 0.2735 0.0834 0.4155
47 0.3070 0.8232 0.0905 0.0979
47 0.4079 0.1737 0.0547 0.0374
59 0.4968 0.7580 0.1982 0.1950
62 0.4552 0.3250 0.0415 0.0389
