1 0.5108 0.5611 0.2288 0.8450
1 0.1339 0.5607 0.1331 0.6450
1 0.6156 0.4431 0.1100 0.4551
1 0.3255 0.4011 0.0188 0.0817
1 0.4028 0.3646 0.0185 0.0229
36 0.5048 0.8335 0.7624 0.2752
27 0.0769 0.9331 0.1418 0.1143
1 0.8707 0.2054 0.0165 0.0341
1 0.4119 0.5358 0.1323 0.5035
36 0.7665 0.5177 0.1520 0.1447
36 0.1674 0.5635 0.3343 0.1235
36 0.7622 0.6570 0.2587 0.1839
36 0.3371 0.9392 0.4052 0.1215
36 0.7205 0.4914 0.0239 0.0191
1 0.8625 0.2063 0.0098 0.0298
1 0.6900 0.4080 0.1009 0.3512
1 0.3834 0.3886 0.0147 0.0703
36 0.3323 0.5480 0.0706 0.0870
