9 0.2366 0.8063 0.4709 0.1749
9 0.6958 0.7464 0.5595 0.2081
28 0.3140 0.5685 0.1981 0.3011
28 0.5372 0.1287 0.1619 0.0928
28 0.6744 0.1918 0.1422 0.2377
28 0.7641 0.1584 0.1568 0.0978
28 0.0953 0.1471 0.1906 0.1386
28 0.7323 0.4720 0.1742 0.1173
28 0.4060 0.1404 0.1469 0.1149
1 0.1553 0.6875 0.0565 0.1301
1 0.3360 0.2735 0.0305 0.1936
1 0.5060 0.2896 0.0423 0.1863
1 0.3968 0.2832 0.0447 0.1924
1 0.4217 0.2262 0.0225 0.1048
1 0.8103 0.6282 0.0344 0.1592
1 0.6033 0.2917 0.0321 0.1766
1 0.6488 0.3084 0.0435 0.1400
1 0.7635 0.5938 0.0270 0.1986
1 0.3661 0.2374 0.0311 0.0851
1 0.2914 0.2312 0.0228 0.0892
1 0.3117 0.2288 0.0298 0.1075
1 0.2699 0.2326 0.0255 0.0850
28 0.0431 0.1120 0.0863 0.0911
1 0.5000 0.4605 0.9938 0.5936
