3 0.0580 0.5258 0.0688 0.0363
3 0.2644 0.5253 0.0465 0.0318
3 0.1040 0.5265 0.0363 0.0209
3 0.1313 0.5248 0.0319 0.0197
3 0.1594 0.5239 0.0273 0.0159
3 0.1968 0.5204 0.0158 0.0123
10 0.1671 0.2512 0.0175 0.0417
11 0.5464 0.8465 0.1885 0.2923
1 0.6398 0.6367 0.1461 0.4273
1 0.5099 0.7033 0.1501 0.4129
1 0.3752 0.6471 0.2182 0.4596
3 0.1750 0.5195 0.0275 0.0191
3 0.4581 0.5271 0.0283 0.0353
10 0.0184 0.2421 0.0163 0.0367
3 0.2352 0.5180 0.0147 0.0070
10 0.3809 0.1331 0.0321 0.0571
10 0.4087 0.0495 0.0407 0.0650
3 0.2207 0.5197 0.0129 0.0058
