1 0.3364 0.1921 0.0074 0.0340
1 0.2407 0.1944 0.0071 0.0307
1 0.1840 0.1927 0.0125 0.0404
1 0.3718 0.1935 0.0179 0.0318
1 0.3905 0.1863 0.0108 0.0435
1 0.4011 0.1873 0.0095 0.0390
1 0.8834 0.1514 0.0138 0.0259
9 0.6980 0.5047 0.2584 0.1409
9 0.2975 0.8438 0.5949 0.2899
9 0.6394 0.3236 0.3153 0.1156
9 0.5454 0.3189 0.2076 0.0633
9 0.4096 0.2905 0.1334 0.0473
9 0.2544 0.2730 0.1590 0.0486
1 0.2444 0.1888 0.0063 0.0420
1 0.4243 0.1873 0.0103 0.0388
1 0.4116 0.1933 0.0120 0.0259
3 0.9182 0.1538 0.0844 0.0265
1 0.2320 0.1997 0.0072 0.0211
1 0.8915 0.1491 0.0080 0.0182
1 0.3980 0.2426 0.0165 0.0177
9 0.2142 0.2553 0.0796 0.0359
9 0.1477 0.2507 0.0553 0.0324
9 0.8211 0.4280 0.3579 0.0962
9 0.9712 0.2365 0.0576 0.0780
9 0.3293 0.2220 0.0598 0.0368
9 0.3901 0.2580 0.2010 0.0412
9 0.8475 0.3640 0.3004 0.0612
1 0.2359 0.1708 0.0187 0.0250
