1 0.5320 0.4542 0.4095 0.5145
1 0.1094 0.7101 0.2159 0.5573
1 0.0526 0.3137 0.1051 0.2273
1 0.0870 0.3179 0.0875 0.1986
1 0.2942 0.4021 0.2982 0.4341
1 0.7508 0.4983 0.4985 0.9436
1 0.2231 0.6559 0.2060 0.5539
48 0.2413 0.9368 0.0205 0.1081
50 0.5118 0.7708 0.1622 0.2689
51 0.3007 0.8032 0.0851 0.0682
51 0.3161 0.6950 0.0640 0.0495
15 0.5906 0.8694 0.1322 0.1959
31 0.2324 0.3951 0.0210 0.1393
44 0.3463 0.6223 0.0285 0.1157
48 0.6234 0.9323 0.0172 0.1149
51 0.3764 0.7527 0.0703 0.0550
67 0.0960 0.5022 0.0810 0.1550
1 0.7067 0.4130 0.0552 0.1229
1 0.6889 0.5631 0.3134 0.2854
1 0.5463 0.2147 0.0979 0.1363
15 0.1676 0.9520 0.0847 0.0960
47 0.4797 0.6872 0.0426 0.1363
50 0.2884 0.9123 0.0824 0.0182
50 0.3630 0.5869 0.0771 0.0284
51 0.5187 0.6654 0.0427 0.0454
51 0.4272 0.8679 0.2060 0.2643
67 0.4422 0.5300 0.2271 0.2075
67 0.4350 0.8532 0.4852 0.2935
1 0.7425 0.3896 0.0664 0.1792
15 0.6868 0.8999 0.0800 0.1714
32 0.5130 0.3957 0.0269 0.2302
44 0.0097 0.3979 0.0174 0.0537
1 0.6854 0.3369 0.0709 0.1407
