64 0.2347 0.1747 0.1630 0.1778
44 0.4569 0.2111 0.0136 0.0683
44 0.4749 0.2192 0.0223 0.0579
62 0.7411 0.3550 0.0802 0.1298
62 0.3968 0.2760 0.1378 0.0808
62 0.9704 0.4795 0.0591 0.1647
63 0.6271 0.2138 0.3455 0.1548
2 0.2004 0.0850 0.0982 0.1180
1 0.6051 0.2614 0.2292 0.3086
1 0.8279 0.3389 0.2796 0.4330
60 0.2246 0.7721 0.0712 0.0712
60 0.2694 0.8290 0.0755 0.0549
60 0.2893 0.7854 0.0706 0.0696
60 0.3061 0.7223 0.0621 0.0699
60 0.2469 0.7112 0.0735 0.0700
60 0.3665 0.7254 0.0631 0.0616
60 0.3382 0.8399 0.0742 0.0579
60 0.2005 0.8178 0.0720 0.0497
60 0.3560 0.7823 0.0655 0.0668
73 0.6975 0.4706 0.1578 0.1850
73 0.5062 0.3809 0.2201 0.2122
73 0.2873 0.2814 0.2213 0.1808
74 0.8731 0.7046 0.0813 0.0553
84 0.9106 0.0951 0.0103 0.0287
84 0.9823 0.1067 0.0150 0.0334
64 0.9812 0.3221 0.0376 0.1541
84 0.9206 0.6096 0.1588 0.0826
84 0.1636 0.2937 0.0746 0.0562
84 0.9002 0.0950 0.0137 0.0280
73 0.7685 0.7284 0.3284 0.4845
84 0.9781 0.1065 0.0206 0.0344
84 0.9203 0.0952 0.0166 0.0366
