67 0.5021 0.8200 0.9865 0.3600
1 0.2937 0.4419 0.4656 0.8758
1 0.4264 0.4466 0.2865 0.4831
1 0.5929 0.3536 0.3142 0.5653
54 0.4766 0.7341 0.1357 0.0900
85 0.7197 0.3602 0.0505 0.0762
49 0.8098 0.6867 0.1405 0.0403
49 0.4098 0.7697 0.1981 0.0567
51 0.7490 0.9571 0.2840 0.0857
51 0.9195 0.8526 0.1611 0.2685
52 0.5690 0.9241 0.1352 0.0937
54 0.5764 0.7502 0.1382 0.0809
57 0.7866 0.8873 0.0852 0.0252
57 0.4688 0.7365 0.0552 0.0200
81 0.8071 0.6431 0.2961 0.1480
82 0.0436 0.4775 0.0872 0.3204
57 0.6877 0.9008 0.0797 0.0469
57 0.7521 0.8794 0.2122 0.1451
57 0.4187 0.7353 0.0257 0.0250
49 0.8179 0.5488 0.0114 0.0551
54 0.5979 0.6654 0.1018 0.0709
46 0.0590 0.6316 0.0310 0.0738
