7 0.7062 0.6510 0.5876 0.4539
1 0.2940 0.7948 0.0678 0.2578
1 0.0748 0.8092 0.0874 0.3289
1 0.4057 0.7335 0.0269 0.1162
1 0.2371 0.7371 0.0331 0.1254
1 0.2546 0.7036 0.0210 0.1011
27 0.1988 0.7243 0.0282 0.0754
27 0.2942 0.7494 0.0390 0.0944
27 0.3659 0.7323 0.0416 0.0923
31 0.4146 0.7288 0.0084 0.0388
31 0.3190 0.7514 0.0180 0.0903
31 0.3886 0.6876 0.0073 0.0159
32 0.2587 0.4932 0.0043 0.0245
32 0.2159 0.4852 0.0044 0.0295
1 0.3275 0.7336 0.0257 0.1339
1 0.2003 0.7624 0.0494 0.2122
1 0.3891 0.6913 0.0168 0.0461
1 0.3860 0.6819 0.0081 0.0264
1 0.3603 0.4927 0.0435 0.0995
1 0.3624 0.7885 0.0614 0.2544
