35 0.4649 0.6715 0.2506 0.0504
1 0.4801 0.4529 0.1845 0.4457
1 0.2622 0.4517 0.0558 0.1388
1 0.8957 0.4383 0.0700 0.1527
1 0.9576 0.1906 0.0313 0.0785
1 0.8390 0.2019 0.0280 0.0953
1 0.7768 0.1831 0.0256 0.0870
1 0.6936 0.1764 0.0275 0.0897
1 0.6699 0.1664 0.0234 0.0880
1 0.6124 0.1608 0.0253 0.0800
1 0.5763 0.1621 0.0280 0.0770
1 0.0641 0.1416 0.0117 0.0389
1 0.4933 0.1939 0.0235 0.0367
35 0.7860 0.2242 0.0631 0.0072
35 0.6126 0.1995 0.0202 0.0036
35 0.5787 0.2004 0.0346 0.0069
1 0.2586 0.0408 0.0121 0.0249
35 0.6962 0.2213 0.0294 0.0087
35 0.2628 0.0552 0.0177 0.0090
35 0.9119 0.5150 0.0970 0.0082
35 0.8398 0.2481 0.0448 0.0096
35 0.5011 0.2150 0.0550 0.0052
35 0.9536 0.2287 0.0351 0.0037
1 0.5164 0.1702 0.7234 0.3404
