44 0.6230 0.6067 0.0482 0.2279
44 0.7382 0.6854 0.0990 0.3742
62 0.0517 0.9022 0.0975 0.1595
1 0.8933 0.3953 0.2134 0.6957
1 0.2654 0.5595 0.5037 0.8584
1 0.1639 0.3065 0.2018 0.3940
47 0.5261 0.7251 0.0534 0.1161
61 0.5656 0.8338 0.1676 0.1787
47 0.6748 0.7106 0.0317 0.0736
50 0.5151 0.6012 0.0649 0.0252
51 0.3765 0.7536 0.0809 0.0733
51 0.4732 0.6353 0.0670 0.0534
51 0.4660 0.6897 0.0812 0.0606
51 0.5692 0.7186 0.0469 0.0562
67 0.6717 0.7401 0.6567 0.4921
47 0.9353 0.9558 0.0784 0.0883
47 0.6814 0.2483 0.0543 0.0829
47 0.7973 0.7453 0.0214 0.1268
51 0.6772 0.7117 0.0300 0.0678
1 0.7264 0.3473 0.3350 0.6178
