3 0.1868 0.6567 0.3735 0.1778
3 0.9565 0.6024 0.0869 0.0431
3 0.9300 0.5807 0.1400 0.0539
3 0.3937 0.5803 0.0989 0.0600
10 0.7788 0.4726 0.0155 0.0184
1 0.7411 0.7267 0.2695 0.5157
1 0.4946 0.7393 0.2802 0.4944
31 0.7908 0.6779 0.1719 0.2078
10 0.8185 0.4759 0.0188 0.0290
10 0.8635 0.4798 0.0238 0.0333
3 0.2951 0.5684 0.0786 0.0407
3 0.1463 0.5625 0.0635 0.0362
3 0.0610 0.5585 0.1182 0.0273
31 0.4675 0.7478 0.1183 0.1200
1 0.8444 0.5729 0.0332 0.0303
1 0.8839 0.5633 0.0204 0.0158
1 0.7865 0.5717 0.0225 0.0411
10 0.5143 0.4913 0.0135 0.0171
10 0.2710 0.4582 0.0122 0.0087
10 0.7508 0.5030 0.0246 0.0144
10 0.9004 0.5082 0.0083 0.0181
10 0.2846 0.3932 0.0280 0.0387
3 0.5735 0.5699 0.0481 0.0290
