72 0.6120 0.3022 0.1448 0.1572
72 0.7493 0.2431 0.1556 0.2066
17 0.8597 0.5155 0.2567 0.3115
62 0.3492 0.6774 0.3435 0.6150
77 0.6727 0.4219 0.0494 0.0266
73 0.5747 0.3213 0.2124 0.2023
74 0.7087 0.4056 0.0403 0.0296
27 0.9408 0.8616 0.1185 0.2745
75 0.6703 0.4218 0.0481 0.0279
84 0.0829 0.0644 0.0284 0.0442
84 0.0298 0.5431 0.0589 0.0637
84 0.0619 0.0941 0.0134 0.0592
84 0.0290 0.1014 0.0261 0.0537
84 0.1471 0.0884 0.0435 0.1599
84 0.1430 0.0949 0.0364 0.1563
84 0.1221 0.0548 0.0169 0.0742
84 0.0488 0.0956 0.0220 0.0613
84 0.0173 0.1338 0.0278 0.1086
84 0.8046 0.9074 0.0959 0.1851
72 0.6112 0.2068 0.1416 0.1610
46 0.7948 0.3465 0.0431 0.0489
