20 0.7434 0.5283 0.0753 0.1670
20 0.6241 0.4512 0.0465 0.0405
20 0.4927 0.4575 0.0804 0.1304
20 0.6218 0.5318 0.0668 0.1619
20 0.5822 0.4975 0.0366 0.1322
20 0.4249 0.4147 0.0357 0.1136
20 0.2038 0.3000 0.0328 0.0613
20 0.3842 0.3770 0.0389 0.0968
20 0.3482 0.3314 0.0364 0.0893
20 0.5474 0.4935 0.0416 0.1484
20 0.6667 0.5267 0.0577 0.1531
1 0.8563 0.5240 0.0582 0.2392
1 0.3004 0.3515 0.0700 0.2150
20 0.4891 0.3865 0.0381 0.0192
20 0.5539 0.3943 0.0515 0.0320
20 0.4118 0.3438 0.0493 0.0463
20 0.5555 0.4485 0.6672 0.4052
