1 0.5122 0.7252 0.1598 0.5180
1 0.3934 0.4156 0.0390 0.1309
1 0.5201 0.3794 0.0640 0.1952
43 0.5720 0.7507 0.0217 0.1267
37 0.4596 0.4896 0.0078 0.0102
37 0.6363 0.5252 0.0070 0.0088
37 0.4544 0.4766 0.0073 0.0086
37 0.7715 0.4084 0.0067 0.0067
37 0.4427 0.4125 0.0055 0.0057
37 0.3119 0.4124 0.0044 0.0060
37 0.1603 0.4490 0.0065 0.0093
37 0.6378 0.4404 0.0060 0.0072
37 0.1308 0.3938 0.0043 0.0072
37 0.8113 0.4833 0.0087 0.0110
43 0.3805 0.3965 0.0190 0.0431
37 0.8821 0.4435 0.0051 0.0065
37 0.4883 0.4582 0.9547 0.3431
