9 0.7538 0.1883 0.0111 0.0437
41 0.1022 0.2684 0.0882 0.1229
41 0.5505 0.4255 0.0491 0.0252
41 0.1409 0.4186 0.0543 0.0720
41 0.0483 0.4453 0.0818 0.0267
27 0.7542 0.3305 0.0314 0.0799
27 0.5203 0.3548 0.0302 0.0226
1 0.6443 0.3363 0.0827 0.2238
1 0.8816 0.2276 0.0065 0.0288
1 0.4077 0.3758 0.0978 0.1364
1 0.0538 0.3486 0.0662 0.1796
1 0.5842 0.2978 0.0731 0.2584
1 0.1636 0.3145 0.0600 0.0886
1 0.2480 0.3454 0.0718 0.1758
1 0.1628 0.1976 0.1660 0.2698
1 0.3181 0.3259 0.0665 0.1897
1 0.2564 0.2626 0.0383 0.1484
1 0.4849 0.2410 0.0093 0.0341
27 0.1875 0.3575 0.0473 0.0309
1 0.1204 0.3703 0.0754 0.1646
41 0.2457 0.4341 0.0633 0.0186
41 0.6386 0.4287 0.0147 0.0296
1 0.6964 0.3281 0.0574 0.1764
1 0.6227 0.2306 0.7203 0.0847
