82 0.4324 0.4617 0.8408 0.6599
85 0.0514 0.1494 0.1014 0.0965
1 0.7604 0.5744 0.4790 0.7936
78 0.2630 0.3200 0.2896 0.1181
44 0.3633 0.7175 0.0355 0.0881
44 0.3267 0.6048 0.0411 0.0885
44 0.1790 0.4809 0.0328 0.0477
44 0.1476 0.4794 0.0343 0.0475
44 0.1088 0.4845 0.0396 0.0454
44 0.2373 0.7281 0.0478 0.0780
44 0.2997 0.7344 0.0409 0.0646
44 0.3939 0.7248 0.0296 0.0725
44 0.1596 0.7340 0.0231 0.0687
44 0.2106 0.4788 0.0245 0.0426
44 0.1134 0.4655 0.0184 0.0279
44 0.2688 0.7309 0.0261 0.0699
44 0.2877 0.6190 0.0554 0.0620
51 0.5627 0.5329 0.0789 0.0317
44 0.3906 0.5820 0.6354 0.3828
