44 0.4228 0.1351 0.0949 0.2280
44 0.5161 0.1426 0.0816 0.2853
67 0.5005 0.4409 0.9990 0.8652
50 0.2715 0.3393 0.2409 0.3266
51 0.3614 0.4677 0.3809 0.4014
51 0.0887 0.6101 0.1743 0.4337
59 0.8303 0.9228 0.3384 0.1541
59 0.1120 0.3315 0.2209 0.2225
51 0.4401 0.8059 0.4213 0.3700
51 0.1454 0.8941 0.2907 0.1892
58 0.6523 0.0868 0.0625 0.1354
58 0.6877 0.0923 0.0559 0.1378
58 0.7212 0.0895 0.0443 0.1568
58 0.8858 0.0930 0.0420 0.1106
58 0.7950 0.0678 0.0555 0.1355
58 0.7631 0.1307 0.0328 0.0895
58 0.8073 0.1297 0.0358 0.1033
58 0.8338 0.0626 0.0453 0.1251
58 0.7501 0.0686 0.0564 0.1371
47 0.1156 0.0715 0.1045 0.1412
47 0.2461 0.0682 0.0608 0.1364
51 0.9360 0.5078 0.1280 0.6052
58 0.8509 0.1072 0.0424 0.1596
