19 0.6385 0.4541 0.0558 0.0893
9 0.1341 0.7638 0.2681 0.1189
9 0.7029 0.5384 0.2182 0.0463
9 0.8933 0.4678 0.1846 0.0342
1 0.9633 0.3807 0.0096 0.0399
1 0.6943 0.4174 0.0124 0.0476
1 0.7464 0.4174 0.0131 0.0602
1 0.7852 0.3999 0.0084 0.0367
19 0.6883 0.4670 0.0584 0.0877
1 0.5410 0.5039 0.0196 0.1006
1 0.5162 0.4738 0.0164 0.0690
1 0.1661 0.5347 0.0189 0.0656
1 0.4931 0.4844 0.0235 0.0885
1 0.7240 0.4025 0.0108 0.0567
1 0.3100 0.4870 0.0137 0.0365
1 0.4435 0.5010 0.0247 0.0848
19 0.9011 0.3921 0.0105 0.0315
1 0.5585 0.4910 0.0240 0.1013
1 0.6465 0.4258 0.0144 0.0623
1 0.5670 0.4587 0.7100 0.2507
