50 0.3313 0.8596 0.1924 0.2809
50 0.1731 0.8577 0.2127 0.2817
50 0.0952 0.7116 0.1799 0.2455
50 0.1278 0.8061 0.2556 0.3296
50 0.2419 0.8722 0.1835 0.2491
50 0.0147 0.6075 0.0294 0.0718
50 0.3978 0.9040 0.1239 0.1921
50 0.5074 0.8509 0.1651 0.2982
50 0.7730 0.9404 0.1006 0.1193
50 0.0294 0.7501 0.0588 0.0776
50 0.0543 0.6527 0.1047 0.1163
50 0.5764 0.9341 0.0846 0.1318
90 0.8660 0.5233 0.0934 0.2296
90 0.7911 0.4969 0.0965 0.2238
90 0.7481 0.4874 0.1142 0.2107
90 0.7225 0.4756 0.1063 0.2160
90 0.6757 0.4594 0.1136 0.2148
90 0.6349 0.4683 0.1034 0.1741
90 0.6082 0.4370 0.1306 0.2060
90 0.5591 0.4325 0.1247 0.1792
90 0.5150 0.4324 0.1282 0.1829
90 0.8359 0.5012 0.0947 0.2322
90 0.4820 0.4003 0.1312 0.1949
90 0.4380 0.4192 0.1292 0.1602
90 0.4276 0.3919 0.1407 0.1800
50 0.6607 0.9591 0.0780 0.0817
90 0.4758 0.4354 0.9484 0.4333
