27 0.5304 0.6086 0.0372 0.0803
27 0.6364 0.8428 0.0406 0.0752
27 0.7671 0.3972 0.0262 0.0560
27 0.4725 0.4966 0.0485 0.0847
27 0.1610 0.2605 0.0216 0.0352
27 0.0744 0.2800 0.0256 0.0396
31 0.6485 0.6848 0.0369 0.0862
33 0.5997 0.5495 0.0605 0.0791
33 0.6413 0.4111 0.0363 0.0612
33 0.5324 0.2923 0.0354 0.0415
33 0.4771 0.2246 0.0466 0.0427
1 0.6252 0.8446 0.0815 0.2187
31 0.7533 0.5389 0.0383 0.0749
31 0.7210 0.3611 0.0327 0.0820
33 0.3763 0.2566 0.0258 0.0332
72 0.2568 0.1492 0.1083 0.1089
1 0.6981 0.6063 0.0779 0.1971
1 0.2160 0.2441 0.0371 0.1395
1 0.1692 0.2685 0.0387 0.1444
1 0.6583 0.2649 0.0322 0.1567
1 0.0880 0.2874 0.0401 0.1378
1 0.3650 0.3009 0.0375 0.0981
1 0.3943 0.3784 0.0480 0.1787
1 0.3484 0.2751 0.0314 0.1547
1 0.4882 0.4673 0.0392 0.0778
1 0.5469 0.6386 0.0636 0.1865
1 0.7585 0.5715 0.0570 0.2122
31 0.6252 0.6985 0.0289 0.0673
31 0.3508 0.3722 0.0364 0.0424
31 0.7764 0.5835 0.0210 0.0401
31 0.3589 0.3154 0.0217 0.0732
31 0.1236 0.3425 0.0271 0.0326
33 0.1261 0.2738 0.0365 0.0534
33 0.5172 0.4834 0.0417 0.0502
33 0.3977 0.2946 0.0338 0.0429
33 0.1860 0.2597 0.0226 0.0380
33 0.5888 0.8844 0.0328 0.0731
33 0.6870 0.5118 0.0505 0.0661
72 0.7691 0.0491 0.0705 0.0922
33 0.5995 0.8259 0.0219 0.0407
1 0.7659 0.4972 0.0456 0.1637
27 0.4077 0.4626 0.0258 0.0887
1 0.5086 0.3934 0.5547 0.5621
