18 0.2360 0.4534 0.0819 0.1587
20 0.3998 0.4237 0.1105 0.2779
20 0.4858 0.3856 0.1056 0.2655
20 0.3838 0.3991 0.1443 0.2853
1 0.5386 0.0836 0.1207 0.1671
1 0.7506 0.0933 0.1104 0.1775
1 0.6607 0.2053 0.1050 0.2794
1 0.8822 0.1436 0.1394 0.1997
31 0.3540 0.1528 0.0596 0.0548
1 0.0198 0.0921 0.0394 0.1829
1 0.9569 0.0589 0.0862 0.1148
1 0.8515 0.0810 0.0195 0.0519
18 0.9648 0.2888 0.0704 0.1461
18 0.5296 0.2422 0.0956 0.0627
18 0.0668 0.2938 0.0671 0.1603
62 0.6368 0.2687 0.0995 0.1969
62 0.0418 0.2787 0.0718 0.2008
18 0.7875 0.3059 0.0425 0.1270
1 0.3714 0.1878 0.0898 0.2830
62 0.3312 0.2716 0.0317 0.1364
