2 0.9134 0.3234 0.1509 0.0748
38 0.7550 0.7939 0.4887 0.2235
38 0.9405 0.2529 0.1190 0.0298
1 0.2187 0.5674 0.4255 0.7348
1 0.5857 0.3109 0.0865 0.1236
1 0.6983 0.3044 0.0768 0.1475
1 0.3906 0.3106 0.0481 0.1372
1 0.3438 0.3132 0.0851 0.1350
1 0.7764 0.3114 0.0636 0.1324
1 0.8498 0.2957 0.0505 0.0362
1 0.6344 0.3296 0.0483 0.1027
27 0.2531 0.2579 0.0645 0.0645
31 0.7533 0.2938 0.0281 0.0554
31 0.5949 0.3061 0.0380 0.0155
1 0.5205 0.3161 0.0586 0.1146
1 0.9294 0.3089 0.1337 0.2197
1 0.4495 0.3072 0.0568 0.1497
38 0.3177 0.2941 0.0443 0.0242
1 0.2709 0.2562 0.0821 0.1248
1 0.7387 0.3053 0.0301 0.1065
1 0.5000 0.2844 0.9958 0.2281
