32 0.8385 0.3298 0.0242 0.1035
1 0.4564 0.4505 0.1548 0.6782
1 0.6072 0.3949 0.1443 0.4473
1 0.1459 0.4989 0.1693 0.6921
1 0.7346 0.3086 0.1376 0.2629
1 0.7253 0.6010 0.2737 0.4901
1 0.2685 0.4628 0.1438 0.6805
1 0.8630 0.4957 0.1607 0.6749
1 0.5474 0.5984 0.1830 0.4890
43 0.4105 0.7133 0.0755 0.2612
43 0.5674 0.7212 0.0626 0.2695
43 0.7328 0.7376 0.0738 0.2666
43 0.7509 0.3915 0.0677 0.0973
43 0.6205 0.3764 0.0704 0.1007
43 0.4677 0.3405 0.0703 0.1957
43 0.3121 0.3973 0.1562 0.1758
32 0.1754 0.3520 0.0369 0.1352
1 0.3706 0.6000 0.2332 0.4831
1 0.3579 0.2748 0.0120 0.0277
