4 0.5061 0.4961 0.2329 0.4344
4 0.2203 0.4896 0.2982 0.4231
4 0.7528 0.4922 0.0747 0.1705
4 0.6114 0.4581 0.0660 0.1978
4 0.7015 0.4701 0.0512 0.1189
6 0.8849 0.3987 0.0956 0.0528
1 0.5285 0.3903 0.1351 0.3833
1 0.2544 0.3735 0.0910 0.3499
1 0.7570 0.3813 0.0653 0.0787
1 0.6141 0.3984 0.0525 0.1303
1 0.7055 0.3938 0.0427 0.0524
1 0.8374 0.4371 0.0135 0.0652
1 0.0815 0.4478 0.0773 0.3715
1 0.1282 0.2826 0.0509 0.1028
1 0.3496 0.4032 0.0549 0.1501
4 0.8404 0.4645 0.0240 0.0611
10 0.6849 0.3592 0.0096 0.0126
1 0.4189 0.3467 0.0330 0.0719
1 0.0265 0.4397 0.0469 0.3207
1 0.7988 0.3941 0.0369 0.0537
4 0.7902 0.4763 0.0412 0.1085
4 0.8217 0.4751 0.0168 0.0629
4 0.8048 0.4630 0.0234 0.0676
1 0.1132 0.2733 0.0192 0.0428
1 0.4719 0.4660 0.9437 0.3232
