31 0.7625 0.3603 0.0573 0.1542
1 0.5990 0.4022 0.1334 0.7506
1 0.5150 0.4120 0.0855 0.3214
1 0.4326 0.4206 0.0815 0.3026
1 0.8826 0.4832 0.1194 0.5135
1 0.7260 0.4267 0.0679 0.3868
1 0.6869 0.4118 0.0574 0.3810
1 0.3456 0.4371 0.0855 0.2539
1 0.9700 0.4247 0.0599 0.4764
1 0.9302 0.5493 0.0429 0.2544
47 0.1081 0.5398 0.0167 0.0272
47 0.0761 0.5443 0.0213 0.0302
47 0.4339 0.3929 0.0149 0.0356
77 0.9717 0.2286 0.0176 0.0312
3 0.8638 0.3935 0.2332 0.3957
41 0.6132 0.7646 0.1425 0.1432
41 0.5456 0.5941 0.0551 0.0467
