77 0.8943 0.5597 0.0679 0.0649
73 0.7155 0.4723 0.2713 0.3079
62 0.2045 0.2984 0.1119 0.1941
62 0.4955 0.3371 0.1180 0.2112
62 0.3031 0.2990 0.1054 0.1760
62 0.3213 0.1504 0.0782 0.0465
62 0.7452 0.2390 0.0829 0.0511
62 0.6659 0.2301 0.0763 0.0486
62 0.6034 0.3225 0.0944 0.1551
62 0.0994 0.2375 0.1146 0.0944
62 0.6900 0.1052 0.0474 0.0203
62 0.2448 0.1099 0.0681 0.0382
62 0.1723 0.1361 0.0750 0.0448
62 0.2680 0.1885 0.0850 0.0551
1 0.4000 0.2838 0.0965 0.2731
62 0.3313 0.2008 0.0490 0.0578
62 0.4836 0.2104 0.9672 0.4208
