41 0.7474 0.0875 0.2488 0.1156
3 0.3904 0.5342 0.0101 0.0056
1 0.5580 0.7096 0.0281 0.0347
1 0.6396 0.1971 0.4053 0.2685
1 0.6505 0.6838 0.0259 0.0304
1 0.1463 0.4759 0.0310 0.0856
1 0.7096 0.6195 0.0234 0.0238
1 0.7712 0.5910 0.0238 0.0481
1 0.8386 0.5985 0.0209 0.0434
1 0.1727 0.4773 0.0412 0.0958
1 0.8763 0.6875 0.0299 0.0325
1 0.3330 0.7024 0.0311 0.0399
1 0.8511 0.7179 0.0310 0.0435
1 0.4353 0.6839 0.0289 0.0744
3 0.3700 0.5452 0.0226 0.0079
1 0.7489 0.6902 0.0306 0.0325
1 0.5000 0.6461 0.9963 0.4703
