62 0.0337 0.7502 0.0646 0.2110
62 0.1350 0.8279 0.1700 0.3062
62 0.2341 0.8570 0.2013 0.2645
67 0.4949 0.7737 0.5450 0.4178
28 0.1364 0.3416 0.1769 0.1843
28 0.8325 0.3076 0.1152 0.3049
62 0.2517 0.6739 0.0824 0.1490
62 0.1868 0.6429 0.0784 0.1246
82 0.8068 0.6005 0.1683 0.4319
73 0.2871 0.6715 0.0979 0.1148
78 0.6348 0.4281 0.1005 0.0880
79 0.6305 0.5855 0.1337 0.1035
80 0.2883 0.5839 0.0586 0.0532
81 0.4464 0.5816 0.0373 0.0124
44 0.3300 0.5712 0.0132 0.0635
44 0.3059 0.5447 0.0078 0.0239
44 0.5892 0.5479 0.0107 0.0320
46 0.3529 0.4501 0.0142 0.0359
46 0.3704 0.4493 0.0106 0.0345
51 0.5068 0.6058 0.0476 0.0709
44 0.5471 0.5507 0.0095 0.0355
47 0.3525 0.3925 0.0147 0.0384
67 0.0443 0.8931 0.0886 0.1462
46 0.3586 0.4514 0.0052 0.0365
46 0.3184 0.4470 0.0115 0.0403
46 0.3002 0.4482 0.0114 0.0398
46 0.3481 0.3382 0.0070 0.0309
46 0.2931 0.3206 0.0131 0.0398
46 0.3156 0.3236 0.0150 0.0416
