44 0.1279 0.6284 0.0099 0.0443
44 0.1040 0.6208 0.0135 0.0319
77 0.6401 0.9553 0.0293 0.0358
62 0.4371 0.8865 0.2022 0.2045
62 0.4325 0.8119 0.0238 0.1987
62 0.0754 0.7606 0.0883 0.0813
62 0.0267 0.7382 0.0534 0.1441
62 0.8986 0.8337 0.0739 0.1292
62 0.1599 0.6181 0.0145 0.0254
62 0.6284 0.7607 0.0405 0.0982
67 0.1947 0.7552 0.1421 0.0764
1 0.7146 0.7940 0.2885 0.3857
1 0.3443 0.7667 0.1872 0.4382
1 0.2717 0.6440 0.0692 0.1553
1 0.1243 0.6308 0.0817 0.1777
1 0.4666 0.6952 0.0676 0.2066
47 0.7061 0.9330 0.0629 0.0568
47 0.2617 0.7441 0.0298 0.0430
47 0.2232 0.7218 0.0221 0.0376
47 0.1194 0.6428 0.0139 0.0304
47 0.8388 0.9661 0.0558 0.0655
1 0.6133 0.2810 0.0503 0.1081
1 0.1352 0.5571 0.0157 0.0199
1 0.0543 0.6762 0.1075 0.2612
1 0.9765 0.2511 0.0453 0.0400
16 0.8107 0.2775 0.0353 0.0483
16 0.2523 0.3941 0.0186 0.0226
62 0.6776 0.7255 0.0168 0.0220
62 0.2357 0.9567 0.1170 0.0697
62 0.9489 0.8094 0.0487 0.1296
67 0.7099 0.9673 0.3803 0.0655
27 0.1560 0.9259 0.2246 0.1478
62 0.5754 0.7318 0.0295 0.0885
67 0.0767 0.6591 0.0372 0.0327
67 0.6691 0.7116 0.0316 0.0140
67 0.1154 0.6337 0.0892 0.0572
1 0.1687 0.6134 0.0337 0.0680
1 0.0539 0.5495 0.0244 0.0396
16 0.1277 0.3982 0.0090 0.0097
62 0.6256 0.7189 0.0557 0.0829
62 0.0876 0.9024 0.1498 0.1953
31 0.1732 0.7125 0.0509 0.0605
