67 0.5660 0.8045 0.8681 0.3910
1 0.6730 0.4552 0.3441 0.6288
1 0.1773 0.5800 0.2615 0.7793
1 0.9056 0.4135 0.1889 0.5618
46 0.4646 0.8788 0.0870 0.2043
46 0.6701 0.7752 0.0795 0.3171
47 0.6785 0.9782 0.0897 0.0437
49 0.5347 0.8391 0.0644 0.0427
49 0.7195 0.7885 0.0449 0.0498
50 0.2414 0.9483 0.0510 0.0629
86 0.8688 0.7931 0.0833 0.1418
47 0.7308 0.9685 0.0556 0.0630
49 0.5964 0.8432 0.0195 0.0714
49 0.6196 0.8551 0.0323 0.0756
49 0.2260 0.9549 0.0437 0.0252
62 0.8332 0.6776 0.0606 0.0905
1 0.8078 0.2850 0.0785 0.2314
1 0.9693 0.3082 0.0615 0.2183
48 0.5298 0.9020 0.0468 0.0686
48 0.3150 0.9342 0.1494 0.0837
62 0.0695 0.8372 0.1355 0.2969
62 0.8809 0.6020 0.0841 0.1752
46 0.7891 0.7962 0.0918 0.1707
