1 0.6630 0.7189 0.2030 0.3504
1 0.5244 0.6274 0.1407 0.2101
1 0.2606 0.6198 0.1319 0.1713
1 0.9193 0.5748 0.0419 0.0687
1 0.6069 0.6062 0.0926 0.1725
1 0.7606 0.5771 0.0657 0.0702
38 0.1561 0.0634 0.1605 0.1018
38 0.8669 0.1161 0.0562 0.0344
38 0.8036 0.2082 0.0564 0.0446
38 0.1621 0.2725 0.1035 0.0356
1 0.2004 0.5828 0.0556 0.1037
1 0.8177 0.5735 0.0626 0.0704
1 0.8683 0.5720 0.0264 0.0532
1 0.8964 0.5693 0.0265 0.0550
38 0.1352 0.4719 0.2581 0.0653
38 0.2734 0.4226 0.0852 0.0230
38 0.1911 0.4340 0.0262 0.0130
38 0.5056 0.3847 0.0510 0.0174
38 0.9588 0.2022 0.0582 0.0279
38 0.7220 0.3300 0.0471 0.0222
38 0.2181 0.2716 0.0555 0.0193
38 0.0156 0.2691 0.0307 0.0235
1 0.3947 0.5868 0.0457 0.0948
31 0.7752 0.6941 0.0730 0.0447
1 0.7831 0.5664 0.0306 0.0507
38 0.5213 0.0287 0.0493 0.0575
38 0.5014 0.2938 0.8917 0.3906
