3 0.5121 0.4049 0.0799 0.0572
3 0.4448 0.4166 0.0625 0.0549
3 0.6322 0.4023 0.0380 0.0341
3 0.5555 0.3985 0.0466 0.0525
10 0.4740 0.1201 0.0245 0.0674
10 0.1179 0.2466 0.0239 0.0745
1 0.3236 0.5743 0.2481 0.5191
1 0.1611 0.4824 0.1408 0.3533
1 0.9228 0.4184 0.0381 0.1172
1 0.8566 0.3998 0.0345 0.0856
1 0.7007 0.5561 0.1426 0.3578
42 0.1481 0.4479 0.2962 0.1116
42 0.6948 0.5202 0.4117 0.1281
1 0.7842 0.4174 0.0538 0.1118
31 0.7817 0.4334 0.0196 0.0304
31 0.9105 0.3915 0.0115 0.0321
1 0.8887 0.4150 0.0364 0.1223
3 0.6441 0.3887 0.0304 0.0244
3 0.5897 0.3926 0.0380 0.0433
6 0.6943 0.3791 0.0522 0.0724
10 0.6315 0.1225 0.0170 0.0596
10 0.6001 0.3135 0.0043 0.0107
10 0.1421 0.2946 0.0148 0.0301
10 0.9060 0.2792 0.0260 0.0266
10 0.6334 0.3059 0.0051 0.0098
1 0.7576 0.3896 0.0060 0.0367
10 0.8771 0.2308 0.0285 0.0761
