1 0.8894 0.6595 0.2149 0.6494
1 0.7588 0.6067 0.2910 0.7460
1 0.9507 0.2112 0.0987 0.3101
1 0.6288 0.4159 0.2413 0.5892
49 0.5083 0.5193 0.0856 0.0670
61 0.4901 0.6176 0.1908 0.1482
1 0.9823 0.2740 0.0353 0.1336
47 0.5811 0.5538 0.0332 0.0544
47 0.5525 0.5446 0.0326 0.0516
47 0.6101 0.5663 0.0227 0.0514
47 0.2636 0.6514 0.0435 0.0780
47 0.6060 0.5289 0.0274 0.0434
50 0.2965 0.5685 0.0086 0.0283
64 0.4966 0.4448 0.1311 0.2187
1 0.8448 0.2593 0.1311 0.1684
47 0.5827 0.5162 0.0342 0.0352
47 0.2904 0.6033 0.0267 0.1038
48 0.2598 0.5872 0.0161 0.0359
67 0.3661 0.6690 0.5712 0.6620
