39 0.4944 0.2114 0.1162 0.1068
40 0.7948 0.5860 0.0428 0.0926
1 0.4814 0.5118 0.2726 0.5877
1 0.9514 0.5247 0.0972 0.6212
1 0.9431 0.0468 0.0581 0.0756
1 0.6911 0.4097 0.0989 0.1891
1 0.8439 0.0433 0.0636 0.0867
1 0.3606 0.0532 0.0617 0.0727
1 0.2939 0.0504 0.0694 0.0878
1 0.1157 0.0579 0.0475 0.0744
1 0.0200 0.0661 0.0391 0.0657
1 0.8644 0.6006 0.1804 0.4695
1 0.5783 0.4249 0.0663 0.1329
15 0.7527 0.4449 0.2726 0.0584
62 0.1815 0.0747 0.0639 0.0240
62 0.2398 0.0768 0.0623 0.0360
62 0.4781 0.0699 0.0561 0.0220
62 0.5360 0.0691 0.0597 0.0278
62 0.5950 0.0720 0.0637 0.0349
62 0.5723 0.0354 0.0532 0.0438
1 0.0673 0.0553 0.0543 0.0853
62 0.4160 0.0699 0.0588 0.0206
1 0.7986 0.4061 0.0747 0.1842
15 0.3322 0.4745 0.1473 0.0327
1 0.5820 0.4389 0.7360 0.8778
