1 0.4676 0.3484 0.0241 0.0496
1 0.5289 0.3319 0.0275 0.0448
1 0.1934 0.3602 0.0297 0.0665
1 0.1468 0.3740 0.0232 0.0548
15 0.3782 0.6733 0.6786 0.4776
15 0.8377 0.4754 0.3246 0.2499
3 0.1073 0.3711 0.1917 0.0793
3 0.3847 0.3344 0.0983 0.0537
3 0.1769 0.3197 0.0568 0.0257
3 0.1330 0.3191 0.0478 0.0270
3 0.4225 0.3054 0.0435 0.0246
3 0.2859 0.3064 0.0520 0.0251
3 0.8638 0.2749 0.0396 0.0235
3 0.0314 0.3271 0.0596 0.0290
3 0.7495 0.2866 0.0466 0.0267
3 0.8488 0.2831 0.0469 0.0259
3 0.9733 0.2754 0.0343 0.0262
3 0.5425 0.3338 0.0971 0.0419
3 0.2050 0.3133 0.0766 0.0306
3 0.6771 0.2820 0.6417 0.0516
