1 0.5360 0.7494 0.4268 0.4787
1 0.0904 0.7883 0.0244 0.0364
1 0.1258 0.7923 0.0157 0.0328
38 0.0412 0.5256 0.0180 0.0093
38 0.0116 0.6465 0.0107 0.0061
38 0.0414 0.6697 0.0063 0.0097
38 0.4234 0.2218 0.0806 0.0539
38 0.3063 0.6374 0.0070 0.0040
38 0.8227 0.7914 0.0382 0.0128
38 0.9084 0.7490 0.0106 0.0051
38 0.3400 0.6806 0.0202 0.0131
38 0.9159 0.5708 0.0074 0.0054
38 0.3482 0.3714 0.0248 0.0153
1 0.0349 0.7964 0.0117 0.0103
1 0.2776 0.8144 0.0134 0.0146
38 0.2491 0.4995 0.0121 0.0096
1 0.2469 0.8135 0.0141 0.0099
1 0.8218 0.8255 0.0230 0.0191
1 0.9602 0.8210 0.0157 0.0308
1 0.9426 0.8248 0.0109 0.0203
1 0.9537 0.8244 0.0087 0.0183
1 0.2204 0.8117 0.0100 0.0089
38 0.2056 0.4570 0.4112 0.6234
