62 0.3863 0.2503 0.0514 0.0461
40 0.5320 0.6664 0.0467 0.0490
1 0.6380 0.5842 0.2624 0.3899
1 0.4260 0.6930 0.1724 0.2915
1 0.0395 0.4903 0.0790 0.1536
1 0.1822 0.2301 0.0640 0.1160
39 0.5338 0.4671 0.0292 0.1096
62 0.1082 0.2667 0.0514 0.0455
62 0.2882 0.2550 0.0545 0.0440
62 0.5207 0.2427 0.0490 0.0437
62 0.6591 0.1242 0.0341 0.0282
62 0.7711 0.1887 0.0326 0.0356
62 0.5578 0.2416 0.0282 0.0422
1 0.4082 0.1584 0.0571 0.1271
1 0.8438 0.3604 0.0695 0.2035
1 0.2650 0.1856 0.0426 0.0929
1 0.6359 0.1722 0.0365 0.0814
1 0.3160 0.1865 0.0455 0.0854
1 0.1227 0.1340 0.0341 0.0623
1 0.1955 0.6210 0.1493 0.4318
15 0.3077 0.4615 0.1035 0.0828
1 0.3795 0.3988 0.0678 0.2427
1 0.0440 0.4379 0.0296 0.0588
1 0.5008 0.2615 0.9953 0.5229
