3 0.2471 0.3756 0.4942 0.2966
3 0.4291 0.2828 0.1500 0.0942
3 0.9791 0.2670 0.0418 0.1459
3 0.9456 0.2384 0.0797 0.1067
33 0.2972 0.7333 0.0665 0.2626
1 0.5510 0.5770 0.1817 0.5678
1 0.5156 0.3011 0.0614 0.2247
1 0.8717 0.2589 0.0272 0.1494
1 0.8047 0.2415 0.0426 0.1658
1 0.4696 0.1974 0.0243 0.0854
1 0.8150 0.4582 0.1204 0.4231
1 0.8950 0.2448 0.0300 0.1370
1 0.8541 0.2332 0.0307 0.1030
1 0.5943 0.5116 0.0987 0.4898
1 0.4993 0.1972 0.0289 0.0854
3 0.7608 0.2077 0.0629 0.0792
11 0.0216 0.5839 0.0431 0.1237
1 0.1480 0.6176 0.2094 0.4546
2 0.5308 0.4969 0.2368 0.0543
3 0.7250 0.1940 0.0325 0.0589
3 0.9538 0.1691 0.0920 0.0513
8 0.8062 0.1288 0.1256 0.1190
