3 0.0702 0.5213 0.1356 0.0939
3 0.9391 0.5789 0.0849 0.1544
6 0.5461 0.4482 0.7210 0.7996
10 0.1500 0.4041 0.0197 0.0762
10 0.0907 0.4180 0.0161 0.0396
10 0.9854 0.4254 0.0214 0.0541
1 0.3210 0.4858 0.0429 0.1257
1 0.5175 0.2124 0.0388 0.0511
1 0.4837 0.5284 0.0323 0.0338
1 0.6664 0.2263 0.0202 0.0443
1 0.7129 0.2590 0.0294 0.0528
1 0.1298 0.4976 0.0167 0.0431
1 0.1047 0.4910 0.0303 0.0430
3 0.0788 0.5464 0.0423 0.0607
3 0.1641 0.5094 0.0442 0.0549
3 0.4346 0.5149 0.0177 0.0401
3 0.9915 0.6367 0.0170 0.1426
33 0.0452 0.6254 0.0529 0.0640
10 0.0798 0.4428 0.0089 0.0234
10 0.1508 0.4465 0.0110 0.0388
