1 0.6166 0.1586 0.0689 0.0694
1 0.0274 0.2235 0.0548 0.1225
4 0.2408 0.7146 0.4615 0.5438
1 0.2981 0.1638 0.0433 0.0604
1 0.7093 0.1473 0.0376 0.0486
1 0.7550 0.1458 0.0599 0.0592
1 0.8375 0.1652 0.0429 0.0997
1 0.1807 0.1691 0.0289 0.0385
1 0.1921 0.1680 0.0150 0.0366
1 0.2168 0.1770 0.0445 0.0807
4 0.6684 0.8650 0.4894 0.2700
4 0.7184 0.5499 0.5632 0.3319
4 0.7620 0.3433 0.4760 0.1338
4 0.7094 0.2872 0.3979 0.1107
4 0.7345 0.6146 0.5310 0.1957
4 0.6318 0.2035 0.1722 0.0438
4 0.5720 0.1756 0.0819 0.0292
4 0.2861 0.2788 0.3890 0.1099
4 0.7634 0.3936 0.4732 0.0965
4 0.6797 0.2185 0.2898 0.0604
4 0.6888 0.2499 0.3380 0.0404
1 0.7836 0.1537 0.0193 0.0615
1 0.6603 0.1463 0.0243 0.0224
1 0.4434 0.1491 0.0175 0.0231
4 0.1965 0.5091 0.3930 0.3735
4 0.2986 0.3344 0.5925 0.4156
