85 0.5287 0.2768 0.1001 0.0977
31 0.3865 0.7870 0.0468 0.0756
31 0.5898 0.8321 0.0511 0.1159
1 0.6809 0.7607 0.1888 0.4202
1 0.1955 0.6874 0.0848 0.2659
1 0.3671 0.7381 0.1123 0.3044
1 0.8433 0.6719 0.0614 0.1922
1 0.5826 0.7731 0.0597 0.2210
1 0.9033 0.6758 0.0672 0.1829
1 0.9593 0.6679 0.0440 0.1553
1 0.2266 0.6980 0.0466 0.1958
1 0.3793 0.6359 0.0657 0.1376
1 0.4529 0.7452 0.1051 0.3027
1 0.4984 0.6552 0.0485 0.1529
1 0.5595 0.6584 0.0740 0.1603
31 0.2061 0.6515 0.0462 0.1103
31 0.9442 0.6469 0.0257 0.0679
31 0.9301 0.7194 0.0325 0.0660
31 0.2335 0.7361 0.0339 0.0795
31 0.7956 0.6613 0.0258 0.0406
31 0.2143 0.7419 0.0219 0.0584
1 0.6110 0.6259 0.0421 0.0950
31 0.8139 0.6513 0.0185 0.0303
1 0.7906 0.6500 0.3219 0.1688
