37 0.6597 0.2811 0.0098 0.0141
43 0.2453 0.7907 0.0408 0.0433
1 0.8910 0.2875 0.0408 0.1261
1 0.7061 0.2129 0.0204 0.0200
1 0.6882 0.3634 0.0527 0.1374
1 0.7392 0.1875 0.0340 0.0687
1 0.6504 0.1962 0.0249 0.0483
1 0.2490 0.2559 0.0318 0.1254
1 0.7824 0.1886 0.0276 0.0674
43 0.6886 0.3310 0.0166 0.0307
1 0.1863 0.1825 0.0282 0.0321
1 0.6181 0.0362 0.0274 0.0724
1 0.7169 0.1509 0.0223 0.0579
1 0.3082 0.8606 0.0928 0.2787
15 0.9075 0.2147 0.0989 0.0273
15 0.0834 0.1431 0.0462 0.0292
1 0.7449 0.1517 0.0217 0.0399
1 0.7202 0.0363 0.0201 0.0642
15 0.9334 0.1625 0.1295 0.0469
1 0.6734 0.0708 0.6500 0.1417
