85 0.8718 0.4783 0.0549 0.0749
47 0.6777 0.1785 0.0334 0.0613
47 0.6365 0.1913 0.0382 0.0200
47 0.6352 0.2025 0.0358 0.0169
47 0.6359 0.2300 0.0365 0.0122
47 0.6359 0.2486 0.0362 0.0098
47 0.6807 0.2461 0.0378 0.0250
47 0.6796 0.2287 0.0375 0.0136
84 0.4534 0.3916 0.1394 0.1481
84 0.5593 0.6457 0.0137 0.0784
84 0.5521 0.4194 0.0715 0.0908
47 0.6359 0.1189 0.0402 0.0759
47 0.6352 0.2550 0.0365 0.0055
47 0.6362 0.1784 0.0369 0.0112
47 0.6696 0.1086 0.0325 0.0612
47 0.6375 0.1621 0.0340 0.0119
84 0.5788 0.4203 0.0430 0.0655
84 0.5816 0.6532 0.0214 0.0901
84 0.6183 0.6539 0.0128 0.0904
84 0.6004 0.5245 0.0055 0.0475
84 0.6315 0.5472 0.0127 0.0946
84 0.5283 0.5412 0.0172 0.0881
84 0.6033 0.4262 0.0856 0.0586
84 0.4873 0.5479 0.0084 0.0973
84 0.5152 0.6633 0.0129 0.1068
86 0.7557 0.6304 0.0786 0.0979
47 0.6363 0.1551 0.0403 0.0123
84 0.5729 0.6500 0.0149 0.0845
84 0.5461 0.5312 0.2984 0.3667
