72 0.6128 0.2613 0.2037 0.3623
62 0.1486 0.7452 0.1108 0.1828
62 0.3675 0.6548 0.0587 0.1850
67 0.3513 0.8759 0.6965 0.2246
1 0.1704 0.6112 0.1863 0.3506
1 0.3105 0.5899 0.1645 0.3573
1 0.7184 0.4452 0.1784 0.6071
1 0.8625 0.5011 0.2749 0.9753
1 0.6563 0.5006 0.0981 0.1361
62 0.9399 0.8395 0.0772 0.2944
84 0.5564 0.8594 0.1106 0.0609
84 0.5775 0.8486 0.1380 0.1025
84 0.5578 0.8560 0.1367 0.1202
84 0.5399 0.8184 0.1500 0.1293
84 0.5449 0.7489 0.1330 0.0368
84 0.5336 0.7372 0.1304 0.0362
62 0.6217 0.8097 0.0602 0.1692
62 0.2973 0.7120 0.0282 0.0284
62 0.4765 0.6337 0.1063 0.1195
84 0.5631 0.8817 0.1098 0.0680
