1 0.6038 0.9124 0.1613 0.1079
1 0.4697 0.8366 0.0225 0.1368
1 0.3487 0.9619 0.0474 0.0762
1 0.7188 0.7775 0.0370 0.1477
1 0.7649 0.7731 0.0330 0.1310
1 0.9048 0.9200 0.1201 0.1600
1 0.8292 0.7680 0.0422 0.1659
1 0.7876 0.7871 0.0202 0.1119
1 0.8648 0.7402 0.0234 0.0862
1 0.3025 0.9137 0.0692 0.1457
1 0.5320 0.8385 0.0268 0.1138
2 0.2562 0.9257 0.0325 0.0690
3 0.0514 0.8794 0.0988 0.1149
38 0.3577 0.5165 0.1346 0.1435
38 0.3117 0.0973 0.0310 0.0426
38 0.0674 0.1719 0.0326 0.0291
38 0.3999 0.6776 0.1425 0.1412
38 0.7278 0.2425 0.0092 0.0170
38 0.7977 0.4770 0.0462 0.0483
38 0.7357 0.2350 0.0077 0.0181
38 0.7968 0.5221 0.0062 0.0105
38 0.4223 0.6280 0.1418 0.1355
38 0.7334 0.6201 0.0222 0.0207
38 0.6925 0.2442 0.0117 0.0140
38 0.5722 0.2467 0.0645 0.0834
1 0.5572 0.8627 0.0222 0.0668
3 0.3570 0.8623 0.0204 0.0623
38 0.6530 0.1898 0.0066 0.0143
1 0.5539 0.8781 0.0997 0.1317
1 0.5352 0.8440 0.8859 0.2897
38 0.5102 0.4011 0.9328 0.5905
