5 0.5450 0.5361 0.8659 0.2713
3 0.7229 0.6764 0.0728 0.0303
8 0.7062 0.6571 0.1250 0.0707
1 0.2497 0.6516 0.0190 0.0534
1 0.1603 0.6486 0.0171 0.0494
1 0.1852 0.6502 0.0095 0.0469
1 0.8189 0.6546 0.0254 0.0754
1 0.7810 0.6566 0.0217 0.0719
1 0.2061 0.6528 0.0161 0.0458
1 0.1459 0.6519 0.0096 0.0403
1 0.8971 0.6660 0.0249 0.0903
1 0.1958 0.6508 0.0085 0.0223
3 0.5522 0.6416 0.0432 0.0232
1 0.9427 0.6635 0.0266 0.0752
1 0.0245 0.6368 0.0111 0.0148
3 0.5219 0.6386 0.0250 0.0184
3 0.3308 0.6463 0.0232 0.0271
3 0.8467 0.6430 0.0306 0.0321
1 0.2669 0.6531 0.0145 0.0448
