1 0.7652 0.4449 0.2899 0.7011
1 0.5092 0.3446 0.0627 0.0917
1 0.4637 0.4237 0.1089 0.2310
1 0.3808 0.4045 0.0607 0.1656
31 0.6869 0.4200 0.1622 0.1622
31 0.9002 0.4950 0.1557 0.1705
33 0.4730 0.7906 0.5236 0.3730
33 0.1989 0.6337 0.3518 0.2211
1 0.9281 0.4930 0.1437 0.6809
1 0.6232 0.4075 0.1281 0.4344
1 0.3400 0.4105 0.0350 0.1341
1 0.4067 0.3512 0.0447 0.0732
1 0.3190 0.4083 0.0321 0.1381
1 0.2236 0.4114 0.0430 0.0657
31 0.5750 0.4808 0.0522 0.0820
33 0.3776 0.5276 0.0942 0.0955
33 0.2415 0.4539 0.0766 0.0583
1 0.3055 0.4063 0.0333 0.1418
33 0.5226 0.5300 0.0720 0.0891
1 0.5664 0.4267 0.0873 0.3476
