2 0.6320 0.6333 0.0438 0.1244
11 0.4848 0.7976 0.0697 0.3091
31 0.1964 0.6733 0.0747 0.2755
31 0.6988 0.5888 0.0576 0.1199
1 0.8590 0.6025 0.0963 0.4009
1 0.6867 0.6532 0.0895 0.3491
1 0.3122 0.5749 0.0553 0.2407
1 0.4026 0.7245 0.1909 0.4460
1 0.2772 0.6393 0.0915 0.3623
1 0.7268 0.5563 0.0615 0.2824
1 0.2251 0.4994 0.0505 0.1059
1 0.2639 0.4655 0.0438 0.0980
1 0.4456 0.4957 0.0575 0.1200
1 0.5420 0.6279 0.1255 0.3903
1 0.5665 0.4362 0.0782 0.0998
3 0.7880 0.4948 0.0675 0.0639
27 0.6363 0.4478 0.0452 0.0333
1 0.6761 0.5160 0.0722 0.1693
2 0.4711 0.2442 0.0620 0.1056
1 0.0980 0.7289 0.1367 0.5404
31 0.2615 0.5468 0.0308 0.0612
31 0.4376 0.5161 0.0181 0.0646
1 0.4992 0.6479 0.9984 0.5500
