51 0.3731 0.9031 0.1162 0.1062
51 0.1714 0.6598 0.0845 0.0837
61 0.8269 0.2510 0.1507 0.2567
1 0.3194 0.3688 0.1283 0.3070
1 0.6935 0.3494 0.1326 0.4517
1 0.6349 0.2558 0.2036 0.5116
1 0.5474 0.2654 0.1790 0.4723
1 0.5267 0.8164 0.2211 0.3424
1 0.6897 0.7946 0.2724 0.4108
1 0.2308 0.4296 0.1011 0.2931
1 0.0738 0.5333 0.1425 0.4652
1 0.2138 0.2107 0.1648 0.4213
1 0.7771 0.5697 0.1438 0.3933
47 0.3707 0.4611 0.0412 0.0527
47 0.2031 0.5788 0.0357 0.0817
51 0.1265 0.9666 0.1246 0.0669
57 0.1566 0.8284 0.0115 0.0821
57 0.1641 0.8405 0.0097 0.0577
57 0.1845 0.8470 0.0151 0.0552
57 0.1964 0.8452 0.0234 0.0527
57 0.1749 0.8387 0.0150 0.0671
57 0.2081 0.8498 0.0298 0.0405
62 0.8674 0.7689 0.1845 0.4623
62 0.1537 0.5189 0.0790 0.2195
62 0.4428 0.4149 0.0625 0.1368
67 0.3581 0.7007 0.7161 0.5986
1 0.8904 0.5809 0.2191 0.8382
51 0.5541 0.5723 0.0784 0.0648
62 0.7471 0.8619 0.1160 0.2545
