37 0.3400 0.6692 0.0098 0.0096
1 0.7026 0.6664 0.0724 0.1790
1 0.8228 0.6515 0.0519 0.1132
1 0.1607 0.6545 0.0880 0.1972
1 0.9587 0.6546 0.0606 0.1384
1 0.9136 0.6360 0.0207 0.0763
1 0.0455 0.5921 0.0279 0.0389
1 0.0787 0.5758 0.0284 0.0614
1 0.1032 0.5908 0.0246 0.0311
1 0.2679 0.5777 0.0231 0.0574
1 0.2915 0.5774 0.0135 0.0409
1 0.4192 0.5840 0.0161 0.0471
1 0.5416 0.5930 0.0175 0.0479
1 0.5790 0.5892 0.0119 0.0300
43 0.7085 0.7071 0.0220 0.0432
43 0.0914 0.6363 0.0611 0.0132
43 0.8170 0.6280 0.0065 0.0191
43 0.9458 0.6183 0.0090 0.0256
43 0.9502 0.6384 0.0061 0.0168
1 0.3359 0.5773 0.0312 0.0585
