9 0.6497 0.7676 0.3581 0.1514
9 0.9248 0.7117 0.1436 0.2320
9 0.2396 0.6804 0.0928 0.0768
9 0.0664 0.7516 0.1328 0.0851
9 0.2314 0.7624 0.3108 0.1464
85 0.4274 0.4169 0.0256 0.0301
1 0.8906 0.6865 0.0102 0.0448
9 0.4007 0.7019 0.2818 0.1444
28 0.1492 0.6711 0.0257 0.0340
28 0.1715 0.6736 0.0306 0.0353
1 0.8000 0.6708 0.0469 0.0568
28 0.1069 0.6453 0.0339 0.0251
28 0.0727 0.6373 0.0262 0.0125
28 0.0726 0.6622 0.0295 0.0138
28 0.0445 0.6598 0.0289 0.0133
28 0.0295 0.6402 0.0182 0.0131
28 0.1175 0.6730 0.0270 0.0360
28 0.1970 0.6628 0.0160 0.0130
28 0.0986 0.6614 0.0231 0.0163
28 0.0617 0.6406 0.0203 0.0161
28 0.1294 0.6610 0.0098 0.0131
28 0.1317 0.6681 0.0142 0.0061
28 0.9398 0.6521 0.0547 0.0500
