62 0.8664 0.7691 0.2673 0.4234
62 0.1421 0.6277 0.2379 0.1863
73 0.3316 0.6813 0.5111 0.3083
1 0.5589 0.5184 0.3982 0.4953
1 0.8704 0.4154 0.2591 0.3302
1 0.7536 0.3933 0.1768 0.1933
1 0.3457 0.4151 0.1800 0.2113
1 0.1989 0.4389 0.3333 0.2873
1 0.0779 0.3719 0.1139 0.1416
1 0.6008 0.3899 0.0379 0.0955
1 0.0214 0.2992 0.0422 0.0955
1 0.1753 0.8061 0.3446 0.3595
62 0.4554 0.9218 0.8210 0.1326
62 0.3435 0.5142 0.0262 0.0315
1 0.4128 0.3876 0.0986 0.0990
1 0.0373 0.4408 0.0746 0.2323
62 0.6355 0.6883 0.1558 0.2182
73 0.7214 0.5451 0.0776 0.1193
