44 0.1313 0.5522 0.0866 0.1639
67 0.3946 0.8549 0.7892 0.2901
1 0.5273 0.5124 0.4554 0.6697
1 0.8476 0.5303 0.3049 0.9168
1 0.0894 0.4351 0.1755 0.5670
1 0.6695 0.2789 0.0926 0.2090
1 0.7778 0.6018 0.2131 0.4266
31 0.7038 0.5778 0.0690 0.1241
1 0.1295 0.2807 0.2081 0.2519
46 0.3078 0.9184 0.0720 0.1435
46 0.2314 0.9331 0.0622 0.1114
46 0.1104 0.4416 0.0531 0.1063
46 0.2080 0.8449 0.0547 0.0720
46 0.4806 0.2393 0.0378 0.0376
46 0.0674 0.8982 0.0811 0.0717
46 0.1751 0.9313 0.0808 0.0499
46 0.1422 0.8702 0.0690 0.0785
46 0.1238 0.8472 0.0615 0.0893
46 0.2150 0.8720 0.0565 0.0707
46 0.1587 0.8947 0.0731 0.0552
44 0.2767 0.8588 0.0534 0.0857
46 0.0920 0.9466 0.0854 0.1068
51 0.0788 0.7683 0.1575 0.0909
