9 0.6862 0.5366 0.1172 0.0508
9 0.7977 0.5190 0.0982 0.0351
1 0.7011 0.7470 0.0259 0.1239
9 0.6151 0.5075 0.0626 0.0363
9 0.4393 0.5080 0.0971 0.0340
9 0.4336 0.4895 0.0547 0.0210
9 0.3426 0.4928 0.0635 0.0263
9 0.5557 0.4926 0.0663 0.0493
9 0.4988 0.5031 0.0215 0.0289
9 0.6255 0.4870 0.0813 0.0476
9 0.6934 0.5176 0.0884 0.0290
9 0.7046 0.4966 0.0817 0.0272
1 0.7821 0.5651 0.0097 0.0236
1 0.8595 0.5615 0.0132 0.0754
1 0.8528 0.5259 0.0066 0.0367
1 0.8254 0.5505 0.0155 0.0674
1 0.5761 0.5822 0.0153 0.0576
1 0.8638 0.4893 0.0046 0.0381
1 0.8786 0.4859 0.0042 0.0367
1 0.8910 0.4795 0.0047 0.0461
1 0.9092 0.4808 0.0061 0.0333
1 0.8047 0.5064 0.0042 0.0161
9 0.4604 0.4867 0.0069 0.0274
9 0.4453 0.4599 0.0406 0.0191
