64 0.1033 0.0973 0.1280 0.1946
44 0.6020 0.6315 0.0817 0.3149
44 0.6783 0.6809 0.0778 0.2453
62 0.4024 0.5565 0.1899 0.3391
67 0.6410 0.7287 0.7181 0.5130
1 0.1820 0.6427 0.3607 0.6876
1 0.5731 0.3794 0.2143 0.4989
46 0.4437 0.8741 0.0990 0.2504
49 0.8004 0.7146 0.1839 0.0594
58 0.6232 0.4017 0.0567 0.1326
84 0.2349 0.3349 0.1820 0.1789
84 0.2506 0.5090 0.0566 0.1477
84 0.4020 0.2921 0.0691 0.1079
84 0.3822 0.4054 0.0253 0.0486
84 0.3871 0.3030 0.0543 0.1008
84 0.2345 0.5238 0.0553 0.1255
84 0.2032 0.5376 0.0543 0.1600
46 0.4015 0.0801 0.0408 0.1241
84 0.2197 0.5252 0.0478 0.1499
84 0.4200 0.2810 0.0798 0.1173
84 0.2624 0.5065 0.0528 0.1555
84 0.2766 0.5102 0.0480 0.1340
84 0.2565 0.6986 0.0502 0.1379
84 0.4227 0.6469 0.0214 0.0349
58 0.2017 0.8896 0.1542 0.1988
58 0.8716 0.5713 0.0868 0.0790
84 0.3555 0.4906 0.3922 0.6521
