1 0.3842 0.7552 0.2987 0.3647
1 0.7073 0.7415 0.1765 0.3581
1 0.8127 0.6725 0.1111 0.3537
1 0.2692 0.3288 0.0463 0.0976
1 0.7483 0.4437 0.0811 0.0833
1 0.3731 0.4152 0.0750 0.1156
1 0.5525 0.3102 0.0297 0.0866
62 0.4598 0.4536 0.0442 0.0558
62 0.3993 0.1229 0.0354 0.0160
62 0.4266 0.0925 0.0366 0.0173
62 0.4843 0.0606 0.0338 0.0211
62 0.4513 0.0616 0.0360 0.0198
62 0.4863 0.0875 0.0176 0.0170
62 0.4050 0.1513 0.0352 0.0215
1 0.7873 0.1864 0.0470 0.0802
1 0.8934 0.1456 0.0379 0.0716
1 0.7022 0.3755 0.0760 0.1077
1 0.4259 0.2337 0.0427 0.0854
1 0.2991 0.2769 0.0423 0.0929
40 0.2428 0.6384 0.0202 0.0580
40 0.7884 0.7068 0.0393 0.0310
62 0.3956 0.0947 0.0246 0.0215
62 0.3738 0.1194 0.0349 0.0245
62 0.4413 0.1819 0.0301 0.0354
1 0.5141 0.3321 0.0319 0.0802
62 0.4343 0.1204 0.0202 0.0210
1 0.4992 0.2531 0.9984 0.5062
