20 0.4840 0.8019 0.0642 0.0642
20 0.3437 0.9405 0.0840 0.0494
20 0.7256 0.6731 0.0452 0.0653
20 0.1486 0.8360 0.0640 0.0601
21 0.3641 0.2552 0.0412 0.0470
21 0.3615 0.3218 0.0577 0.0305
21 0.6350 0.2212 0.0545 0.0412
21 0.5369 0.1642 0.0469 0.0424
21 0.5740 0.1108 0.0285 0.0194
21 0.7545 0.2445 0.0379 0.0468
21 0.8397 0.1534 0.0372 0.0390
21 0.8534 0.1746 0.0424 0.0300
21 0.9392 0.2912 0.0395 0.0544
21 0.9584 0.2560 0.0305 0.0344
21 0.3846 0.2451 0.0316 0.0470
21 0.6666 0.2121 0.0339 0.0337
21 0.7060 0.1272 0.0130 0.0283
21 0.7681 0.1070 0.0321 0.0305
20 0.4971 0.1016 0.0121 0.0199
20 0.7905 0.1130 0.0199 0.0225
21 0.3061 0.1433 0.0446 0.0390
21 0.3466 0.1466 0.0339 0.0319
21 0.1848 0.2089 0.0273 0.0326
3 0.4560 0.0472 0.0268 0.0196
20 0.1375 0.7102 0.0448 0.0654
20 0.3971 0.1536 0.0271 0.0155
20 0.3075 0.1700 0.0236 0.0293
21 0.4219 0.4882 0.7969 0.9717
