28 0.3925 0.3437 0.0983 0.0560
28 0.5167 0.3063 0.1031 0.0919
28 0.8375 0.2321 0.1562 0.0866
28 0.6050 0.3559 0.1124 0.1445
28 0.6070 0.2963 0.0732 0.0439
1 0.5937 0.5431 0.0863 0.4254
1 0.7231 0.6078 0.2015 0.7601
1 0.4473 0.4336 0.0365 0.2500
1 0.2198 0.3881 0.0739 0.1883
1 0.1900 0.6319 0.0927 0.4607
1 0.1018 0.5979 0.1135 0.5619
1 0.2535 0.5742 0.0798 0.5309
1 0.8051 0.5364 0.0696 0.4436
1 0.5112 0.4420 0.0644 0.2583
1 0.9139 0.4870 0.0718 0.4944
1 0.8623 0.4427 0.0494 0.3685
31 0.1216 0.4488 0.0490 0.1116
1 0.0327 0.4359 0.0567 0.2125
28 0.1574 0.3327 0.1414 0.1373
28 0.6291 0.7877 0.0550 0.4195
1 0.9527 0.6141 0.0945 0.7707
28 0.4350 0.2987 0.0683 0.0542
28 0.0567 0.3561 0.0516 0.0775
28 0.2531 0.3135 0.1083 0.0647
31 0.4364 0.4476 0.0151 0.0630
31 0.8358 0.5803 0.0378 0.0984
1 0.4484 0.5845 0.8969 0.6761
