3 0.4172 0.7894 0.0528 0.0594
3 0.3176 0.7862 0.0757 0.0821
3 0.3688 0.7853 0.0354 0.0468
6 0.5565 0.6897 0.1270 0.0878
8 0.5560 0.7880 0.1652 0.1895
8 0.1227 0.7927 0.1714 0.1415
10 0.7005 0.3696 0.0530 0.1224
10 0.6482 0.3747 0.0336 0.0961
10 0.3059 0.5677 0.0115 0.0494
10 0.3600 0.6189 0.0132 0.0352
10 0.8161 0.5256 0.0246 0.0591
10 0.5097 0.6304 0.0121 0.0322
3 0.7127 0.7906 0.0635 0.0458
3 0.7636 0.7887 0.0533 0.0357
3 0.4454 0.7444 0.0179 0.0310
1 0.9072 0.7918 0.0170 0.1201
3 0.8258 0.7859 0.0435 0.0351
3 0.9067 0.7850 0.0633 0.0561
3 0.4296 0.7416 0.0156 0.0170
1 0.8892 0.8175 0.0249 0.1218
10 0.7846 0.5261 0.0092 0.0619
10 0.4981 0.6410 0.0039 0.0117
