2 0.6352 0.5487 0.3231 0.4794
2 0.5083 0.5037 0.2072 0.3405
3 0.8568 0.4005 0.0924 0.0646
3 0.9417 0.4116 0.0964 0.0705
3 0.9814 0.4209 0.0365 0.0637
3 0.7105 0.3938 0.0590 0.0431
3 0.6715 0.3885 0.0518 0.0489
6 0.3228 0.3989 0.6388 0.7978
1 0.1476 0.5787 0.1644 0.5861
1 0.0462 0.6292 0.0925 0.6368
1 0.1673 0.3234 0.0543 0.0870
1 0.3859 0.3668 0.0997 0.2048
1 0.4181 0.3702 0.0668 0.1224
1 0.0458 0.3806 0.0650 0.0885
1 0.0144 0.3413 0.0287 0.0893
31 0.1612 0.4994 0.1335 0.2808
3 0.7869 0.4039 0.0996 0.0515
31 0.0858 0.7424 0.0663 0.1597
