1 0.5949 0.4474 0.1846 0.5604
1 0.2899 0.5921 0.3101 0.8157
1 0.8834 0.6700 0.2331 0.6351
1 0.7138 0.3449 0.0887 0.4390
1 0.5057 0.2385 0.0709 0.1314
1 0.3845 0.2966 0.0579 0.2218
1 0.3135 0.2320 0.0708 0.1479
1 0.3795 0.2158 0.0924 0.2088
1 0.4342 0.2228 0.0751 0.1161
1 0.3480 0.4236 0.1399 0.3977
53 0.5665 0.8408 0.0505 0.0589
53 0.6469 0.9360 0.0558 0.0303
53 0.5843 0.9374 0.0550 0.0491
53 0.4780 0.9459 0.0676 0.0698
53 0.4162 0.9420 0.0565 0.0760
53 0.4960 0.8726 0.0534 0.0683
53 0.5225 0.4122 0.0255 0.0356
53 0.3208 0.8853 0.0509 0.0504
53 0.3349 0.8624 0.0560 0.0579
53 0.6122 0.7289 0.0452 0.0423
53 0.4454 0.8918 0.0550 0.0753
53 0.3758 0.8404 0.0539 0.0764
53 0.5690 0.8968 0.0655 0.0567
53 0.5016 0.5833 0.9656 0.8250
