1 0.6878 0.5415 0.3027 0.8857
1 0.3606 0.5141 0.1693 0.5373
1 0.0680 0.6283 0.1128 0.3979
1 0.2174 0.4807 0.0693 0.2381
1 0.4631 0.4342 0.0366 0.1616
35 0.4381 0.9295 0.1901 0.1409
35 0.3514 0.5150 0.1230 0.5056
36 0.9311 0.4120 0.0813 0.2674
1 0.2695 0.4998 0.0528 0.1280
36 0.8291 0.4139 0.0909 0.1129
36 0.1669 0.4742 0.0485 0.1058
36 0.9099 0.4348 0.0177 0.0438
36 0.4947 0.4822 0.0409 0.0252
1 0.5657 0.4548 0.1096 0.5606
1 0.9550 0.4287 0.0900 0.3646
35 0.0923 0.8437 0.1831 0.1424
35 0.0203 0.7305 0.0407 0.0394
35 0.4731 0.5175 0.0771 0.0107
1 0.8537 0.4226 0.0813 0.2949
