7 0.4828 0.5590 0.3958 0.4427
1 0.7112 0.7217 0.0833 0.5565
1 0.8874 0.7329 0.0827 0.5174
1 0.9612 0.7505 0.0776 0.4990
1 0.7814 0.7038 0.0902 0.5586
1 0.1945 0.5377 0.0271 0.1065
1 0.1484 0.5278 0.0175 0.0763
1 0.6679 0.7588 0.0411 0.1521
1 0.9356 0.5432 0.0376 0.1379
1 0.9182 0.5257 0.0300 0.0982
1 0.2366 0.5261 0.0184 0.0750
31 0.7456 0.6879 0.0592 0.2769
33 0.9166 0.9183 0.1188 0.1634
1 0.0906 0.5247 0.0198 0.0766
85 0.4053 0.4468 0.0397 0.0404
85 0.7455 0.4072 0.1051 0.0253
85 0.6804 0.5706 0.0171 0.0200
1 0.8269 0.5400 0.0439 0.1440
1 0.2201 0.5296 0.0106 0.0663
27 0.8462 0.5415 0.0341 0.1029
33 0.8429 0.8106 0.0656 0.1741
77 0.6840 0.5259 0.0099 0.0126
31 0.8326 0.5522 0.0260 0.0872
31 0.9410 0.7391 0.0507 0.1619
1 0.1867 0.5023 0.1547 0.0351
