47 0.9644 0.7118 0.0498 0.0939
73 0.6384 0.3974 0.1679 0.3506
73 0.7844 0.5040 0.1905 0.3680
74 0.8555 0.7668 0.0261 0.0650
72 0.5146 0.1468 0.1329 0.1865
74 0.5076 0.4543 0.0300 0.0447
74 0.5636 0.4004 0.0372 0.0485
75 0.1798 0.5621 0.0559 0.1151
76 0.6314 0.4672 0.1154 0.1004
76 0.7780 0.5388 0.1159 0.1319
77 0.6527 0.6156 0.0449 0.0790
84 0.8962 0.6427 0.0652 0.1528
84 0.0488 0.6028 0.0821 0.1719
84 0.0927 0.6746 0.0735 0.1572
84 0.1199 0.7037 0.0215 0.0378
84 0.0803 0.6835 0.0731 0.1156
77 0.2367 0.5520 0.0332 0.0536
