28 0.8358 0.2281 0.3103 0.4337
28 0.6474 0.2277 0.2883 0.1149
28 0.0955 0.2518 0.1883 0.2041
28 0.4947 0.2322 0.1973 0.0838
1 0.1999 0.4881 0.2879 0.6314
1 0.3266 0.4898 0.1437 0.5386
1 0.5279 0.3482 0.0490 0.0955
1 0.5655 0.5282 0.1520 0.4126
1 0.7147 0.6213 0.2887 0.7354
1 0.4200 0.4450 0.0769 0.3281
1 0.8099 0.3782 0.0635 0.1995
1 0.8731 0.4081 0.0913 0.1908
1 0.9257 0.3833 0.0209 0.0843
55 0.6403 0.7059 0.0227 0.0316
55 0.8506 0.6375 0.0219 0.0290
31 0.1471 0.6664 0.1133 0.1753
31 0.2695 0.4062 0.0149 0.0539
1 0.4981 0.3383 0.0401 0.1071
52 0.1510 0.9416 0.1705 0.0944
52 0.2699 0.9281 0.0628 0.1166
52 0.1040 0.8209 0.0510 0.1305
52 0.1426 0.8491 0.0747 0.0616
28 0.0701 0.2672 0.1401 0.0297
52 0.1820 0.8368 0.1414 0.1911
52 0.0393 0.7443 0.0787 0.0566
52 0.1024 0.7918 0.0731 0.0468
52 0.0936 0.7644 0.0557 0.0275
52 0.1067 0.9143 0.0450 0.0685
55 0.6625 0.7216 0.0217 0.0181
1 0.4738 0.3401 0.0251 0.1059
1 0.4550 0.3408 0.0181 0.1029
28 0.2796 0.2636 0.0328 0.0527
1 0.5765 0.3591 0.0341 0.0522
1 0.3590 0.3248 0.5180 0.1158
