72 0.8582 0.3866 0.2204 0.2009
44 0.4526 0.7875 0.0276 0.1438
62 0.3537 0.5459 0.1747 0.3071
63 0.8664 0.7769 0.2672 0.4181
85 0.4055 0.2167 0.0414 0.0950
46 0.4727 0.7830 0.0322 0.1157
84 0.4923 0.9546 0.1540 0.0908
84 0.6300 0.8029 0.1135 0.0769
46 0.4817 0.7317 0.0308 0.0505
84 0.5025 0.8349 0.0893 0.0763
84 0.8451 0.5836 0.0250 0.0360
84 0.8998 0.5967 0.0175 0.0081
84 0.9282 0.5837 0.0270 0.0179
86 0.1640 0.2703 0.0194 0.0729
86 0.3856 0.8556 0.0590 0.1384
86 0.5427 0.7195 0.0310 0.0824
75 0.6017 0.8692 0.0666 0.0581
75 0.6198 0.8555 0.0635 0.0561
84 0.8991 0.5785 0.0202 0.0103
86 0.1744 0.2945 0.0122 0.0265
