20 0.4579 0.6861 0.6615 0.6277
20 0.2046 0.5475 0.1083 0.1374
20 0.1731 0.5169 0.0819 0.1376
1 0.9068 0.4899 0.1446 0.5978
1 0.6152 0.3195 0.0430 0.1452
1 0.6616 0.2702 0.0322 0.0621
20 0.0650 0.5661 0.1300 0.1339
20 0.8459 0.2803 0.0519 0.0570
20 0.6610 0.2900 0.0382 0.0477
20 0.0675 0.4366 0.0325 0.0394
20 0.7603 0.3645 0.0683 0.0744
1 0.7937 0.2711 0.0484 0.0719
1 0.7427 0.2705 0.0155 0.0691
1 0.6310 0.2576 0.0232 0.0597
1 0.4488 0.3761 0.3332 0.5122
20 0.0825 0.6848 0.1649 0.1183
20 0.9624 0.5080 0.0751 0.4421
1 0.7128 0.3093 0.0523 0.1244
1 0.7568 0.2685 0.0341 0.0743
