44 0.4895 0.6559 0.0359 0.1697
44 0.5288 0.6054 0.0263 0.1107
44 0.7184 0.7627 0.0533 0.1828
62 0.4193 0.8397 0.1715 0.3206
62 0.9395 0.7751 0.1206 0.1402
67 0.7718 0.8853 0.4565 0.2071
47 0.4658 0.7364 0.0330 0.0418
47 0.6853 0.7403 0.0171 0.0354
47 0.6503 0.7290 0.0305 0.0716
47 0.6212 0.7201 0.0295 0.0626
51 0.7825 0.9270 0.1126 0.0550
52 0.5732 0.7497 0.1029 0.0626
52 0.4973 0.7613 0.0435 0.0215
55 0.5056 0.7834 0.0354 0.0280
1 0.4045 0.5000 0.1618 0.3663
1 0.5524 0.5336 0.1463 0.3767
1 0.7424 0.5905 0.2019 0.4390
1 0.2038 0.6418 0.1535 0.6988
1 0.3080 0.6678 0.0917 0.2905
1 0.0548 0.6057 0.1097 0.3335
1 0.1744 0.8247 0.3489 0.3281
1 0.1091 0.5435 0.0297 0.1821
27 0.5942 0.9363 0.1075 0.1275
62 0.1168 0.9500 0.0225 0.0976
1 0.2912 0.5132 0.0347 0.0395
1 0.3135 0.4923 0.0662 0.1221
1 0.0927 0.6048 0.0549 0.2990
52 0.5634 0.7575 0.0749 0.0399
67 0.6501 0.7627 0.0866 0.0602
67 0.5564 0.7088 0.2798 0.2756
52 0.4905 0.7603 0.0445 0.0228
47 0.7688 0.8736 0.0595 0.0634
47 0.2259 0.5067 0.0233 0.0449
