44 0.4250 0.8104 0.0284 0.1257
67 0.3194 0.8704 0.4466 0.2360
51 0.2877 0.8800 0.0988 0.0761
51 0.1832 0.8421 0.0950 0.0630
67 0.1987 0.6200 0.1113 0.0711
1 0.5309 0.7848 0.3161 0.4304
1 0.3339 0.6539 0.3441 0.3107
1 0.4333 0.6362 0.1634 0.2526
1 0.6440 0.6406 0.0894 0.2197
1 0.7521 0.6457 0.1283 0.2331
1 0.0733 0.7528 0.1433 0.4674
1 0.6501 0.5428 0.0396 0.0799
1 0.4712 0.5589 0.0508 0.1016
1 0.9379 0.7552 0.1242 0.4885
1 0.8098 0.7682 0.2275 0.4270
1 0.7972 0.5347 0.0508 0.0737
1 0.3817 0.5674 0.0455 0.0966
47 0.4588 0.8137 0.0285 0.0878
47 0.3415 0.8296 0.0426 0.0820
47 0.2639 0.8184 0.0576 0.0685
47 0.4153 0.6956 0.0347 0.0636
47 0.3783 0.7948 0.0371 0.0740
50 0.1772 0.8246 0.0117 0.0464
56 0.3122 0.8673 0.0238 0.0186
62 0.8554 0.8724 0.1989 0.2552
62 0.4181 0.7634 0.6156 0.4465
62 0.2924 0.5734 0.0206 0.0447
62 0.2174 0.5633 0.0517 0.0490
62 0.6707 0.6267 0.0585 0.1201
62 0.6859 0.5840 0.0374 0.0962
62 0.7149 0.5714 0.0197 0.0723
62 0.2348 0.6559 0.0590 0.2106
62 0.5208 0.6756 0.0189 0.1606
62 0.7814 0.6028 0.0425 0.0297
50 0.3456 0.8294 0.0602 0.0666
1 0.5244 0.6150 0.0741 0.2228
62 0.3312 0.5750 0.3438 0.1833
