44 0.7408 0.6882 0.1737 0.1801
44 0.4982 0.6583 0.1604 0.1536
44 0.4203 0.6276 0.1173 0.1415
3 0.1687 0.3642 0.1558 0.0886
67 0.6615 0.5932 0.6770 0.5826
1 0.2813 0.5652 0.2720 0.2449
1 0.7953 0.3274 0.2824 0.2026
1 0.5708 0.4342 0.3117 0.1936
46 0.5892 0.6835 0.1458 0.1376
46 0.9242 0.5218 0.1129 0.1145
46 0.7565 0.4078 0.0542 0.0577
46 0.9448 0.3314 0.0706 0.0728
46 0.5657 0.5394 0.0939 0.0882
62 0.6540 0.3714 0.1070 0.1213
62 0.5126 0.4822 0.0906 0.1027
1 0.4080 0.8157 0.7191 0.3685
64 0.6928 0.4673 0.1437 0.1310
62 0.1390 0.6258 0.0553 0.0296
