3 0.6775 0.9427 0.6451 0.1113
3 0.3870 0.8343 0.6718 0.2112
3 0.8366 0.8184 0.3267 0.2584
1 0.2885 0.5596 0.1563 0.3011
1 0.3392 0.8772 0.0466 0.1408
1 0.4591 0.8790 0.0458 0.0685
1 0.0391 0.8645 0.0781 0.2382
1 0.0712 0.9314 0.0260 0.0800
1 0.3016 0.9350 0.0936 0.1281
1 0.1050 0.9633 0.0578 0.0728
1 0.6018 0.8647 0.0801 0.0635
1 0.9813 0.8627 0.0349 0.1908
33 0.6424 0.6185 0.1417 0.1084
33 0.4152 0.6347 0.1211 0.1182
33 0.5279 0.6238 0.1040 0.0916
1 0.3802 0.9227 0.0600 0.1546
1 0.1553 0.9313 0.0877 0.1374
1 0.2043 0.9619 0.0495 0.0744
