1 0.1721 0.5769 0.0679 0.1779
1 0.3128 0.0834 0.0373 0.0975
1 0.8620 0.1202 0.0453 0.0758
1 0.4297 0.2652 0.0390 0.0765
1 0.1862 0.3090 0.0372 0.0427
1 0.1420 0.5541 0.0543 0.1358
1 0.8785 0.3982 0.0485 0.1935
39 0.1586 0.4719 0.0319 0.0411
39 0.7802 0.4294 0.0182 0.0910
40 0.8558 0.8040 0.0211 0.0290
40 0.2038 0.6068 0.0263 0.0428
1 0.7360 0.3015 0.0519 0.0807
1 0.7933 0.3221 0.0431 0.0558
1 0.8374 0.3315 0.0378 0.0517
62 0.7558 0.1555 0.0283 0.0439
1 0.8271 0.8028 0.0781 0.2181
1 0.5948 0.3353 0.0353 0.0348
39 0.7916 0.4254 0.0111 0.1042
1 0.5824 0.2707 0.0469 0.0911
40 0.2137 0.5683 0.0150 0.0192
1 0.4977 0.1900 0.9953 0.3801
