3 0.2602 0.3208 0.3154 0.2709
3 0.3651 0.2679 0.1252 0.1713
3 0.3865 0.2438 0.1219 0.1301
3 0.4486 0.2421 0.0499 0.0745
3 0.1226 0.2365 0.0276 0.0708
4 0.6560 0.6435 0.4262 0.6868
31 0.4905 0.3907 0.0979 0.2272
1 0.7841 0.2227 0.0184 0.0724
1 0.5714 0.4865 0.2056 0.8652
1 0.5220 0.3401 0.1655 0.6284
1 0.2789 0.2344 0.0329 0.0549
1 0.8743 0.2107 0.0272 0.0546
1 0.8526 0.2146 0.0241 0.0598
1 0.9531 0.2167 0.0190 0.0558
1 0.8073 0.2061 0.0136 0.0450
1 0.7717 0.2304 0.0182 0.0450
1 0.8288 0.2221 0.0255 0.0667
3 0.0556 0.2576 0.1076 0.1388
1 0.7563 0.2225 0.0126 0.0615
1 0.6598 0.4642 0.1412 0.6439
1 0.8944 0.2163 0.0159 0.0319
1 0.7422 0.2208 0.0187 0.0500
