1 0.9079 0.5438 0.1843 0.7146
1 0.6001 0.4538 0.1180 0.2435
49 0.5754 0.9321 0.0723 0.0919
49 0.1520 0.7497 0.2005 0.0503
49 0.6241 0.9355 0.0900 0.1103
51 0.4882 0.7503 0.1364 0.0728
51 0.6360 0.6079 0.0858 0.0558
57 0.7041 0.6873 0.0169 0.0423
49 0.4001 0.6831 0.0715 0.0378
49 0.4694 0.9011 0.0388 0.1124
51 0.7010 0.6076 0.0578 0.0398
67 0.4806 0.7691 0.9240 0.4369
1 0.5514 0.4646 0.0951 0.2323
49 0.6066 0.5236 0.0537 0.0628
49 0.4969 0.9014 0.0281 0.0980
49 0.5283 0.9082 0.0528 0.1073
49 0.5586 0.9144 0.0834 0.1137
49 0.6483 0.9439 0.0512 0.1012
49 0.5425 0.6125 0.0679 0.0154
49 0.6974 0.9528 0.0494 0.0872
49 0.3407 0.8478 0.0793 0.0962
51 0.6082 0.7751 0.1431 0.0409
1 0.2761 0.4981 0.1738 0.4956
1 0.1591 0.5584 0.3183 0.5912
1 0.4837 0.4576 0.1771 0.3111
1 0.4032 0.4784 0.2111 0.3279
49 0.6367 0.7698 0.4859 0.4562
