37 0.2891 0.4538 0.0752 0.0857
1 0.5903 0.5483 0.6178 0.6921
1 0.8162 0.5504 0.3676 0.6747
1 0.8810 0.4244 0.1414 0.6150
1 0.6888 0.3219 0.1795 0.4180
1 0.4533 0.1820 0.0253 0.0450
1 0.0819 0.5438 0.1638 0.8674
1 0.5770 0.2362 0.0570 0.1102
1 0.1595 0.2931 0.0560 0.2484
1 0.3116 0.5648 0.2276 0.6747
1 0.6613 0.2526 0.1049 0.3230
1 0.6232 0.7776 0.2090 0.2394
18 0.1374 0.3703 0.0999 0.0964
28 0.2414 0.1608 0.0950 0.0482
28 0.1798 0.1778 0.0583 0.0861
28 0.8281 0.0970 0.3157 0.1408
1 0.9569 0.2852 0.0365 0.1711
1 0.5397 0.2026 0.0420 0.1014
