85 0.4401 0.2724 0.0573 0.0402
85 0.3404 0.2891 0.0264 0.0481
1 0.8758 0.9658 0.0715 0.0671
1 0.9286 0.9453 0.1001 0.1095
1 0.7163 0.9515 0.0485 0.0971
1 0.4487 0.9467 0.0538 0.1050
1 0.6601 0.9489 0.0808 0.1009
1 0.3827 0.9224 0.0613 0.0528
1 0.2875 0.9181 0.0423 0.0451
1 0.2424 0.9196 0.0213 0.0370
1 0.1789 0.9434 0.0314 0.0768
1 0.8337 0.9246 0.0324 0.0586
1 0.6838 0.9084 0.0135 0.0343
1 0.3123 0.9204 0.0264 0.0425
31 0.7228 0.9514 0.0226 0.0308
31 0.6281 0.9671 0.0249 0.0359
1 0.8078 0.9229 0.0312 0.0646
