63 0.6090 0.3753 0.5987 0.5957
1 0.4872 0.5061 0.8198 0.9101
1 0.5501 0.3906 0.4387 0.4270
47 0.4791 0.8369 0.1369 0.2621
75 0.1834 0.8843 0.2013 0.2270
75 0.2856 0.9167 0.1315 0.1396
84 0.6850 0.1377 0.0328 0.1184
84 0.6447 0.3142 0.1488 0.0717
84 0.8043 0.1498 0.0391 0.1245
84 0.7653 0.1077 0.0351 0.2054
84 0.8440 0.1225 0.0306 0.0651
47 0.1166 0.7104 0.1334 0.2022
51 0.6912 0.9494 0.2607 0.0697
75 0.2131 0.7088 0.0829 0.0831
84 0.8294 0.1589 0.0294 0.0963
84 0.6997 0.1373 0.0227 0.1233
84 0.7429 0.1307 0.0305 0.1385
84 0.6672 0.1251 0.0362 0.1491
84 0.7878 0.1370 0.0218 0.1378
75 0.5886 0.4307 0.0349 0.0407
44 0.0407 0.8533 0.0794 0.2931
