44 0.1434 0.2505 0.1360 0.3504
62 0.7340 0.0832 0.1171 0.1664
67 0.5045 0.6157 0.9910 0.7449
47 0.8453 0.2992 0.1570 0.2982
47 0.9558 0.2601 0.0885 0.1255
48 0.6308 0.9148 0.1136 0.1704
49 0.9529 0.8553 0.0925 0.2894
49 0.9398 0.3581 0.1197 0.0181
50 0.4102 0.4642 0.1937 0.1428
51 0.7379 0.6250 0.4626 0.3842
51 0.1850 0.5529 0.3610 0.2848
51 0.5539 0.3507 0.2225 0.1169
57 0.0363 0.5522 0.0573 0.0461
57 0.1032 0.5553 0.0629 0.0599
57 0.7525 0.6922 0.1046 0.0377
50 0.6613 0.2674 0.2264 0.2012
51 0.4403 0.4643 0.1636 0.1840
57 0.7424 0.4179 0.0199 0.0352
57 0.7111 0.4130 0.1100 0.0505
47 0.7559 0.5939 0.1868 0.1546
49 0.4118 0.4597 0.1945 0.1405
50 0.9102 0.2828 0.0298 0.0182
51 0.3205 0.2883 0.3366 0.1407
51 0.6981 0.4026 0.1920 0.0774
51 0.5818 0.5243 0.2902 0.2253
62 0.5401 0.1286 0.2924 0.2445
62 0.0300 0.1492 0.0599 0.1937
62 0.1619 0.1232 0.2996 0.2441
62 0.9660 0.1061 0.0680 0.1920
