3 0.1611 0.7307 0.3162 0.2528
6 0.2496 0.5359 0.2415 0.1335
1 0.8550 0.6382 0.1000 0.2035
2 0.9314 0.7138 0.1372 0.1663
3 0.3754 0.6813 0.3063 0.1667
1 0.8975 0.5973 0.0606 0.1415
8 0.7344 0.5638 0.5311 0.2240
31 0.9706 0.6120 0.0588 0.0848
1 0.1178 0.5565 0.0211 0.0263
3 0.2426 0.5991 0.1940 0.0588
3 0.0631 0.5825 0.1263 0.0637
77 0.8695 0.5575 0.0098 0.0066
1 0.9625 0.5898 0.0507 0.1223
1 0.9894 0.5618 0.0211 0.0696
3 0.1258 0.8479 0.2453 0.2830
3 0.8224 0.6426 0.1558 0.1420
10 0.4213 0.1653 0.0369 0.0781
8 0.4121 0.5674 0.0893 0.0661
10 0.3778 0.1658 0.0538 0.0758
