44 0.8040 0.5464 0.0258 0.0769
44 0.7327 0.5339 0.0274 0.0658
1 0.3095 0.6583 0.3847 0.5740
1 0.1940 0.6925 0.2976 0.5060
1 0.6554 0.6779 0.4026 0.5369
32 0.3950 0.5548 0.0595 0.1636
44 0.6678 0.4119 0.0082 0.0220
47 0.7308 0.4839 0.0185 0.0165
47 0.6886 0.4812 0.0102 0.0196
47 0.7148 0.4840 0.0097 0.0191
44 0.7455 0.5396 0.0092 0.0525
44 0.6164 0.4045 0.0111 0.0313
44 0.6358 0.4069 0.0064 0.0264
44 0.7004 0.4131 0.0067 0.0249
44 0.6433 0.4137 0.0058 0.0128
44 0.7446 0.4180 0.0062 0.0239
53 0.8658 0.5193 0.0790 0.0261
44 0.7159 0.4172 0.0086 0.0222
