17 0.5016 0.2935 0.9968 0.5871
62 0.4242 0.4989 0.8354 0.9828
15 0.4508 0.6905 0.7708 0.5931
84 0.3700 0.0561 0.0411 0.1122
84 0.4083 0.0573 0.0389 0.1120
84 0.4457 0.0554 0.0396 0.1103
84 0.4938 0.0539 0.0252 0.1039
84 0.4707 0.0564 0.0254 0.1079
84 0.9013 0.5618 0.0944 0.1242
84 0.8125 0.5648 0.1008 0.1223
84 0.7860 0.5627 0.1028 0.1220
84 0.7306 0.5602 0.1338 0.1355
84 0.3049 0.0566 0.0448 0.1065
84 0.4929 0.5045 0.0675 0.0607
84 0.5148 0.0475 0.0206 0.0949
84 0.5338 0.0462 0.0320 0.0892
84 0.4988 0.3266 0.9977 0.6219
