44 0.4408 0.1641 0.0262 0.0539
1 0.1004 0.2879 0.1363 0.3038
1 0.2472 0.5169 0.3446 0.6517
1 0.6742 0.5562 0.3715 0.7393
47 0.4826 0.6002 0.1006 0.0780
47 0.0252 0.6320 0.0497 0.0905
47 0.3449 0.5096 0.0722 0.0708
48 0.1140 0.7844 0.0626 0.0852
50 0.2588 0.6736 0.1521 0.0313
57 0.3219 0.3644 0.0773 0.0829
1 0.1253 0.1776 0.0705 0.0943
1 0.7341 0.8709 0.3296 0.2315
48 0.2712 0.6752 0.1244 0.0278
1 0.4165 0.6000 0.2876 0.7775
1 0.7894 0.3378 0.1856 0.3138
1 0.1517 0.7955 0.2981 0.4089
57 0.5235 0.4141 0.0175 0.0873
77 0.9243 0.7088 0.1515 0.2428
1 0.9205 0.3878 0.1590 0.4489
