19 0.8553 0.5220 0.0702 0.1919
1 0.8411 0.4310 0.0910 0.1885
1 0.8149 0.3398 0.0101 0.0486
1 0.8427 0.4321 0.0858 0.1848
1 0.6969 0.4168 0.0106 0.0253
3 0.8651 0.3414 0.0963 0.0490
1 0.4795 0.4167 0.0053 0.0188
1 0.4725 0.4184 0.0064 0.0203
1 0.4556 0.4180 0.0068 0.0187
1 0.5302 0.4163 0.0086 0.0294
1 0.5670 0.4127 0.0073 0.0242
1 0.5766 0.4277 0.0093 0.0132
1 0.5490 0.4042 0.0051 0.0175
3 0.9701 0.3109 0.0320 0.0150
1 0.4645 0.4170 0.0049 0.0188
1 0.5557 0.4186 0.0065 0.0163
1 0.3156 0.4104 0.0969 0.0250
