56 0.1000 0.5176 0.2000 0.1459
50 0.8562 0.5517 0.2876 0.1191
51 0.5000 0.4949 1.0000 0.9899
56 0.3859 0.2116 0.1007 0.1231
56 0.2354 0.2755 0.1765 0.1382
56 0.4637 0.2911 0.0865 0.0774
57 0.3840 0.7534 0.2095 0.1847
57 0.2539 0.8236 0.2202 0.1416
57 0.2407 0.5766 0.1183 0.1751
67 0.5011 0.4944 0.9933 0.9843
56 0.1801 0.7536 0.2634 0.1752
56 0.6420 0.5923 0.1283 0.1101
56 0.5556 0.2025 0.0800 0.0957
57 0.2414 0.4432 0.1522 0.1207
57 0.1479 0.8298 0.1982 0.1350
57 0.3802 0.3769 0.0872 0.0837
57 0.6567 0.4120 0.0938 0.1618
57 0.3602 0.8206 0.1225 0.1034
57 0.7207 0.5553 0.0867 0.0788
57 0.3787 0.9030 0.1888 0.0531
57 0.5545 0.3441 0.1418 0.0632
