39 0.6632 0.4380 0.0263 0.0777
1 0.6981 0.5892 0.1542 0.2864
1 0.6096 0.6244 0.1062 0.1665
1 0.4934 0.6060 0.0904 0.2364
1 0.7770 0.3134 0.0320 0.1409
1 0.2777 0.2762 0.0554 0.0705
1 0.5165 0.2489 0.0436 0.0540
1 0.4667 0.2572 0.0564 0.0572
1 0.1526 0.2352 0.0739 0.1665
1 0.3467 0.2034 0.0516 0.0787
1 0.8030 0.0848 0.0491 0.0700
32 0.5070 0.0849 0.0102 0.0265
62 0.3692 0.2794 0.0440 0.0298
62 0.4213 0.2745 0.0438 0.0267
62 0.3459 0.2491 0.0464 0.0421
1 0.3305 0.2699 0.0425 0.0529
1 0.6400 0.0574 0.0391 0.0663
40 0.6561 0.6394 0.0145 0.0227
62 0.3934 0.2429 0.0462 0.0396
1 0.0916 0.2293 0.0509 0.1880
1 0.4992 0.1924 0.9984 0.3848
