2 0.5991 0.8351 0.3688 0.3143
2 0.4839 0.7319 0.1346 0.1741
3 0.3787 0.4957 0.0183 0.0180
6 0.7382 0.4948 0.4449 0.4292
1 0.1267 0.5953 0.0614 0.1950
1 0.0481 0.5957 0.0490 0.2432
1 0.4198 0.5367 0.0565 0.1582
1 0.6045 0.5678 0.0614 0.2978
1 0.2724 0.5203 0.0143 0.0553
1 0.3374 0.5010 0.0063 0.0365
3 0.4480 0.5223 0.0394 0.0938
1 0.2870 0.5244 0.0172 0.0613
1 0.3990 0.6329 0.0503 0.0846
3 0.4984 0.5141 0.0602 0.0717
62 0.0166 0.6402 0.0321 0.0746
1 0.3170 0.4994 0.0131 0.0362
1 0.0149 0.5895 0.0272 0.0938
64 0.0804 0.5953 0.0425 0.1283
1 0.8407 0.4436 0.0535 0.0790
1 0.3294 0.5064 0.0116 0.0431
