67 0.4720 0.5975 0.2990 0.0558
67 0.7185 0.5528 0.1415 0.0158
67 0.3388 0.5288 0.1043 0.0162
67 0.1279 0.5804 0.2557 0.1480
67 0.6453 0.5596 0.1156 0.0618
1 0.6011 0.5243 0.0070 0.0143
1 0.7701 0.5169 0.0396 0.0659
28 0.2271 0.4236 0.1840 0.1364
28 0.4918 0.4856 0.1627 0.2034
28 0.5581 0.4238 0.2654 0.2220
28 0.7988 0.4312 0.1304 0.0593
28 0.9269 0.5092 0.1462 0.2318
28 0.9320 0.3624 0.1359 0.0830
62 0.5206 0.7067 0.0919 0.1730
62 0.6124 0.7057 0.0964 0.1836
62 0.3020 0.6871 0.0905 0.1865
62 0.3188 0.5659 0.0419 0.0754
62 0.3841 0.5551 0.0428 0.0505
62 0.4385 0.5573 0.0474 0.0478
62 0.1978 0.6092 0.0699 0.1216
62 0.1176 0.6043 0.0623 0.1209
62 0.7928 0.6086 0.0480 0.0994
62 0.3948 0.7059 0.1044 0.1806
62 0.7405 0.6089 0.0616 0.1009
62 0.6723 0.6052 0.0560 0.1058
1 0.6141 0.5194 0.0184 0.0203
15 0.0465 0.5982 0.0760 0.1276
62 0.8271 0.6045 0.0286 0.1066
15 0.3124 0.5109 0.0732 0.0227
62 0.4055 0.5882 0.8109 0.1975
