44 0.2667 0.7065 0.0377 0.2091
44 0.4276 0.5053 0.0282 0.0900
44 0.3905 0.4956 0.0283 0.1098
44 0.4636 0.4827 0.0200 0.0933
44 0.4496 0.4802 0.0216 0.1228
77 0.5148 0.9752 0.0753 0.0497
62 0.4980 0.8174 0.1124 0.1079
67 0.6732 0.8792 0.4757 0.2152
67 0.5076 0.5540 0.2075 0.0648
1 0.1910 0.5573 0.2955 0.8591
1 0.0751 0.4162 0.1501 0.7042
1 0.5565 0.3926 0.1376 0.3744
1 0.8085 0.3350 0.1140 0.2546
47 0.5929 0.9588 0.0496 0.0819
47 0.6264 0.8280 0.0379 0.0838
61 0.6949 0.9067 0.1424 0.1820
1 0.3452 0.7192 0.1209 0.5615
1 0.7682 0.6247 0.4503 0.6076
62 0.3884 0.9053 0.1758 0.1846
62 0.6835 0.7283 0.1892 0.1967
62 0.4940 0.7281 0.1871 0.3041
62 0.6419 0.6287 0.1070 0.1417
62 0.5552 0.6116 0.0939 0.1253
