2 0.7207 0.3931 0.0695 0.1519
3 0.1705 0.2505 0.0373 0.0536
3 0.5318 0.2443 0.0500 0.0387
3 0.5360 0.2266 0.0289 0.0358
3 0.2665 0.2383 0.0603 0.0548
3 0.0275 0.2628 0.0540 0.0772
10 0.4788 0.0960 0.0409 0.1557
31 0.5392 0.4633 0.0258 0.1097
10 0.4128 0.0749 0.0275 0.1118
1 0.1935 0.4528 0.0567 0.3303
1 0.8036 0.5921 0.1374 0.7169
1 0.3677 0.3906 0.0705 0.3292
3 0.1940 0.2521 0.0285 0.0484
8 0.1106 0.2447 0.0896 0.0786
8 0.0271 0.2652 0.0541 0.0772
27 0.7505 0.2846 0.0536 0.0623
27 0.3204 0.2817 0.0363 0.0685
28 0.8752 0.1546 0.1759 0.0516
1 0.5056 0.3958 0.0669 0.3068
1 0.7382 0.3393 0.0599 0.1994
1 0.6749 0.4108 0.0560 0.2978
1 0.5855 0.3742 0.0628 0.3001
1 0.3212 0.3281 0.0525 0.2394
1 0.6204 0.2891 0.0320 0.1910
3 0.3499 0.2456 0.0269 0.0251
3 0.0848 0.2469 0.0628 0.0379
3 0.3844 0.2317 0.0162 0.0240
3 0.4682 0.2328 0.0217 0.0199
3 0.3969 0.2373 0.0118 0.0252
31 0.5650 0.3379 0.0229 0.0851
3 0.2152 0.2402 0.0426 0.0504
27 0.6724 0.3302 0.0359 0.0615
2 0.3083 0.3937 0.0913 0.1289
