32 0.1386 0.9410 0.0568 0.1179
32 0.6703 0.8183 0.0214 0.1459
32 0.4771 0.8916 0.0168 0.0528
32 0.8759 0.7221 0.0028 0.0313
1 0.2101 0.7027 0.4202 0.5945
1 0.5150 0.8101 0.1694 0.3798
1 0.8241 0.7407 0.0737 0.2195
1 0.4348 0.7892 0.2459 0.3933
1 0.6298 0.7061 0.0568 0.1186
1 0.9601 0.7631 0.0473 0.1886
1 0.7875 0.8302 0.1312 0.3395
1 0.2906 0.7330 0.0702 0.1200
1 0.5869 0.7464 0.0801 0.1213
1 0.7454 0.6363 0.0613 0.0744
1 0.6901 0.7984 0.1632 0.4033
1 0.0595 0.7350 0.1190 0.4079
31 0.9435 0.7708 0.0190 0.0632
32 0.0265 0.8466 0.0529 0.1576
32 0.8418 0.7001 0.0053 0.0112
1 0.8804 0.7905 0.0423 0.2447
10 0.6426 0.5975 0.0069 0.0367
32 0.8104 0.7308 0.0071 0.0267
