3 0.7910 0.4692 0.1924 0.0691
3 0.8675 0.4443 0.0933 0.0630
3 0.0955 0.4799 0.0670 0.0467
6 0.3888 0.4258 0.5124 0.4022
1 0.3966 0.3854 0.0659 0.0688
1 0.2252 0.3987 0.0927 0.0945
10 0.8420 0.1612 0.0160 0.0480
1 0.8078 0.4500 0.0176 0.0176
1 0.7069 0.4428 0.0214 0.0477
1 0.6460 0.4319 0.0194 0.0269
1 0.0646 0.4816 0.0360 0.0596
3 0.1130 0.5052 0.0324 0.0460
10 0.6907 0.3574 0.0060 0.0254
10 0.6924 0.3921 0.0155 0.0275
32 0.2340 0.4026 0.0083 0.0284
32 0.3971 0.3957 0.0094 0.0164
1 0.8292 0.4199 0.0090 0.0074
3 0.9209 0.4505 0.0156 0.0315
