3 0.3750 0.7203 0.6045 0.3030
3 0.0873 0.6484 0.1746 0.2172
3 0.1001 0.5653 0.2001 0.1188
1 0.4949 0.3199 0.0648 0.0761
4 0.7382 0.8835 0.5236 0.2104
4 0.8812 0.6636 0.1720 0.0858
4 0.9012 0.6515 0.1184 0.0775
4 0.7888 0.7446 0.1348 0.1007
22 0.4917 0.4996 0.1551 0.3084
1 0.4516 0.6444 0.0687 0.0719
4 0.7647 0.8204 0.1581 0.1034
4 0.6794 0.8654 0.1370 0.0960
4 0.8377 0.6745 0.0866 0.0310
4 0.7345 0.9170 0.3303 0.1295
4 0.6448 0.9481 0.1987 0.0519
4 0.6968 0.8443 0.1685 0.0531
4 0.9490 0.6787 0.0857 0.1302
1 0.5761 0.6081 0.0177 0.0463
