28 0.4414 0.0991 0.5946 0.1734
77 0.1041 0.3562 0.0202 0.0185
27 0.1932 0.3367 0.0572 0.0590
27 0.9323 0.3694 0.0407 0.0358
1 0.7251 0.5697 0.3476 0.8607
1 0.5094 0.6303 0.2876 0.7393
1 0.0856 0.5330 0.1712 0.4550
1 0.0397 0.6446 0.0794 0.5264
1 0.1857 0.3711 0.0696 0.1756
1 0.9525 0.5992 0.0950 0.3760
1 0.9608 0.4045 0.0785 0.1349
1 0.9280 0.3915 0.0621 0.1303
1 0.3786 0.3513 0.0488 0.1005
1 0.3611 0.3227 0.0245 0.0414
1 0.2400 0.3140 0.0387 0.0413
1 0.1435 0.3205 0.0365 0.0646
1 0.9134 0.3476 0.0256 0.0259
10 0.0758 0.2284 0.0308 0.0471
10 0.0284 0.2083 0.0431 0.0754
1 0.5073 0.3578 0.7937 0.1219
