38 0.9233 0.3487 0.1030 0.0484
38 0.6024 0.5598 0.0718 0.1183
38 0.4448 0.4046 0.0821 0.0444
1 0.8149 0.7883 0.0597 0.2626
1 0.5330 0.6682 0.0406 0.1599
1 0.2691 0.7865 0.0975 0.3191
1 0.7607 0.7605 0.0972 0.4148
1 0.4665 0.6709 0.0352 0.1506
1 0.4360 0.6763 0.0253 0.1437
1 0.3811 0.6813 0.0517 0.1684
1 0.8246 0.6235 0.0198 0.0658
1 0.9904 0.6413 0.0193 0.1083
1 0.5643 0.7246 0.0868 0.3560
1 0.7828 0.6829 0.0412 0.1690
27 0.4244 0.6508 0.0188 0.0442
27 0.2492 0.7264 0.0302 0.0872
27 0.7126 0.7659 0.0419 0.0983
38 0.7135 0.3452 0.0203 0.0181
38 0.7780 0.3407 0.0438 0.0570
38 0.3546 0.5536 0.1166 0.0602
38 0.6917 0.4636 0.0363 0.0473
38 0.4381 0.2938 0.0220 0.0114
38 0.7165 0.3027 0.0165 0.0433
1 0.9477 0.6612 0.0301 0.1204
38 0.7540 0.1005 0.0183 0.0217
38 0.8434 0.4730 0.0136 0.0159
38 0.8594 0.4441 0.0080 0.0092
1 0.1662 0.6737 0.0264 0.1264
31 0.7158 0.7184 0.0309 0.2091
1 0.4945 0.7705 0.9859 0.3747
