64 0.6305 0.4440 0.0380 0.0958
82 0.6774 0.4654 0.1336 0.3642
78 0.4308 0.3910 0.0604 0.0460
79 0.5693 0.4308 0.0928 0.0903
44 0.6424 0.1860 0.0108 0.0377
44 0.6325 0.1823 0.0112 0.0443
44 0.6224 0.1831 0.0077 0.0421
44 0.6086 0.1850 0.0086 0.0406
44 0.5411 0.1927 0.0102 0.0416
44 0.5103 0.1958 0.0175 0.0338
44 0.3560 0.3779 0.0084 0.0168
44 0.4949 0.1937 0.0112 0.0305
44 0.5323 0.4003 0.0098 0.0422
44 0.5215 0.4022 0.0084 0.0332
44 0.6680 0.1840 0.0101 0.0382
46 0.5922 0.1857 0.0114 0.0464
81 0.4005 0.4215 0.0866 0.0149
85 0.5994 0.3293 0.0156 0.0357
44 0.1558 0.0212 0.0205 0.0399
46 0.2984 0.0850 0.0165 0.0608
46 0.4721 0.1888 0.0145 0.0303
46 0.5626 0.1959 0.0072 0.0324
46 0.1997 0.0309 0.0224 0.0605
46 0.1790 0.0268 0.0226 0.0525
46 0.4865 0.1925 0.0140 0.0326
46 0.6073 0.1912 0.0085 0.0283
46 0.5848 0.1907 0.0071 0.0402
46 0.6002 0.1941 0.0063 0.0230
46 0.5770 0.1979 0.0097 0.0219
53 0.1642 0.4063 0.0187 0.0167
44 0.5469 0.3781 0.0127 0.0303
46 0.5485 0.1955 0.0064 0.0342
44 0.4562 0.3432 0.5813 0.6675
