3 0.7622 0.6399 0.0442 0.0262
3 0.7993 0.6389 0.0180 0.0231
3 0.8717 0.6411 0.0732 0.0534
2 0.0989 0.9513 0.1054 0.0974
2 0.3898 0.7277 0.0248 0.0979
2 0.4387 0.9526 0.0371 0.0948
1 0.1180 0.8007 0.1865 0.3761
1 0.5027 0.8368 0.1063 0.3265
1 0.4394 0.8194 0.0753 0.3502
1 0.2959 0.8400 0.1469 0.3199
1 0.8205 0.8801 0.1713 0.2398
1 0.7683 0.8226 0.0442 0.1891
1 0.6267 0.7642 0.0589 0.1661
1 0.5713 0.7322 0.0443 0.1761
1 0.6426 0.6769 0.0397 0.1426
1 0.9373 0.7404 0.0397 0.0937
10 0.5133 0.3518 0.0145 0.0239
1 0.9779 0.7485 0.0439 0.0960
1 0.7394 0.8232 0.0325 0.0841
3 0.8090 0.6419 0.0169 0.0300
27 0.2982 0.8741 0.1310 0.2059
27 0.4385 0.7654 0.0488 0.1258
2 0.4939 0.9820 0.0319 0.0360
27 0.4877 0.8013 0.1062 0.1362
31 0.2999 0.8779 0.1361 0.2130
31 0.0598 0.8032 0.0386 0.1007
1 0.9785 0.6562 0.0353 0.1116
2 0.9123 0.9221 0.1445 0.1299
1 0.4992 0.7669 0.9984 0.4614
