37 0.8832 0.7466 0.0352 0.0453
62 0.8092 0.1678 0.0392 0.0538
62 0.7735 0.2085 0.0426 0.0347
39 0.7662 0.4346 0.2268 0.1000
40 0.1245 0.7045 0.1089 0.1870
1 0.4435 0.4944 0.5669 0.9304
1 0.8387 0.5799 0.1035 0.4597
1 0.0503 0.6524 0.1004 0.3798
1 0.6291 0.4978 0.1000 0.1256
1 0.6904 0.6299 0.1468 0.3739
1 0.9365 0.5616 0.1203 0.4613
1 0.0530 0.1763 0.1059 0.1845
1 0.6072 0.0493 0.0395 0.0578
1 0.6825 0.0667 0.0683 0.1278
1 0.5527 0.6409 0.1535 0.3673
1 0.0614 0.6460 0.0301 0.0557
40 0.7697 0.5684 0.0177 0.0354
44 0.2683 0.7300 0.0165 0.0424
1 0.3279 0.6411 0.0707 0.2190
1 0.1497 0.5206 0.1707 0.2820
1 0.3281 0.4378 0.6531 0.7160
