1 0.9357 0.5473 0.0676 0.1797
1 0.8795 0.5195 0.0640 0.1448
1 0.7873 0.4358 0.0329 0.1187
1 0.7226 0.4310 0.0416 0.1023
1 0.6765 0.4145 0.0363 0.1097
1 0.4435 0.4951 0.0509 0.0785
1 0.3696 0.4085 0.0191 0.0796
1 0.2899 0.4331 0.0267 0.0688
1 0.0653 0.4563 0.0275 0.0682
35 0.9489 0.6282 0.0812 0.0496
35 0.7444 0.4706 0.0583 0.0220
27 0.7065 0.4021 0.0193 0.0344
27 0.9225 0.4800 0.0225 0.0205
1 0.1252 0.4431 0.0184 0.0737
27 0.3610 0.4053 0.0083 0.0272
27 0.4431 0.4682 0.0180 0.0128
35 0.2913 0.4692 0.0482 0.0176
35 0.1287 0.4744 0.0436 0.0143
35 0.0746 0.4864 0.0423 0.0176
35 0.8603 0.5924 0.0537 0.0494
