1 0.3214 0.9405 0.0573 0.1190
1 0.4184 0.9274 0.1116 0.1451
1 0.5887 0.5522 0.0351 0.1488
1 0.8340 0.8084 0.0614 0.1307
1 0.3942 0.6924 0.0343 0.1847
1 0.4855 0.7459 0.0639 0.1304
1 0.2565 0.9556 0.0811 0.0881
1 0.1488 0.8645 0.0533 0.2052
1 0.2516 0.6383 0.0386 0.1344
1 0.6729 0.9387 0.0911 0.1227
1 0.3899 0.5232 0.0511 0.1204
1 0.4104 0.3139 0.0317 0.0891
27 0.6727 0.9573 0.0518 0.0854
27 0.0516 0.9404 0.0699 0.1193
35 0.8094 0.6814 0.0845 0.0122
35 0.8177 0.8606 0.0480 0.0191
35 0.1497 0.9663 0.0525 0.0316
35 0.2538 0.6979 0.0307 0.0201
35 0.4867 0.8073 0.0712 0.0215
35 0.3790 0.5746 0.0461 0.0217
1 0.8112 0.6135 0.0430 0.1306
35 0.4367 0.3568 0.0510 0.0124
35 0.5840 0.6244 0.1069 0.0143
1 0.4313 0.6052 0.8406 0.7854
