51 0.5292 0.5045 0.7888 0.9685
56 0.5947 0.7282 0.0706 0.1200
56 0.3770 0.6633 0.0768 0.1079
57 0.5646 0.7846 0.0658 0.1043
57 0.7635 0.4325 0.0326 0.0629
57 0.6979 0.2706 0.0292 0.0469
57 0.3341 0.4531 0.0419 0.0599
57 0.5530 0.5671 0.0652 0.0513
57 0.5081 0.7704 0.0340 0.0516
56 0.3164 0.5929 0.0429 0.0612
56 0.3767 0.3203 0.0915 0.0800
56 0.6111 0.1996 0.0218 0.0297
56 0.4849 0.5025 0.0367 0.0519
56 0.4758 0.2891 0.0543 0.0857
56 0.7264 0.7097 0.0337 0.0809
56 0.5030 0.1739 0.0555 0.0681
56 0.2423 0.4757 0.0833 0.1011
57 0.3921 0.5273 0.0618 0.0666
57 0.4466 0.5585 0.0804 0.0571
