28 0.3224 0.4529 0.2586 0.1063
28 0.7529 0.3931 0.1785 0.0372
28 0.8892 0.4129 0.2156 0.1281
28 0.5227 0.4020 0.0807 0.0178
28 0.6280 0.4190 0.1552 0.0457
28 0.3808 0.3824 0.0977 0.0420
3 0.0604 0.5637 0.1140 0.2644
1 0.6069 0.5026 0.0927 0.1631
1 0.7386 0.5118 0.1088 0.2124
1 0.4442 0.5070 0.0743 0.1198
27 0.7273 0.4784 0.0693 0.0805
31 0.8161 0.5360 0.0488 0.0378
31 0.3775 0.5472 0.0737 0.0852
3 0.1249 0.4797 0.2296 0.2050
8 0.1099 0.4824 0.2194 0.2047
10 0.8385 0.0883 0.0872 0.0457
27 0.2764 0.5387 0.0900 0.0768
1 0.5235 0.4653 0.0483 0.1017
1 0.9490 0.6898 0.1019 0.4385
1 0.3327 0.5693 0.0872 0.1537
6 0.8425 0.4076 0.3150 0.3324
1 0.2327 0.4185 0.0320 0.0248
1 0.2681 0.5365 0.0726 0.0779
28 0.2346 0.4002 0.0583 0.0128
