62 0.1434 0.1280 0.1560 0.0768
1 0.4710 0.5926 0.5197 0.7155
1 0.0516 0.3027 0.0750 0.1476
15 0.5852 0.2792 0.0950 0.0694
43 0.3338 0.5456 0.0662 0.1540
1 0.3291 0.1525 0.0601 0.0485
1 0.3827 0.1483 0.1126 0.0496
43 0.3446 0.5588 0.0325 0.0535
62 0.5958 0.2914 0.0709 0.0475
64 0.7519 0.2640 0.1220 0.0764
1 0.6362 0.2552 0.1256 0.0919
1 0.2413 0.1237 0.1827 0.2457
1 0.3860 0.0881 0.0686 0.0608
1 0.4719 0.1492 0.1206 0.0565
1 0.6613 0.1426 0.1161 0.0402
1 0.7651 0.1391 0.1296 0.0427
1 0.7639 0.0918 0.0723 0.0740
1 0.5539 0.1209 0.0667 0.0542
1 0.9297 0.1284 0.0671 0.0393
1 0.4988 0.1000 0.9976 0.2000
