51 0.7148 0.3459 0.4161 0.4989
51 0.2975 0.5303 0.4938 0.5798
67 0.5000 0.5000 1.0000 1.0000
81 0.9034 0.4146 0.1921 0.8202
56 0.4306 0.5865 0.1197 0.1708
56 0.2551 0.7078 0.1130 0.1252
56 0.7371 0.4904 0.1491 0.1127
56 0.6455 0.2227 0.1045 0.1820
56 0.5596 0.2614 0.0573 0.0562
56 0.7762 0.5377 0.0898 0.0675
56 0.5949 0.4373 0.0431 0.0447
56 0.7518 0.2218 0.0631 0.1011
56 0.7041 0.2404 0.0469 0.0498
56 0.1742 0.4090 0.0479 0.0477
56 0.7122 0.3033 0.0460 0.0649
56 0.7517 0.4152 0.0731 0.0837
56 0.2406 0.4370 0.0221 0.0283
56 0.6242 0.3656 0.0516 0.0396
