85 0.4860 0.2969 0.0233 0.0484
67 0.4974 0.8030 0.7106 0.3767
50 0.4692 0.7381 0.0680 0.0484
62 0.0769 0.6804 0.1326 0.3540
62 0.1966 0.6133 0.1026 0.2563
62 0.2824 0.6298 0.0855 0.1819
62 0.4939 0.5804 0.0920 0.1526
62 0.7635 0.5982 0.0583 0.1840
62 0.4203 0.6024 0.0728 0.1705
62 0.8357 0.6219 0.0915 0.1828
62 0.6627 0.8207 0.1619 0.3258
62 0.8259 0.8008 0.1949 0.3985
62 0.7112 0.5975 0.0761 0.1566
62 0.1356 0.8122 0.2322 0.3750
51 0.5271 0.6764 0.1020 0.1013
51 0.3181 0.8192 0.0897 0.0534
51 0.6313 0.6545 0.0491 0.0326
62 0.3416 0.5870 0.1130 0.2073
67 0.6379 0.6042 0.0983 0.0302
50 0.3278 0.7294 0.0148 0.0118
