28 0.5554 0.5209 0.2593 0.2330
28 0.0839 0.4144 0.0909 0.0377
32 0.5508 0.6615 0.0261 0.1118
77 0.8604 0.5330 0.0154 0.0229
77 0.0330 0.7273 0.0460 0.1110
1 0.3646 0.6875 0.1376 0.4024
1 0.7396 0.7067 0.1003 0.4479
1 0.8796 0.5193 0.0392 0.0841
1 0.9656 0.6317 0.0688 0.3236
1 0.8900 0.5770 0.0913 0.1538
1 0.5309 0.7877 0.0968 0.4247
1 0.1861 0.5901 0.1352 0.2272
1 0.2519 0.6386 0.0930 0.3583
1 0.8382 0.6479 0.0590 0.3167
1 0.4123 0.6842 0.0898 0.4466
1 0.7882 0.6322 0.0462 0.3164
1 0.6919 0.5474 0.0377 0.1172
77 0.2351 0.6743 0.0130 0.0329
1 0.8128 0.6150 0.0309 0.3145
1 0.4680 0.6740 0.9359 0.6479
