37 0.3741 0.7306 0.0121 0.0148
1 0.2931 0.5803 0.0248 0.0709
1 0.3428 0.5756 0.0159 0.0626
1 0.5233 0.7815 0.1739 0.2518
43 0.4017 0.7631 0.0771 0.0541
43 0.8239 0.5500 0.0468 0.0321
43 0.2861 0.5639 0.0084 0.0102
37 0.3173 0.6705 0.0048 0.0068
37 0.3070 0.6519 0.0057 0.0074
37 0.3888 0.6514 0.0040 0.0050
1 0.9115 0.5281 0.0214 0.0306
37 0.6165 0.6419 0.0045 0.0061
37 0.2529 0.6616 0.0056 0.0083
37 0.3673 0.6586 0.0052 0.0074
37 0.5055 0.6472 0.0057 0.0064
37 0.9967 0.5777 0.0028 0.0043
1 0.8620 0.5741 0.0392 0.2078
