50 0.7230 0.3399 0.5539 0.5512
56 0.4729 0.6847 0.1200 0.1835
56 0.3937 0.4522 0.1515 0.1476
56 0.3820 0.7106 0.0955 0.1961
56 0.2248 0.6073 0.0891 0.1403
56 0.7156 0.8369 0.1270 0.1737
56 0.7891 0.7546 0.0868 0.1491
56 0.5373 0.9140 0.1498 0.1721
57 0.2081 0.6043 0.0377 0.2099
57 0.2626 0.6606 0.0650 0.1358
57 0.5910 0.6710 0.0367 0.0779
57 0.3128 0.4471 0.0228 0.0487
56 0.2859 0.5159 0.1277 0.1780
56 0.5274 0.3274 0.1151 0.1287
56 0.3089 0.8240 0.1831 0.3411
56 0.8379 0.6305 0.0709 0.0738
67 0.0891 0.8063 0.1782 0.3408
57 0.5077 0.3955 0.0390 0.0701
57 0.3424 0.7844 0.0729 0.2509
57 0.5843 0.9045 0.0235 0.0649
57 0.2455 0.8028 0.0410 0.1142
57 0.6489 0.2965 0.0446 0.0505
57 0.9076 0.7484 0.0470 0.0688
57 0.1701 0.5760 0.0382 0.1581
57 0.8007 0.6482 0.0280 0.0271
56 0.4062 0.5599 0.1313 0.1378
57 0.4938 0.8031 0.7625 0.2021
