7 0.3440 0.7725 0.4308 0.2072
1 0.3936 0.8881 0.0731 0.2238
1 0.6559 0.7926 0.0277 0.0953
1 0.7541 0.7864 0.0447 0.1075
1 0.7943 0.7752 0.0333 0.0812
1 0.6390 0.9069 0.1005 0.1863
1 0.8398 0.7804 0.0363 0.0962
1 0.0881 0.8619 0.0540 0.1206
7 0.7234 0.7336 0.4227 0.1941
1 0.8161 0.9026 0.0710 0.1920
1 0.8777 0.9283 0.0834 0.1434
1 0.9623 0.7880 0.0348 0.1554
1 0.9371 0.7847 0.0325 0.0940
31 0.7859 0.7829 0.0177 0.0475
64 0.9011 0.8518 0.1418 0.1388
64 0.4874 0.8838 0.0592 0.1411
85 0.1736 0.6613 0.0215 0.0317
85 0.9041 0.6282 0.0170 0.0274
1 0.6913 0.7988 0.0282 0.1064
1 0.4707 0.9447 0.0902 0.1072
1 0.3164 0.8765 0.5609 0.2424
