21 0.4724 0.5466 0.5900 0.5150
21 0.5523 0.6051 0.5924 0.3319
1 0.5755 0.3851 0.0770 0.1558
1 0.7742 0.3870 0.0563 0.0997
1 0.9197 0.3899 0.0246 0.0807
1 0.3399 0.3819 0.0202 0.0387
1 0.2699 0.3792 0.0210 0.0406
1 0.3107 0.3749 0.0330 0.0597
1 0.8591 0.3932 0.0223 0.0433
1 0.9044 0.3929 0.0151 0.0459
1 0.9513 0.3950 0.0206 0.0414
1 0.2880 0.3778 0.0214 0.0435
1 0.6975 0.3779 0.0051 0.0064
1 0.0621 0.3724 0.0228 0.0438
1 0.0867 0.3726 0.0228 0.0397
27 0.4677 0.3374 0.0580 0.0544
1 0.4836 0.3531 0.9346 0.1406
