18 0.5729 0.5589 0.0842 0.0804
1 0.5228 0.1750 0.0225 0.0951
1 0.7274 0.7799 0.3138 0.4183
1 0.4177 0.1923 0.0220 0.0921
1 0.4796 0.1899 0.0243 0.0896
1 0.4575 0.1873 0.0204 0.0915
1 0.4971 0.1846 0.0160 0.0851
1 0.5441 0.1719 0.0207 0.0806
1 0.6226 0.1359 0.0251 0.0521
1 0.5736 0.1275 0.0186 0.0243
34 0.4947 0.3560 0.0228 0.0163
1 0.1965 0.4985 0.3930 0.9971
1 0.9771 0.1308 0.0157 0.0858
15 0.6259 0.1778 0.0738 0.0454
15 0.8321 0.1448 0.0968 0.0204
1 0.5478 0.9045 0.1618 0.1685
1 0.4421 0.1901 0.0301 0.0866
15 0.6971 0.1631 0.0750 0.0240
15 0.8274 0.1634 0.1110 0.0286
1 0.6813 0.5125 0.5594 0.8250
