3 0.2866 0.4143 0.0503 0.0210
3 0.7220 0.4179 0.0334 0.0266
1 0.4258 0.5949 0.1024 0.3947
1 0.5051 0.6867 0.0714 0.2381
3 0.5025 0.4089 0.0385 0.0257
1 0.3409 0.4369 0.0187 0.0598
15 0.1449 0.5997 0.1186 0.1616
15 0.2870 0.4789 0.0380 0.0485
15 0.3150 0.4540 0.0348 0.0324
27 0.4980 0.6766 0.0528 0.0953
9 0.9489 0.8176 0.1021 0.2311
9 0.7932 0.6403 0.4134 0.1419
9 0.6675 0.5451 0.3143 0.1164
15 0.3266 0.4464 0.0084 0.0130
3 0.6156 0.4034 0.0167 0.0210
9 0.1304 0.4976 0.0413 0.0423
9 0.0389 0.5543 0.0778 0.0420
9 0.9402 0.5128 0.1197 0.0315
9 0.8405 0.4697 0.3190 0.0537
9 0.0792 0.5318 0.0914 0.0282
9 0.1477 0.4557 0.0730 0.0314
9 0.1762 0.4414 0.0585 0.0241
1 0.8877 0.5646 0.0081 0.0219
9 0.0186 0.6246 0.0372 0.0567
