18 0.4810 0.4485 0.1027 0.2869
44 0.8648 0.5116 0.0316 0.1172
52 0.5702 0.9681 0.0447 0.0638
52 0.4560 0.7378 0.0328 0.0250
52 0.5430 0.7320 0.0264 0.0395
52 0.7509 0.7474 0.1006 0.1601
52 0.8683 0.7195 0.0886 0.1162
52 0.8132 0.8161 0.0278 0.0389
52 0.6735 0.8288 0.1697 0.2428
52 0.4818 0.8244 0.0235 0.0387
52 0.2918 0.8147 0.0225 0.0378
52 0.2503 0.7071 0.0334 0.0241
52 0.3794 0.7470 0.0246 0.0290
52 0.3178 0.7473 0.0846 0.0779
52 0.2531 0.7453 0.0150 0.0150
52 0.5081 0.7168 0.0163 0.0297
52 0.4177 0.6540 0.0763 0.0519
52 0.5047 0.7745 0.9875 0.3528
