3 0.0946 0.5417 0.0613 0.0880
3 0.0326 0.5319 0.0641 0.0525
3 0.2237 0.5551 0.0541 0.0994
1 0.5176 0.6115 0.1450 0.1690
1 0.7432 0.6293 0.1057 0.2561
1 0.6511 0.5717 0.0483 0.1753
1 0.7957 0.5586 0.0763 0.2033
1 0.7154 0.5043 0.0341 0.0564
1 0.5677 0.5787 0.0765 0.1645
1 0.5200 0.5246 0.0423 0.0505
1 0.4038 0.5693 0.0545 0.1038
1 0.5940 0.5732 0.0388 0.1194
1 0.6873 0.6388 0.1030 0.2260
1 0.6122 0.5453 0.0125 0.0269
1 0.6854 0.5517 0.0460 0.0992
3 0.6339 0.5027 0.0885 0.0252
1 0.4733 0.5425 0.0563 0.0841
3 0.0052 0.5571 0.0100 0.0452
