37 0.2934 0.2972 0.0132 0.0172
39 0.4939 0.3681 0.0806 0.0546
1 0.2435 0.5667 0.1384 0.3314
1 0.6507 0.5207 0.2502 0.4181
1 0.5986 0.1657 0.0572 0.0633
1 0.4471 0.1420 0.0520 0.0966
1 0.5030 0.1639 0.0517 0.0751
1 0.3903 0.1500 0.0387 0.0849
1 0.4082 0.1724 0.0520 0.0593
1 0.2589 0.0816 0.0586 0.0913
1 0.8725 0.1585 0.0456 0.0771
1 0.7087 0.4357 0.0675 0.1380
1 0.7706 0.1543 0.0532 0.0823
40 0.4467 0.6589 0.0367 0.0520
1 0.3604 0.6171 0.2097 0.2553
1 0.2475 0.1729 0.0516 0.0607
1 0.6172 0.3667 0.2969 0.2417
