64 0.7377 0.7172 0.1572 0.3869
47 0.8715 0.8884 0.0932 0.2035
74 0.7100 0.9638 0.0673 0.0723
76 0.4952 0.8276 0.3750 0.1390
47 0.6573 0.7289 0.0619 0.1004
47 0.3949 0.2056 0.0600 0.1161
84 0.9027 0.1045 0.1265 0.0497
86 0.7460 0.7946 0.0804 0.2252
72 0.5005 0.4773 0.2550 0.2826
84 0.8076 0.1542 0.0284 0.0828
47 0.1825 0.1719 0.0587 0.1253
84 0.1482 0.3496 0.1576 0.1440
84 0.7475 0.2238 0.1425 0.0335
84 0.8312 0.1721 0.0345 0.1250
84 0.0874 0.8907 0.1536 0.0984
84 0.7477 0.2185 0.1301 0.0300
84 0.9094 0.1541 0.1085 0.0256
84 0.6337 0.2141 0.0843 0.0356
84 0.8832 0.4421 0.2325 0.2711
84 0.8102 0.1510 0.3766 0.2771
