9 0.3868 0.4919 0.2294 0.0614
1 0.2426 0.4601 0.0493 0.0819
9 0.6307 0.3335 0.0511 0.0482
9 0.7364 0.3015 0.1732 0.0944
9 0.5534 0.3038 0.1342 0.1116
9 0.8470 0.3092 0.0800 0.0743
9 0.8905 0.2988 0.0719 0.0851
9 0.9472 0.2896 0.0673 0.0937
9 0.2417 0.4869 0.1347 0.0861
9 0.2882 0.3031 0.0970 0.1177
1 0.4437 0.4627 0.0483 0.0651
1 0.3974 0.4811 0.0314 0.0772
9 0.0262 0.3498 0.0385 0.0662
9 0.9910 0.3001 0.0180 0.0221
1 0.5894 0.3044 0.0164 0.0710
1 0.3318 0.4736 0.0408 0.0827
1 0.3703 0.4739 0.0297 0.0614
9 0.3383 0.4044 0.3740 0.0917
1 0.6153 0.3074 0.0155 0.0212
