62 0.9401 0.2873 0.1197 0.2538
67 0.5150 0.6831 0.9700 0.5933
1 0.4400 0.3742 0.5172 0.7438
1 0.5072 0.3187 0.1578 0.2793
1 0.7677 0.2107 0.1167 0.1740
1 0.0909 0.7151 0.1818 0.5405
47 0.8398 0.8327 0.0985 0.2096
49 0.6877 0.5978 0.1147 0.0936
51 0.9336 0.9164 0.1312 0.1658
61 0.7152 0.6427 0.3149 0.2022
61 0.4160 0.7828 0.0698 0.0871
62 0.0944 0.4216 0.1468 0.1622
51 0.8656 0.5030 0.1775 0.1207
1 0.2114 0.6369 0.2914 0.5164
50 0.1150 0.8506 0.1328 0.0769
1 0.9450 0.2055 0.1099 0.4073
1 0.9302 0.2309 0.0731 0.1429
