7 0.6217 0.6516 0.1748 0.3888
1 0.2708 0.8419 0.0186 0.0960
1 0.3818 0.8247 0.0530 0.1978
1 0.3403 0.8950 0.0496 0.1572
1 0.1729 0.9192 0.0497 0.1616
1 0.2429 0.8451 0.0417 0.1755
1 0.2486 0.7736 0.0459 0.1201
1 0.3568 0.8564 0.0907 0.1431
1 0.4716 0.6195 0.0192 0.0721
1 0.5057 0.6247 0.0186 0.0868
1 0.3765 0.7293 0.0180 0.0490
15 0.2981 0.9220 0.0851 0.1560
15 0.3616 0.7601 0.0279 0.0736
31 0.2301 0.8300 0.0196 0.0805
1 0.5165 0.6576 0.0241 0.0975
31 0.2526 0.7430 0.0116 0.0269
31 0.3696 0.9041 0.0133 0.0395
64 0.1482 0.8039 0.0404 0.0761
64 0.2005 0.7472 0.0239 0.0610
64 0.2576 0.6753 0.0538 0.0897
64 0.3074 0.7132 0.0492 0.0784
64 0.0471 0.9131 0.0569 0.1125
1 0.4876 0.5293 0.0081 0.0349
1 0.4913 0.6200 0.0135 0.0907
1 0.4914 0.5895 0.0984 0.1446
