47 0.8479 0.4093 0.1677 0.1875
49 0.8146 0.8604 0.3708 0.2786
51 0.6853 0.1723 0.2394 0.0449
52 0.6715 0.1281 0.0953 0.0489
52 0.7226 0.1419 0.1829 0.0324
55 0.7556 0.6265 0.1882 0.1068
55 0.6525 0.3632 0.3514 0.2235
55 0.4408 0.8294 0.2165 0.1859
55 0.2400 0.8291 0.1788 0.1529
55 0.3119 0.7051 0.2032 0.1222
55 0.1412 0.9616 0.2602 0.0768
55 0.2983 0.5989 0.1892 0.1244
55 0.4472 0.5650 0.1663 0.1156
55 0.5106 0.7233 0.1954 0.1388
55 0.5241 0.6441 0.1939 0.0914
55 0.6290 0.5835 0.1498 0.1119
55 0.7987 0.7370 0.2076 0.1274
47 0.3921 0.4075 0.2205 0.2046
67 0.5000 0.6818 1.0000 0.6104
55 0.8286 0.5707 0.1808 0.1045
55 0.5437 0.3555 0.8792 0.5203
