6 0.6244 0.5394 0.4545 0.5901
1 0.4039 0.7907 0.0800 0.2626
1 0.4064 0.9509 0.0835 0.0785
1 0.2897 0.6991 0.0716 0.2191
1 0.3724 0.5332 0.0371 0.1820
1 0.4112 0.5194 0.0365 0.2031
1 0.2341 0.7494 0.0620 0.2734
1 0.4801 0.9375 0.0860 0.1239
32 0.3456 0.8555 0.0172 0.1320
77 0.4135 0.7092 0.0107 0.0207
31 0.3945 0.5124 0.0193 0.0777
1 0.2988 0.9049 0.0882 0.1902
1 0.3318 0.6060 0.0610 0.2288
3 0.9174 0.4859 0.1651 0.1695
3 0.9317 0.3913 0.1365 0.0650
3 0.7294 0.3521 0.1556 0.0989
3 0.6726 0.3020 0.0771 0.0457
31 0.2450 0.6987 0.0148 0.0861
1 0.3434 0.8557 0.1000 0.2862
1 0.0795 0.6426 0.0634 0.2018
3 0.7804 0.3408 0.0916 0.0996
3 0.4792 0.2469 0.0617 0.0354
3 0.5261 0.2538 0.0421 0.0433
3 0.3319 0.2046 0.0214 0.0246
3 0.2504 0.2246 0.0790 0.0621
1 0.3440 0.4424 0.0512 0.1142
27 0.0635 0.5719 0.0310 0.0640
27 0.3170 0.6954 0.0269 0.1391
27 0.4621 0.2180 0.0051 0.0137
27 0.9788 0.3154 0.0144 0.0225
