62 0.6526 0.3853 0.0728 0.1218
1 0.3415 0.5549 0.0972 0.2646
1 0.7365 0.4506 0.0978 0.4292
1 0.5865 0.5837 0.4598 0.4451
1 0.1644 0.5260 0.1257 0.2861
1 0.0923 0.4109 0.1057 0.4645
1 0.3613 0.3264 0.1011 0.2966
1 0.4264 0.5814 0.2465 0.4428
34 0.3102 0.6647 0.0549 0.0647
1 0.9860 0.3148 0.0280 0.2372
1 0.5879 0.3763 0.0963 0.4646
27 0.5185 0.4446 0.0421 0.0496
1 0.2725 0.3399 0.1025 0.3652
1 0.4600 0.3333 0.1000 0.3321
2 0.0438 0.2752 0.0402 0.0465
33 0.8450 0.4256 0.0706 0.0422
27 0.6281 0.2496 0.0148 0.0236
27 0.6913 0.4411 0.0363 0.0511
1 0.2552 0.5545 0.1208 0.2623
31 0.6909 0.4389 0.0349 0.0513
31 0.8451 0.4271 0.0704 0.0414
