47 0.5682 0.5957 0.0598 0.1154
47 0.4759 0.6889 0.0348 0.0800
47 0.4242 0.6168 0.0270 0.0666
48 0.4757 0.7476 0.0613 0.0490
49 0.4336 0.7618 0.0746 0.0469
49 0.6193 0.7491 0.0412 0.0187
50 0.4705 0.6642 0.0747 0.0177
67 0.5929 0.7669 0.5845 0.4662
1 0.2267 0.6933 0.2612 0.6135
1 0.7989 0.7371 0.3168 0.4989
1 0.7195 0.5226 0.1394 0.2695
1 0.6421 0.4404 0.1550 0.2157
1 0.6353 0.3961 0.0763 0.1404
1 0.5877 0.3944 0.0623 0.1241
1 0.0809 0.4622 0.1517 0.2112
1 0.3995 0.3321 0.0549 0.0517
1 0.1115 0.3425 0.0343 0.0563
1 0.5705 0.2596 0.0489 0.1056
47 0.6100 0.4878 0.0222 0.0407
47 0.4729 0.4245 0.0149 0.0290
47 0.4757 0.3750 0.0105 0.0220
51 0.5866 0.5307 0.0914 0.0546
67 0.4648 0.3962 0.0458 0.1068
1 0.5485 0.3671 0.0501 0.1128
1 0.5833 0.3212 0.0303 0.0460
47 0.6011 0.5865 0.0234 0.0545
50 0.4951 0.5602 0.0550 0.0203
67 0.5280 0.4701 0.2207 0.1533
67 0.0348 0.5481 0.0696 0.0531
67 0.2830 0.3759 0.0354 0.0362
1 0.3455 0.5756 0.1290 0.3956
47 0.6114 0.6997 0.0344 0.0757
1 0.2656 0.3875 0.5125 0.3083
