39 0.4584 0.7275 0.0951 0.0415
1 0.4590 0.4740 0.0652 0.1562
1 0.6126 0.1374 0.0304 0.0238
1 0.8672 0.3930 0.1086 0.1016
1 0.4811 0.8274 0.2070 0.2400
1 0.2034 0.8698 0.1128 0.1464
1 0.3457 0.4450 0.0656 0.1368
1 0.5125 0.1735 0.0250 0.0705
1 0.4969 0.2019 0.0279 0.0171
1 0.4511 0.1800 0.0327 0.0335
15 0.0869 0.1536 0.1738 0.0308
1 0.3173 0.2239 0.0496 0.0539
1 0.3603 0.2214 0.0601 0.0499
39 0.3460 0.9771 0.0236 0.0458
1 0.3309 0.2010 0.0220 0.0375
1 0.1144 0.8566 0.1508 0.2148
1 0.4325 0.1375 0.8565 0.2750
