3 0.4425 0.3199 0.2149 0.1365
3 0.5453 0.3136 0.0563 0.0709
3 0.1085 0.3383 0.2062 0.1080
3 0.1014 0.8097 0.1993 0.3604
1 0.3224 0.3740 0.1084 0.4231
1 0.2312 0.3207 0.0328 0.2087
1 0.1502 0.4096 0.1325 0.3714
32 0.3104 0.2903 0.0150 0.1243
32 0.3999 0.3159 0.0126 0.0947
31 0.3729 0.3334 0.0390 0.1562
2 0.2815 0.6783 0.3270 0.5438
2 0.6898 0.3720 0.0647 0.1564
2 0.7469 0.3719 0.0914 0.1570
2 0.7732 0.3880 0.1005 0.1442
2 0.8185 0.3808 0.0747 0.1605
2 0.6720 0.3639 0.0623 0.1641
2 0.8442 0.3744 0.0308 0.1455
4 0.0902 0.3619 0.0760 0.0975
27 0.3827 0.2860 0.0153 0.0573
1 0.3974 0.3774 0.1197 0.3295
