2 0.5834 0.8436 0.1360 0.1674
2 0.7535 0.7532 0.1188 0.2288
3 0.3624 0.6272 0.2301 0.2759
6 0.1739 0.4910 0.3418 0.9820
6 0.8706 0.4766 0.2151 0.1748
1 0.3932 0.5048 0.0375 0.1136
1 0.5682 0.6416 0.1169 0.3573
1 0.8791 0.5180 0.0413 0.1154
1 0.5294 0.5085 0.0248 0.0863
1 0.6645 0.5056 0.0242 0.0875
1 0.6899 0.5094 0.0166 0.0847
1 0.7098 0.5044 0.0321 0.0847
1 0.1658 0.4542 0.0444 0.2313
1 0.5793 0.5026 0.0145 0.0877
3 0.2696 0.4829 0.2172 0.0794
10 0.7931 0.2637 0.0247 0.0674
31 0.8754 0.5971 0.0405 0.0691
31 0.4166 0.5130 0.0193 0.0584
2 0.7045 0.5358 0.0239 0.0636
2 0.8731 0.7096 0.0358 0.1725
27 0.5339 0.7936 0.0916 0.1072
1 0.7675 0.6533 0.1201 0.3654
