44 0.8470 0.6669 0.0382 0.0799
44 0.1513 0.4314 0.0291 0.1185
44 0.4598 0.2054 0.0062 0.0361
44 0.4325 0.3355 0.0099 0.0390
44 0.5074 0.3343 0.0082 0.0331
44 0.5243 0.3254 0.0125 0.0457
44 0.7003 0.3365 0.0338 0.1109
1 0.1404 0.5791 0.2792 0.5600
1 0.1514 0.3610 0.1262 0.1178
1 0.2648 0.3237 0.0929 0.2424
1 0.3862 0.3877 0.1033 0.1628
47 0.8398 0.8404 0.0956 0.1700
73 0.3120 0.5589 0.1377 0.2299
74 0.3203 0.6622 0.0434 0.0381
46 0.1418 0.4037 0.0236 0.0454
46 0.2294 0.4211 0.0233 0.0615
46 0.1847 0.4029 0.0254 0.0313
46 0.1686 0.5103 0.0479 0.1307
47 0.3586 0.6505 0.0701 0.0991
47 0.2099 0.5017 0.0366 0.0580
47 0.5123 0.5186 0.0347 0.0530
59 0.9213 0.7554 0.0984 0.0550
73 0.1563 0.4737 0.1267 0.1426
73 0.9080 0.6346 0.1840 0.2401
73 0.5897 0.5097 0.1372 0.1075
74 0.7924 0.6359 0.0415 0.0494
77 0.1423 0.5623 0.0390 0.0240
81 0.4763 0.3497 0.0541 0.0142
44 0.4674 0.2126 0.0083 0.0256
44 0.7160 0.3577 0.0305 0.0824
47 0.1929 0.5316 0.0415 0.0773
62 0.7623 0.5113 0.1545 0.1384
62 0.4411 0.4414 0.0325 0.0994
62 0.0589 0.8934 0.1172 0.2016
62 0.1877 0.9662 0.2056 0.0677
74 0.1195 0.5109 0.0102 0.0031
82 0.6239 0.3414 0.0688 0.2492
73 0.5518 0.7477 0.3808 0.4119
1 0.8843 0.4859 0.2306 0.3188
