54 0.0939 0.3974 0.0523 0.0287
67 0.5000 0.6497 1.0000 0.7006
1 0.8663 0.2711 0.2671 0.5422
1 0.3043 0.1099 0.1724 0.2197
1 0.0626 0.1890 0.1248 0.3735
1 0.1415 0.1618 0.1813 0.3146
50 0.6432 0.8010 0.1555 0.1410
61 0.5181 0.6400 0.2450 0.2138
86 0.4254 0.3716 0.1172 0.1644
1 0.4372 0.0764 0.0813 0.1483
51 0.1457 0.5269 0.1666 0.1367
51 0.9499 0.5062 0.1001 0.1039
61 0.2539 0.4093 0.0381 0.0350
61 0.3050 0.4053 0.0443 0.0371
1 0.6325 0.1801 0.1130 0.3603
31 0.2409 0.2506 0.2154 0.2468
49 0.6360 0.7936 0.1742 0.1566
54 0.1037 0.4214 0.0458 0.0211
54 0.1380 0.4228 0.0299 0.0319
54 0.6625 0.4469 0.0560 0.0427
54 0.6113 0.4372 0.0461 0.0520
1 0.7224 0.1900 0.1053 0.3799
54 0.6649 0.4189 0.0695 0.0508
54 0.5864 0.4469 0.0482 0.0314
54 0.7220 0.3928 0.0460 0.0546
54 0.0685 0.4305 0.0340 0.0368
54 0.0367 0.4207 0.0572 0.0498
54 0.6449 0.3811 0.0304 0.0592
54 0.5680 0.3727 0.0213 0.0338
54 0.0786 0.3863 0.0444 0.0381
