3 0.2509 0.3515 0.0956 0.0739
3 0.6925 0.3011 0.2289 0.0414
6 0.1073 0.2744 0.2146 0.3588
7 0.1022 0.2917 0.2044 0.3329
1 0.6471 0.5194 0.2280 0.4944
77 0.6928 0.3503 0.0054 0.0137
77 0.7043 0.3303 0.0165 0.0087
1 0.8738 0.3448 0.0530 0.1106
8 0.8487 0.2928 0.1499 0.0658
31 0.6088 0.4468 0.0764 0.0716
44 0.5388 0.4698 0.0869 0.1441
1 0.3217 0.3413 0.0549 0.0902
1 0.9085 0.3429 0.0447 0.1077
1 0.3971 0.6070 0.3377 0.6451
8 0.9588 0.3067 0.0825 0.1276
3 0.9606 0.3097 0.0783 0.1320
3 0.8515 0.2918 0.1353 0.0611
3 0.5757 0.2965 0.1269 0.0472
