1 0.1965 0.2909 0.1450 0.5819
1 0.7689 0.1936 0.0362 0.1649
1 0.6402 0.2022 0.0367 0.1441
1 0.6201 0.1963 0.0257 0.1342
1 0.9798 0.1359 0.0404 0.0600
52 0.2161 0.7611 0.0286 0.1054
52 0.4510 0.7670 0.0353 0.0804
52 0.3474 0.8702 0.0824 0.0825
52 0.3998 0.8649 0.0484 0.1155
52 0.1569 0.6722 0.0476 0.0265
52 0.8262 0.4373 0.0332 0.0527
52 0.9513 0.6735 0.0418 0.0326
52 0.9442 0.2974 0.0081 0.0165
52 0.8802 0.2748 0.0408 0.0821
1 0.8183 0.2353 0.0646 0.1376
52 0.8470 0.4715 0.0809 0.0864
52 0.6533 0.5568 0.0981 0.0924
52 0.1758 0.9232 0.1328 0.1146
52 0.0741 0.6984 0.1089 0.2062
1 0.3836 0.2697 0.1202 0.4213
52 0.4992 0.5208 0.9984 0.9542
