18 0.2522 0.8116 0.3430 0.3767
64 0.9285 0.8098 0.1100 0.1986
64 0.8789 0.4848 0.0938 0.1406
18 0.3131 0.5889 0.1162 0.2652
62 0.7984 0.8112 0.4031 0.3505
62 0.4748 0.3358 0.1508 0.2974
62 0.6235 0.2802 0.1466 0.1841
1 0.6567 0.6456 0.3530 0.6592
1 0.4560 0.5092 0.1188 0.3316
1 0.2332 0.3720 0.1870 0.6944
47 0.4665 0.6971 0.0408 0.0926
47 0.5068 0.6725 0.0314 0.0462
51 0.4564 0.6636 0.0718 0.0568
48 0.5007 0.6123 0.0251 0.0850
57 0.4286 0.7105 0.0444 0.0598
49 0.4425 0.6418 0.0172 0.0249
62 0.3609 0.2749 0.1084 0.2279
64 0.0747 0.4134 0.0925 0.2162
67 0.4494 0.8383 0.1570 0.2176
57 0.5135 0.5690 0.0106 0.0190
