67 0.5000 0.8243 1.0000 0.3513
49 0.2990 0.8866 0.0302 0.0751
59 0.6300 0.7983 0.1198 0.1028
59 0.4717 0.8168 0.1012 0.0845
59 0.3319 0.8213 0.1222 0.0975
59 0.1865 0.8235 0.1371 0.0941
1 0.5042 0.4146 0.1231 0.5506
1 0.1764 0.3994 0.2181 0.5847
1 0.2757 0.3906 0.1053 0.6090
1 0.3636 0.3941 0.1260 0.5924
1 0.5388 0.1581 0.0764 0.2099
1 0.5920 0.3739 0.0897 0.6127
1 0.6405 0.3718 0.0964 0.6251
1 0.7000 0.3730 0.1270 0.6157
1 0.8500 0.3621 0.1372 0.6166
1 0.7843 0.3416 0.0758 0.6594
1 0.0963 0.4298 0.1453 0.5316
1 0.4327 0.3885 0.0817 0.6042
31 0.6396 0.2431 0.0192 0.0433
49 0.2243 0.8540 0.0276 0.0191
59 0.9680 0.7403 0.0640 0.0725
62 0.9726 0.4014 0.0548 0.1534
31 0.3363 0.3851 0.0733 0.3896
31 0.7891 0.2316 0.0461 0.1648
31 0.7955 0.4653 0.0475 0.1642
31 0.5344 0.2122 0.0314 0.0482
48 0.3106 0.8788 0.0406 0.1032
48 0.8802 0.8364 0.0907 0.0898
48 0.5069 0.7601 0.0754 0.0284
49 0.5130 0.7612 0.0875 0.0099
59 0.0272 0.7757 0.0543 0.0869
59 0.8311 0.7825 0.1206 0.1029
67 0.9512 0.2881 0.0709 0.0399
48 0.2238 0.8554 0.0315 0.0273
