39 0.5652 0.4410 0.0263 0.0853
39 0.8546 0.5582 0.0734 0.0948
39 0.4778 0.6977 0.1197 0.0697
1 0.6309 0.6655 0.1502 0.5853
1 0.3434 0.7000 0.1673 0.6000
1 0.4371 0.5434 0.0694 0.1966
1 0.9213 0.6346 0.1137 0.4948
1 0.8174 0.5517 0.0809 0.3124
1 0.1026 0.5504 0.0271 0.1673
40 0.4602 0.5488 0.0208 0.0170
1 0.4886 0.5608 0.0819 0.3138
31 0.8339 0.8101 0.1410 0.0934
31 0.6923 0.8003 0.1177 0.0940
31 0.9090 0.9407 0.1820 0.0984
31 0.5095 0.7815 0.1399 0.0828
31 0.0276 0.9380 0.0553 0.0858
1 0.9545 0.5430 0.0355 0.1611
8 0.0464 0.5068 0.0417 0.0231
27 0.4634 0.8946 0.1278 0.1522
40 0.7178 0.7790 0.0549 0.0512
1 0.5618 0.5511 0.0544 0.2539
39 0.6401 0.4240 0.0501 0.0977
31 0.7376 0.7424 0.1053 0.0553
31 0.6838 0.7238 0.0280 0.0675
