67 0.5000 0.4949 1.0000 0.9865
46 0.2688 0.3131 0.4772 0.4068
48 0.8113 0.0198 0.1059 0.0396
49 0.1584 0.0704 0.1263 0.1187
50 0.1162 0.0482 0.1602 0.0935
51 0.1042 0.3888 0.2083 0.3461
57 0.7705 0.6974 0.1687 0.0990
57 0.4027 0.5253 0.1233 0.0987
57 0.4059 0.8228 0.1569 0.1015
57 0.5944 0.7871 0.0716 0.1068
57 0.5506 0.8153 0.0599 0.1013
57 0.2305 0.7506 0.2076 0.0659
57 0.3398 0.8221 0.1215 0.0968
57 0.2641 0.7117 0.2064 0.3010
57 0.7864 0.5627 0.1581 0.0978
57 0.5896 0.5116 0.0861 0.0871
57 0.6365 0.5019 0.0819 0.0865
