54 0.6573 0.2978 0.0809 0.1191
54 0.2686 0.5438 0.2187 0.1797
54 0.6394 0.2273 0.0799 0.0983
44 0.6348 0.5347 0.0692 0.2372
67 0.5001 0.5283 0.9951 0.9036
47 0.4552 0.1574 0.1129 0.1917
48 0.3475 0.6838 0.2165 0.2078
48 0.7278 0.4162 0.1209 0.0999
49 0.7148 0.3954 0.1092 0.1313
50 0.7322 0.8074 0.1414 0.2318
60 0.8428 0.5978 0.1030 0.2259
60 0.7730 0.5865 0.0594 0.1348
86 0.3223 0.1292 0.1289 0.2404
62 0.9126 0.2607 0.1748 0.5138
47 0.3336 0.2776 0.1282 0.2226
51 0.6145 0.8099 0.1552 0.2386
49 0.1884 0.4116 0.1754 0.1365
