7 0.5629 0.5657 0.3404 0.2584
1 0.6027 0.5994 0.0468 0.1693
1 0.8509 0.7422 0.1009 0.2780
1 0.9636 0.6190 0.0452 0.1860
27 0.9704 0.5790 0.0354 0.0652
33 0.7968 0.8195 0.0450 0.0568
33 0.6276 0.6529 0.0268 0.0498
1 0.8360 0.5916 0.0334 0.1000
1 0.7059 0.5688 0.0169 0.0604
1 0.7220 0.5679 0.0153 0.0656
31 0.5903 0.6137 0.0097 0.0576
31 0.9363 0.6581 0.0233 0.0556
32 0.6080 0.5510 0.0043 0.0209
1 0.6764 0.5880 0.0359 0.1624
27 0.9132 0.5612 0.0483 0.0984
27 0.9354 0.6589 0.0201 0.0532
33 0.9499 0.8364 0.0843 0.1636
1 0.8857 0.5738 0.0181 0.0951
1 0.8637 0.5720 0.0111 0.0665
31 0.8271 0.6074 0.0127 0.0192
31 0.5818 0.5938 0.0183 0.0416
32 0.8345 0.5631 0.0052 0.0074
1 0.8724 0.5812 0.0183 0.0854
1 0.9846 0.5462 0.0190 0.0276
