1 0.3744 0.5676 0.0548 0.2455
1 0.6803 0.5523 0.0501 0.1608
1 0.7498 0.5643 0.0640 0.1688
1 0.9014 0.4320 0.0104 0.0255
1 0.7304 0.3969 0.0079 0.0234
35 0.7544 0.6490 0.0965 0.0266
35 0.6828 0.6322 0.1028 0.0201
1 0.3221 0.4362 0.0062 0.0164
1 0.1948 0.4834 0.0385 0.0282
1 0.4508 0.4099 0.0071 0.0183
1 0.7164 0.4870 0.0101 0.0386
1 0.7375 0.4845 0.0112 0.0274
1 0.9246 0.3890 0.0034 0.0101
1 0.4394 0.4139 0.0076 0.0133
1 0.7550 0.3925 0.0037 0.0197
35 0.3828 0.6722 0.1546 0.0190
1 0.3766 0.4249 0.4062 0.0983
