21 0.4744 0.6323 0.5272 0.5462
3 0.1410 0.2893 0.2820 0.2473
4 0.3786 0.3239 0.0536 0.1279
4 0.1081 0.4816 0.1471 0.2847
1 0.2600 0.2238 0.0447 0.1170
1 0.8909 0.3028 0.0641 0.1024
1 0.0795 0.3713 0.0986 0.3455
1 0.3276 0.2740 0.0765 0.1915
1 0.6975 0.2697 0.0581 0.2247
1 0.6460 0.2676 0.0538 0.1946
1 0.9453 0.3105 0.0646 0.1319
1 0.1236 0.3749 0.1191 0.3506
1 0.5065 0.2911 0.0687 0.2210
1 0.4289 0.2832 0.0620 0.2349
1 0.5680 0.2708 0.0596 0.2446
1 0.0679 0.2481 0.0697 0.1305
1 0.3784 0.2697 0.0614 0.1870
4 0.3279 0.3224 0.0757 0.1603
1 0.5531 0.2500 0.7250 0.2217
