22 0.6742 0.4548 0.2916 0.2874
22 0.2216 0.6303 0.4197 0.4292
1 0.3671 0.2899 0.1374 0.3226
1 0.2800 0.1932 0.0773 0.0982
1 0.6554 0.3621 0.1223 0.2102
1 0.6405 0.2390 0.0553 0.0834
1 0.6812 0.2698 0.0471 0.1207
1 0.7247 0.3084 0.0910 0.1753
1 0.7750 0.2664 0.0440 0.1326
1 0.8094 0.2239 0.0350 0.0865
1 0.8388 0.2425 0.0363 0.0796
1 0.9196 0.2642 0.0456 0.1306
1 0.4986 0.1918 0.0381 0.1149
27 0.7047 0.3055 0.0510 0.0932
27 0.2094 0.3717 0.0775 0.1953
1 0.8692 0.2387 0.0262 0.0816
1 0.4556 0.3268 0.0989 0.2349
1 0.5690 0.2067 0.2780 0.0827
