63 0.4792 0.6409 0.4649 0.2409
63 0.5462 0.5601 0.4510 0.1416
84 0.3546 0.2600 0.0094 0.0580
84 0.3272 0.1951 0.0183 0.0516
84 0.4969 0.4309 0.0138 0.0567
84 0.3165 0.1917 0.0113 0.0500
84 0.3311 0.2583 0.0069 0.0573
84 0.3560 0.3339 0.0046 0.0542
84 0.4690 0.2594 0.0075 0.0547
84 0.4697 0.1907 0.0072 0.0447
84 0.3871 0.1924 0.0084 0.0476
84 0.3157 0.3397 0.0112 0.0465
84 0.2740 0.1603 0.0039 0.0522
84 0.2450 0.1126 0.0285 0.1069
84 0.2433 0.2127 0.0312 0.0840
84 0.2937 0.2544 0.0062 0.0546
84 0.3717 0.2572 0.0072 0.0620
84 0.4156 0.2558 0.0074 0.0646
51 0.7926 0.5759 0.0538 0.0502
51 0.4096 0.3487 0.0199 0.0226
84 0.3395 0.1906 0.0064 0.0521
62 0.8546 0.7985 0.2908 0.4031
84 0.3688 0.2963 0.4719 0.5129
