41 0.2603 0.6459 0.0935 0.1104
41 0.3019 0.6079 0.0438 0.1945
41 0.9405 0.6932 0.0785 0.3113
41 0.8314 0.6471 0.0610 0.2567
41 0.4524 0.6679 0.0785 0.1307
27 0.4442 0.5909 0.0433 0.0965
1 0.2007 0.4528 0.0709 0.3709
41 0.2605 0.6093 0.0327 0.0432
1 0.2620 0.5150 0.0993 0.3647
1 0.3664 0.4754 0.1289 0.5096
1 0.6748 0.2989 0.0562 0.2023
1 0.6793 0.6015 0.2621 0.5215
1 0.4987 0.5337 0.0910 0.4247
1 0.9326 0.5469 0.1347 0.6545
1 0.7290 0.5253 0.1302 0.5673
1 0.2696 0.3401 0.0990 0.1587
1 0.2317 0.3237 0.0257 0.0478
27 0.5959 0.6943 0.0870 0.0783
41 0.7128 0.8410 0.1942 0.1148
