1 0.5495 0.6548 0.1785 0.4236
1 0.3112 0.6494 0.0786 0.3550
16 0.0942 0.6552 0.0209 0.0224
28 0.6742 0.3348 0.5079 0.5528
16 0.0281 0.6906 0.0369 0.0395
16 0.1114 0.6374 0.0188 0.0158
16 0.1528 0.6781 0.0240 0.0305
16 0.1448 0.6625 0.0379 0.0200
44 0.6822 0.6524 0.0238 0.0528
44 0.6626 0.6489 0.0173 0.0457
44 0.6460 0.6456 0.0232 0.0490
44 0.6187 0.6382 0.0228 0.0496
44 0.5030 0.4615 0.0096 0.0337
44 0.5142 0.4544 0.0122 0.0230
44 0.5665 0.4612 0.0167 0.0339
44 0.5510 0.4581 0.0147 0.0263
58 0.7423 0.5972 0.0564 0.0157
58 0.7492 0.6103 0.0393 0.0130
31 0.3306 0.6366 0.0775 0.0957
58 0.7473 0.6205 0.0309 0.0069
