64 0.9465 0.5288 0.0876 0.1887
64 0.0581 0.7341 0.1007 0.2837
72 0.2249 0.4986 0.2083 0.2506
1 0.2934 0.7485 0.1095 0.4273
1 0.5260 0.4575 0.0721 0.2494
1 0.5999 0.6011 0.0689 0.3884
1 0.4914 0.6800 0.1400 0.3051
75 0.6313 0.5540 0.0408 0.0308
75 0.4279 0.5698 0.0356 0.0413
84 0.6275 0.8569 0.1029 0.0779
84 0.1154 0.7777 0.0594 0.0593
47 0.5736 0.8531 0.0170 0.0418
62 0.8055 0.6179 0.1661 0.2748
62 0.9605 0.8464 0.0790 0.3072
75 0.5668 0.5587 0.0191 0.0274
84 0.5643 0.8957 0.0999 0.1062
85 0.8190 0.3537 0.0326 0.0454
3 0.6039 0.4142 0.0944 0.0599
3 0.6657 0.3345 0.0337 0.0350
84 0.2278 0.7042 0.0246 0.0493
84 0.0287 0.9143 0.0330 0.0779
84 0.2230 0.7106 0.0228 0.0430
62 0.2955 0.9710 0.1748 0.0580
75 0.5723 0.8556 0.0154 0.0399
75 0.5500 0.8435 0.0388 0.0502
1 0.6757 0.6532 0.1181 0.6052
