9 0.6886 0.3167 0.0186 0.0088
9 0.5193 0.5417 0.7768 0.2953
9 0.4705 0.3379 0.0343 0.0622
1 0.8790 0.4879 0.0116 0.0264
1 0.8383 0.4791 0.0105 0.0292
1 0.8656 0.4851 0.0131 0.0321
1 0.7601 0.4830 0.0057 0.0128
1 0.6936 0.4812 0.0162 0.0272
1 0.6571 0.4793 0.0120 0.0254
1 0.6263 0.4861 0.0158 0.0235
1 0.6545 0.4940 0.0107 0.0139
1 0.1969 0.5950 0.0128 0.0447
1 0.2198 0.5804 0.0093 0.0306
1 0.2092 0.5762 0.0101 0.0224
1 0.1756 0.5929 0.0169 0.0502
1 0.1863 0.5711 0.0098 0.0153
1 0.6660 0.4813 0.0101 0.0311
9 0.5092 0.3158 0.0125 0.0256
9 0.5864 0.3072 0.0065 0.0246
9 0.4145 0.3208 0.0286 0.0125
9 0.8498 0.2963 0.0385 0.0260
1 0.4945 0.5406 0.7484 0.1812
