40 0.3391 0.6060 0.0196 0.0529
1 0.3706 0.5696 0.1754 0.2898
1 0.0247 0.4026 0.0493 0.1797
1 0.1086 0.4064 0.0446 0.1749
1 0.2186 0.4063 0.0460 0.1934
1 0.3235 0.4054 0.0576 0.1810
1 0.9256 0.3878 0.0600 0.2322
1 0.6700 0.4133 0.0612 0.1807
1 0.7601 0.4049 0.0462 0.1880
1 0.8091 0.4118 0.0479 0.1740
62 0.6828 0.2786 0.0531 0.0490
62 0.5626 0.2466 0.0492 0.0222
62 0.6089 0.2474 0.0439 0.0175
62 0.6564 0.2470 0.0459 0.0175
62 0.5355 0.2788 0.0564 0.0467
62 0.5840 0.2805 0.0500 0.0473
62 0.6337 0.2813 0.0539 0.0511
62 0.7339 0.2777 0.0480 0.0458
62 0.7047 0.2456 0.0494 0.0196
62 0.8302 0.2758 0.0488 0.0400
62 0.8789 0.2808 0.0476 0.0457
62 0.9744 0.2780 0.0511 0.0488
1 0.2863 0.3936 0.0300 0.2026
1 0.2635 0.4088 0.0488 0.1869
1 0.3643 0.3983 0.0480 0.2012
1 0.4018 0.4045 0.0537 0.1734
62 0.7806 0.2800 0.0462 0.0495
1 0.4992 0.2817 0.9984 0.5634
62 0.4992 0.1732 0.9984 0.3463
