1 0.6800 0.6339 0.3276 0.7321
89 0.5219 0.3056 0.2093 0.2966
84 0.2177 0.2756 0.0132 0.1536
84 0.7451 0.2466 0.0253 0.0841
62 0.3322 0.7251 0.6002 0.5497
62 0.9065 0.8222 0.1870 0.3556
84 0.9518 0.4869 0.0194 0.2087
84 0.5144 0.8652 0.0300 0.0980
84 0.5830 0.6996 0.0638 0.1792
84 0.6234 0.4620 0.0342 0.1012
84 0.5768 0.9129 0.0070 0.0820
84 0.8678 0.5130 0.0286 0.1740
84 0.9328 0.4968 0.0158 0.1860
84 0.1531 0.2807 0.0237 0.1465
84 0.4447 0.0528 0.0135 0.1041
84 0.7468 0.0571 0.0270 0.1142
86 0.0742 0.4340 0.0194 0.0576
1 0.3396 0.5889 0.2925 0.8223
84 0.6944 0.2399 0.0403 0.0746
84 0.5102 0.4988 0.9766 0.9976
