64 0.9622 0.7860 0.0755 0.1644
64 0.4346 0.4789 0.2160 0.5473
84 0.5497 0.2856 0.0057 0.0599
84 0.7370 0.2926 0.0070 0.0482
84 0.7454 0.2893 0.0195 0.0514
84 0.7131 0.2915 0.0041 0.0530
84 0.7886 0.2907 0.0306 0.0531
3 0.8077 0.3694 0.0469 0.0294
44 0.7687 0.2159 0.0305 0.0633
44 0.6881 0.2071 0.0238 0.0688
44 0.6016 0.3683 0.0104 0.0564
44 0.6140 0.3671 0.0112 0.0550
67 0.8928 0.8900 0.2145 0.2199
84 0.5718 0.2687 0.0077 0.0261
84 0.5894 0.2877 0.0058 0.0581
84 0.5539 0.2861 0.0054 0.0574
86 0.7686 0.2136 0.0314 0.0686
86 0.6876 0.2120 0.0249 0.0588
