1 0.0367 0.9060 0.0394 0.1323
1 0.0338 0.8165 0.0501 0.1080
1 0.1551 0.6108 0.0228 0.0638
1 0.2523 0.7702 0.0283 0.0930
1 0.9048 0.7000 0.0131 0.0645
1 0.8742 0.6990 0.0223 0.0728
1 0.1468 0.6281 0.0168 0.0462
1 0.7487 0.5094 0.0158 0.0418
35 0.0488 0.9672 0.0977 0.0329
1 0.9937 0.9157 0.0127 0.0806
1 0.9936 0.7284 0.0128 0.0241
3 0.8710 0.4483 0.0428 0.0446
15 0.6603 0.5590 0.0523 0.0250
15 0.6615 0.5949 0.0765 0.0217
35 0.0343 0.8707 0.0542 0.0457
35 0.1781 0.6478 0.0233 0.0271
67 0.6523 0.5412 0.0361 0.0153
67 0.6295 0.5838 0.0600 0.0266
67 0.7347 0.5784 0.0397 0.0222
67 0.5508 0.5543 0.0545 0.0109
67 0.6185 0.5379 0.0483 0.0264
67 0.7247 0.5236 0.0334 0.0101
67 0.7253 0.5727 0.0520 0.0406
67 0.8180 0.5539 0.0493 0.0341
67 0.6700 0.5950 0.0594 0.0184
67 0.5251 0.5501 0.0487 0.0239
67 0.7748 0.5738 0.0586 0.0175
67 0.8620 0.5549 0.0475 0.0136
35 0.1791 0.6689 0.0290 0.0178
1 0.7162 0.4889 0.0032 0.0105
35 0.9840 0.8830 0.0319 0.0414
