1 0.1459 0.3831 0.0086 0.0209
1 0.2849 0.5344 0.0184 0.0415
3 0.3413 0.9311 0.1065 0.1378
3 0.9703 0.6477 0.0479 0.0873
3 0.8420 0.6412 0.0629 0.1077
3 0.6489 0.5802 0.0506 0.1011
3 0.3681 0.5083 0.0753 0.1042
3 0.2209 0.5237 0.1015 0.0790
3 0.1103 0.5245 0.0559 0.0498
3 0.0893 0.5141 0.0620 0.0545
3 0.0631 0.5086 0.0346 0.0392
38 0.1867 0.3188 0.0243 0.0192
38 0.2178 0.0891 0.0121 0.0243
38 0.3529 0.1158 0.0122 0.0351
38 0.0684 0.3861 0.0314 0.0219
1 0.6953 0.3425 0.0079 0.0193
1 0.2583 0.2586 0.0089 0.0122
1 0.1479 0.3187 0.0191 0.0153
1 0.8173 0.3034 0.0135 0.0161
1 0.0857 0.3500 0.0053 0.0120
1 0.2575 0.5394 0.0103 0.0304
1 0.9021 0.4404 0.0086 0.0213
1 0.0532 0.3586 0.0046 0.0088
3 0.0541 0.5029 0.0495 0.0435
3 0.4143 0.5710 0.0742 0.0885
3 0.2263 0.9128 0.1371 0.1743
3 0.1919 0.5132 0.0561 0.0571
1 0.0047 0.4874 0.0090 0.0178
1 0.2968 0.5031 0.0109 0.0295
1 0.5023 0.3073 0.7984 0.1896
