44 0.3185 0.4963 0.0615 0.1081
44 0.4373 0.5062 0.0463 0.0836
44 0.7558 0.7404 0.0174 0.0518
44 0.7675 0.7379 0.0161 0.0534
44 0.7792 0.7384 0.0088 0.0468
44 0.7879 0.7373 0.0112 0.0439
44 0.8006 0.7345 0.0103 0.0471
44 0.1819 0.5732 0.0290 0.1586
1 0.5185 0.5918 0.0842 0.1506
1 0.6598 0.6953 0.1739 0.5448
1 0.9533 0.6418 0.0533 0.1370
46 0.9633 0.8715 0.0734 0.2570
67 0.8100 0.9730 0.2645 0.0539
46 0.9017 0.9282 0.0785 0.1436
1 0.1853 0.5236 0.1747 0.2387
44 0.4809 0.5267 0.0475 0.0886
44 0.8162 0.7333 0.0144 0.0465
44 0.8255 0.7325 0.0126 0.0429
44 0.3800 0.5000 0.0563 0.0895
