44 0.8354 0.8147 0.0842 0.3484
62 0.1237 0.8113 0.2474 0.3774
67 0.4944 0.7822 0.5540 0.4356
1 0.5042 0.4517 0.1445 0.4045
1 0.8538 0.6065 0.2599 0.7215
1 0.3217 0.3853 0.1287 0.3985
1 0.1324 0.5742 0.2403 0.8517
1 0.0498 0.3874 0.0574 0.2728
46 0.4990 0.7957 0.0426 0.2202
50 0.3352 0.7540 0.1062 0.0331
47 0.4149 0.7579 0.0331 0.1215
49 0.3285 0.7604 0.0965 0.0201
62 0.9387 0.8163 0.1226 0.3675
62 0.5596 0.5455 0.1127 0.2610
62 0.4003 0.4778 0.0490 0.1616
62 0.0192 0.4764 0.0348 0.1573
62 0.1073 0.8602 0.1678 0.0721
62 0.1999 0.5785 0.0754 0.1560
47 0.4542 0.9388 0.0505 0.1182
47 0.6321 0.8906 0.0270 0.1567
1 0.6452 0.5273 0.1671 0.4935
47 0.2791 0.6081 0.0280 0.0843
47 0.4748 0.6426 0.0256 0.0945
47 0.3449 0.6257 0.0241 0.0772
48 0.5521 0.6794 0.0498 0.0102
