37 0.8552 0.4421 0.0285 0.0266
1 0.5054 0.4858 0.1755 0.5697
1 0.3734 0.6323 0.2227 0.4467
1 0.1822 0.6202 0.3343 0.5303
39 0.4899 0.4182 0.1276 0.0508
40 0.4587 0.5246 0.0651 0.1209
40 0.9827 0.3870 0.0238 0.0349
1 0.2906 0.3228 0.0255 0.0856
1 0.4003 0.2998 0.0313 0.0747
1 0.0616 0.1883 0.0276 0.0383
1 0.2436 0.2429 0.0341 0.0592
1 0.7985 0.1115 0.0222 0.0339
1 0.4759 0.0421 0.0202 0.0372
1 0.9550 0.3573 0.0899 0.1843
1 0.1435 0.2227 0.0252 0.0450
1 0.9705 0.1544 0.0236 0.0588
1 0.9194 0.1024 0.0154 0.0362
1 0.4961 0.1815 0.9922 0.3630
