35 0.2081 0.8737 0.4153 0.1119
1 0.2292 0.5356 0.2360 0.6764
1 0.5028 0.5838 0.1039 0.3367
1 0.5391 0.4670 0.1958 0.6139
1 0.6559 0.4187 0.0991 0.2163
1 0.8190 0.3803 0.1062 0.3172
1 0.7634 0.2812 0.0498 0.1669
1 0.6535 0.2597 0.0343 0.1319
1 0.2671 0.2551 0.0320 0.1101
1 0.9175 0.2435 0.0204 0.0694
1 0.4927 0.2577 0.0241 0.1110
1 0.9484 0.2514 0.0209 0.0481
1 0.2304 0.2103 0.0193 0.0771
35 0.5709 0.7587 0.2947 0.1100
36 0.8017 0.5369 0.0498 0.0211
36 0.8764 0.2766 0.0388 0.1099
1 0.1659 0.1771 0.0268 0.0685
35 0.4554 0.5060 0.0663 0.0110
1 0.6141 0.2531 0.7688 0.2104
