50 0.2466 0.6708 0.4873 0.2225
51 0.5230 0.4761 0.8150 0.9463
57 0.5705 0.4897 0.0797 0.0923
57 0.8276 0.5524 0.0660 0.0899
57 0.6443 0.4209 0.0619 0.0641
57 0.5671 0.3198 0.0882 0.0716
57 0.6292 0.8320 0.2212 0.2306
57 0.5308 0.6851 0.0694 0.1085
57 0.6584 0.6238 0.0525 0.0983
57 0.7271 0.4558 0.2389 0.2748
57 0.6069 0.5839 0.0555 0.0640
57 0.7536 0.6618 0.1477 0.2008
57 0.7767 0.7686 0.1164 0.1673
57 0.5316 0.5542 0.0679 0.0870
79 0.5000 0.5000 1.0000 1.0000
57 0.6340 0.3690 0.0700 0.0804
1 0.1438 0.6545 0.2842 0.4987
57 0.5047 0.5562 0.6031 0.7799
