1 0.6786 0.5704 0.2382 0.7685
31 0.6756 0.4757 0.2173 0.3102
52 0.8189 0.2995 0.0118 0.0402
52 0.8819 0.1584 0.1080 0.0756
52 0.8312 0.2839 0.0393 0.0599
52 0.7943 0.2965 0.0442 0.0598
55 0.2670 0.5905 0.3977 0.1239
1 0.0528 0.6427 0.1056 0.5753
55 0.4685 0.6064 0.0412 0.0329
55 0.8673 0.4680 0.1712 0.1874
55 0.1966 0.4673 0.3637 0.2900
52 0.8938 0.2090 0.0725 0.0574
52 0.3432 0.1472 0.0447 0.0834
52 0.4543 0.1558 0.0344 0.0631
52 0.3006 0.1375 0.0200 0.0557
52 0.7925 0.1371 0.0916 0.0638
52 0.8428 0.2429 0.1109 0.0856
52 0.6812 0.1309 0.0224 0.0537
52 0.7238 0.1375 0.0291 0.0776
52 0.7348 0.1182 0.0261 0.0507
