62 0.3662 0.3934 0.0345 0.0617
2 0.8653 0.3517 0.0440 0.0369
1 0.8087 0.3407 0.0301 0.1526
1 0.7329 0.3463 0.0235 0.1047
1 0.2880 0.3602 0.0239 0.1080
1 0.6158 0.3538 0.0391 0.1561
1 0.4729 0.3666 0.0349 0.1399
1 0.1824 0.3587 0.0378 0.1073
1 0.3799 0.3275 0.0260 0.0425
1 0.7501 0.3405 0.0403 0.1656
1 0.7229 0.3757 0.0201 0.0609
1 0.6716 0.3538 0.0357 0.1372
28 0.4049 0.3131 0.1090 0.2217
1 0.8368 0.3543 0.0360 0.1134
42 0.7157 0.7727 0.4886 0.4343
42 0.3807 0.7624 0.7111 0.4706
42 0.5000 0.6345 0.9969 0.4084
42 0.1946 0.5126 0.3892 0.1127
42 0.0912 0.4353 0.1800 0.0242
42 0.1950 0.4857 0.3290 0.1003
42 0.1553 0.4263 0.0060 0.0069
42 0.1831 0.4715 0.2723 0.0656
42 0.7566 0.5250 0.1653 0.1044
1 0.6551 0.3411 0.0120 0.0578
1 0.4931 0.3573 0.0273 0.1671
1 0.6531 0.3208 0.2719 0.0515
