62 0.7190 0.4724 0.1390 0.1404
67 0.4441 0.7311 0.8848 0.5130
1 0.3467 0.4077 0.3961 0.5030
1 0.8975 0.5041 0.2039 0.9326
1 0.9036 0.7337 0.1927 0.5101
1 0.5684 0.3332 0.1749 0.4664
1 0.8291 0.3248 0.1701 0.2224
59 0.4145 0.8398 0.2736 0.1785
59 0.3203 0.6756 0.2113 0.1201
59 0.1256 0.7807 0.2471 0.1682
59 0.4569 0.6253 0.1099 0.0820
44 0.1134 0.4041 0.0231 0.0860
48 0.7414 0.7025 0.0591 0.0706
48 0.6952 0.7086 0.0926 0.0823
48 0.6936 0.6853 0.0390 0.0466
48 0.6908 0.6682 0.0191 0.0351
49 0.5489 0.6139 0.0204 0.0089
49 0.6942 0.6863 0.0440 0.0500
49 0.6949 0.6603 0.0160 0.0208
59 0.5812 0.5326 0.0561 0.0452
59 0.8983 0.4753 0.1348 0.0427
62 0.8039 0.8608 0.2090 0.2758
59 0.7436 0.6956 0.0607 0.0564
59 0.4565 0.5088 0.0635 0.0364
59 0.7702 0.3341 0.0505 0.0126
59 0.7895 0.6215 0.1500 0.0757
44 0.8849 0.7974 0.0420 0.1380
48 0.7009 0.6998 0.0783 0.0724
