72 0.1728 0.3936 0.0585 0.0679
72 0.2282 0.3931 0.0496 0.0550
72 0.5195 0.3901 0.0504 0.0572
33 0.1668 0.9288 0.1151 0.1417
1 0.1323 0.6865 0.1365 0.2449
1 0.0447 0.7225 0.0758 0.4067
1 0.8183 0.8798 0.2140 0.2180
1 0.5947 0.8367 0.1907 0.3265
1 0.7686 0.8119 0.2263 0.3468
1 0.4832 0.8163 0.0965 0.3673
1 0.3297 0.5820 0.0744 0.1841
1 0.4309 0.5369 0.0492 0.1166
1 0.5084 0.6282 0.0788 0.2974
1 0.6033 0.6010 0.1252 0.1806
27 0.5704 0.5305 0.0206 0.0665
31 0.0670 0.6569 0.0244 0.1626
33 0.9244 0.6392 0.0779 0.0941
1 0.3295 0.7888 0.1466 0.4000
1 0.2744 0.6311 0.0725 0.2540
27 0.6922 0.6232 0.0359 0.1406
33 0.5418 0.7085 0.0238 0.0384
1 0.1751 0.6462 0.0686 0.2581
27 0.3986 0.4924 0.0085 0.0231
27 0.6383 0.4762 0.0142 0.0327
27 0.0942 0.5084 0.0179 0.0091
27 0.0735 0.6522 0.0211 0.1520
31 0.4312 0.5387 0.0198 0.0652
31 0.1846 0.6688 0.0341 0.0532
72 0.8490 0.4015 0.0286 0.0259
1 0.4922 0.6177 0.9844 0.4646
