1 0.5757 0.5669 0.2953 0.6907
1 0.0412 0.2247 0.0645 0.3191
39 0.7340 0.5139 0.1653 0.0384
40 0.9244 0.6163 0.0755 0.1349
1 0.8485 0.2195 0.0620 0.1003
37 0.1806 0.5085 0.0245 0.0353
1 0.7805 0.2119 0.0478 0.0939
1 0.4916 0.1776 0.0423 0.1138
1 0.5872 0.1771 0.0554 0.0875
1 0.5613 0.1770 0.0319 0.0860
1 0.8085 0.2199 0.0442 0.0842
1 0.3968 0.1254 0.0399 0.0687
1 0.2858 0.1769 0.0446 0.0759
1 0.2034 0.1741 0.0530 0.0737
1 0.1669 0.1749 0.0372 0.0550
1 0.7442 0.2119 0.0576 0.0907
1 0.4992 0.2436 0.9984 0.4871
