19 0.5298 0.5882 0.5790 0.5484
32 0.5579 0.2739 0.0141 0.0527
1 0.8708 0.5484 0.0625 0.2748
1 0.1765 0.5726 0.0514 0.1843
1 0.9674 0.5337 0.0573 0.2629
1 0.1117 0.5448 0.0362 0.1755
1 0.0569 0.5562 0.0512 0.2001
1 0.6961 0.5775 0.0337 0.1663
1 0.5492 0.4226 0.1353 0.5218
1 0.9217 0.5335 0.0595 0.2659
1 0.9171 0.4740 0.0472 0.0958
1 0.2133 0.5388 0.0441 0.2119
1 0.1471 0.5482 0.0420 0.2085
8 0.8118 0.5195 0.2212 0.2255
1 0.0310 0.4708 0.0379 0.0883
1 0.2351 0.5675 0.0390 0.2171
1 0.4990 0.5547 0.9980 0.3520
