3 0.6945 0.7693 0.1503 0.0813
3 0.6068 0.7552 0.0367 0.0470
8 0.3673 0.6921 0.1409 0.2067
10 0.3279 0.1609 0.0808 0.0415
1 0.1725 0.7460 0.0120 0.0195
3 0.7013 0.6451 0.0135 0.0157
3 0.1498 0.7666 0.0604 0.0505
3 0.2004 0.7659 0.0483 0.0503
3 0.2840 0.7554 0.0490 0.0627
1 0.5220 0.6618 0.0084 0.0185
3 0.4944 0.6968 0.0504 0.0358
3 0.6861 0.6976 0.0222 0.0284
3 0.7596 0.6869 0.0251 0.0300
1 0.2843 0.7007 0.0133 0.0364
1 0.1211 0.7524 0.0115 0.0261
1 0.0884 0.7456 0.0164 0.0306
1 0.8949 0.7571 0.0177 0.0987
10 0.0570 0.1438 0.0828 0.0525
3 0.0781 0.7654 0.0493 0.0338
10 0.6949 0.6169 0.0243 0.0130
10 0.6383 0.6165 0.0239 0.0136
10 0.4698 0.6133 0.0282 0.0148
10 0.5451 0.6049 0.0321 0.0080
1 0.9839 0.7489 0.0319 0.1259
3 0.6216 0.7232 0.0303 0.0293
