37 0.2869 0.6083 0.0064 0.0113
1 0.2348 0.7480 0.0748 0.2819
1 0.5493 0.6245 0.0630 0.1897
1 0.1195 0.7989 0.1297 0.2449
1 0.9790 0.5032 0.0238 0.0769
1 0.3941 0.2872 0.0083 0.0204
1 0.2716 0.2769 0.0076 0.0245
1 0.5011 0.5515 0.0386 0.1070
39 0.2315 0.6148 0.0507 0.0749
40 0.5750 0.6090 0.0101 0.0227
40 0.5064 0.5452 0.0068 0.0153
1 0.4313 0.2781 0.0055 0.0098
1 0.3659 0.3482 0.0075 0.0220
40 0.9820 0.5062 0.0055 0.0132
40 0.5010 0.5467 0.0079 0.0157
1 0.1121 0.8624 0.0664 0.0746
1 0.1661 0.3540 0.0122 0.0322
1 0.2043 0.3491 0.0099 0.0196
15 0.8837 0.2121 0.0753 0.0059
1 0.2295 0.3509 0.0130 0.0277
1 0.4570 0.2623 0.9141 0.3272
