39 0.2085 0.5331 0.1005 0.1072
27 0.7539 0.8593 0.0938 0.2220
27 0.9103 0.8257 0.1561 0.1507
33 0.7194 0.8781 0.1722 0.2031
1 0.5769 0.4446 0.1874 0.5258
1 0.6113 0.5285 0.0976 0.5961
1 0.7677 0.5477 0.1551 0.6199
1 0.8148 0.4219 0.0461 0.2626
1 0.9520 0.5264 0.0917 0.5304
1 0.6917 0.3932 0.0125 0.1031
1 0.3306 0.3580 0.0155 0.0951
1 0.3451 0.3629 0.0171 0.1154
1 0.3857 0.4157 0.1874 0.3281
1 0.4669 0.3761 0.0139 0.0571
3 0.8898 0.3975 0.0312 0.0868
27 0.6760 0.8771 0.0901 0.2028
40 0.4417 0.5561 0.0379 0.0707
40 0.8341 0.5849 0.0226 0.0657
40 0.9585 0.6309 0.0474 0.0973
39 0.6619 0.3444 0.0172 0.0226
1 0.7028 0.5569 0.0629 0.4482
15 0.7809 0.8087 0.4336 0.2250
40 0.6395 0.4220 0.0248 0.0730
40 0.3484 0.3769 0.0101 0.0212
1 0.8417 0.4097 0.0187 0.0979
1 0.1232 0.3675 0.1449 0.4701
1 0.5172 0.4728 0.9500 0.4511
