1 0.8895 0.0550 0.2211 0.1086
1 0.2258 0.0393 0.2798 0.0697
47 0.2871 0.7397 0.1946 0.3248
47 0.4601 0.8708 0.2292 0.2360
47 0.1525 0.0690 0.0867 0.1191
47 0.8610 0.0852 0.0807 0.1076
50 0.4505 0.5862 0.2254 0.1104
50 0.3949 0.0603 0.0924 0.0774
51 0.3387 0.1492 0.1183 0.0767
51 0.0767 0.6150 0.1534 0.1753
47 0.9781 0.1343 0.0438 0.1148
47 0.5602 0.0438 0.0614 0.0865
51 0.8519 0.2456 0.2962 0.2267
51 0.7053 0.5326 0.3253 0.2697
51 0.9158 0.0938 0.0853 0.0787
51 0.4424 0.0798 0.1803 0.1416
51 0.1458 0.4097 0.2916 0.2539
67 0.5025 0.4966 0.9950 0.9843
50 0.9663 0.2758 0.0675 0.0730
51 0.6351 0.1141 0.2170 0.1354
51 0.0742 0.8991 0.1446 0.1722
51 0.6963 0.9505 0.2480 0.0703
