1 0.3087 0.6515 0.1503 0.2868
1 0.5394 0.6515 0.0253 0.0855
1 0.5611 0.6694 0.0348 0.1162
1 0.6182 0.6703 0.0417 0.1029
1 0.6996 0.6838 0.0337 0.1021
1 0.3851 0.6530 0.0345 0.1474
1 0.5047 0.6676 0.0560 0.1611
1 0.6000 0.6336 0.0261 0.0508
1 0.6391 0.6664 0.0249 0.1116
1 0.4079 0.6511 0.0225 0.0896
1 0.4280 0.6517 0.0190 0.0880
2 0.0770 0.8046 0.1035 0.3909
2 0.1748 0.7095 0.0476 0.1948
2 0.3210 0.7304 0.0340 0.1631
2 0.5048 0.7097 0.0478 0.1075
2 0.3737 0.7052 0.0309 0.0747
2 0.6109 0.7237 0.0260 0.0747
2 0.5924 0.6945 0.0155 0.0706
2 0.5612 0.7046 0.0389 0.0856
3 0.9765 0.6811 0.0391 0.0285
3 0.9591 0.6855 0.0209 0.0243
1 0.1950 0.6277 0.0895 0.2827
2 0.8067 0.7094 0.0170 0.0648
2 0.5315 0.7013 0.0298 0.0645
2 0.6443 0.7109 0.0318 0.0608
3 0.4356 0.6690 0.0987 0.0480
1 0.0662 0.6143 0.1325 0.7455
2 0.7010 0.7166 0.0297 0.0734
3 0.8338 0.6837 0.0270 0.0261
3 0.8025 0.6779 0.0439 0.0392
2 0.7560 0.7092 0.0374 0.0681
1 0.5039 0.6510 0.9172 0.1771
2 0.6734 0.7219 0.0250 0.0563
