4 0.3296 0.7126 0.3532 0.3371
4 0.4094 0.6705 0.2662 0.2103
4 0.4741 0.6062 0.1777 0.2127
4 0.5431 0.5376 0.0947 0.1129
4 0.5018 0.5936 0.1787 0.1624
1 0.4670 0.5090 0.0820 0.1564
1 0.5500 0.4671 0.0292 0.0466
1 0.6050 0.5275 0.0739 0.2322
1 0.6536 0.4938 0.0153 0.0733
1 0.2460 0.4838 0.0357 0.0431
8 0.2062 0.5126 0.1391 0.1624
1 0.5796 0.4442 0.0375 0.0461
1 0.6171 0.4278 0.0190 0.0458
1 0.4110 0.4455 0.0117 0.0170
1 0.4667 0.4487 0.0136 0.0261
1 0.6639 0.4663 0.0123 0.0481
1 0.4414 0.4641 0.0107 0.0285
27 0.6053 0.4867 0.0297 0.0813
1 0.2693 0.5082 0.0210 0.0916
3 0.5467 0.4598 0.0343 0.0218
