44 0.6621 0.7037 0.0328 0.1609
44 0.4399 0.5304 0.0399 0.1817
44 0.4108 0.5077 0.0287 0.1215
44 0.6053 0.6283 0.0465 0.2287
67 0.6166 0.7230 0.5453 0.4564
1 0.2735 0.7776 0.5168 0.4139
1 0.0890 0.6190 0.1750 0.4879
1 0.1524 0.3930 0.1207 0.2783
1 0.3617 0.3329 0.2685 0.2913
1 0.5137 0.3896 0.1448 0.2562
1 0.6593 0.4023 0.1648 0.3044
1 0.7509 0.5717 0.4372 0.8566
47 0.4513 0.6616 0.0322 0.0647
48 0.5930 0.7964 0.0670 0.0901
47 0.5546 0.7689 0.0367 0.0763
48 0.7716 0.8088 0.0894 0.0387
48 0.4270 0.6825 0.0282 0.0290
49 0.7877 0.8153 0.0538 0.0267
1 0.2586 0.5224 0.1693 0.1591
44 0.5271 0.5056 0.0284 0.0645
44 0.7113 0.7540 0.0459 0.1477
47 0.3821 0.6079 0.0304 0.0568
47 0.6827 0.6684 0.0233 0.0370
51 0.5264 0.6063 0.1121 0.1351
62 0.9230 0.9733 0.1522 0.0534
44 0.5673 0.6746 0.0414 0.2081
50 0.5470 0.5536 0.0078 0.0600
47 0.7023 0.6358 0.0321 0.0653
