62 0.8626 0.1982 0.2072 0.2950
67 0.5034 0.6462 0.9258 0.6315
47 0.5840 0.5671 0.1617 0.2579
47 0.7278 0.2976 0.1084 0.1594
47 0.2241 0.2521 0.1008 0.1432
47 0.4679 0.1680 0.0729 0.1126
48 0.2134 0.4669 0.2552 0.0820
48 0.8973 0.4847 0.1301 0.1316
49 0.3504 0.6932 0.3532 0.1241
49 0.3329 0.2534 0.1274 0.0658
61 0.3330 0.2202 0.1275 0.0362
44 0.3223 0.1181 0.0363 0.0924
50 0.2672 0.3277 0.1808 0.0372
50 0.6171 0.3737 0.2923 0.0787
86 0.2282 0.1459 0.0737 0.0712
61 0.4930 0.3052 0.1007 0.0776
61 0.4260 0.3264 0.0814 0.0469
48 0.6528 0.5572 0.2470 0.2043
48 0.5764 0.3844 0.2238 0.0463
51 0.1697 0.3649 0.2487 0.1176
62 0.0940 0.9176 0.1144 0.0842
62 0.0752 0.7493 0.0715 0.2763
