1 0.2363 0.8366 0.0723 0.3049
1 0.8685 0.8492 0.0968 0.2962
1 0.8330 0.7786 0.0380 0.1561
1 0.4780 0.7490 0.0189 0.0819
1 0.4093 0.7684 0.0255 0.1489
1 0.3695 0.7725 0.0297 0.1359
1 0.7225 0.8084 0.0397 0.0762
1 0.5487 0.7844 0.0347 0.1437
38 0.3733 0.4906 0.0438 0.0438
38 0.4238 0.4124 0.0361 0.0198
38 0.1981 0.7701 0.0816 0.1033
38 0.4608 0.3638 0.0373 0.0353
38 0.5172 0.2871 0.0311 0.0330
38 0.5404 0.2528 0.0252 0.0217
38 0.4911 0.3182 0.0304 0.0273
38 0.5835 0.2262 0.0367 0.0257
38 0.5539 0.2425 0.0326 0.0279
1 0.3480 0.8115 0.0440 0.1399
1 0.3120 0.7913 0.0465 0.1749
38 0.6241 0.2223 0.0301 0.0350
38 0.3113 0.6314 0.0756 0.1160
38 0.5978 0.2184 0.0177 0.0125
1 0.5118 0.7715 0.0335 0.1255
1 0.9298 0.8436 0.1404 0.3128
1 0.6176 0.7830 0.0401 0.1419
1 0.6180 0.7693 0.5840 0.1573
