44 0.8126 0.0734 0.0775 0.1392
67 0.6487 0.4953 0.7026 0.9882
1 0.1645 0.4234 0.3291 0.8378
1 0.3066 0.2213 0.3733 0.4382
1 0.2398 0.7456 0.4796 0.4780
46 0.9265 0.4820 0.1469 0.3573
46 0.6844 0.2479 0.0998 0.2953
46 0.7821 0.2380 0.0946 0.2504
48 0.4344 0.0907 0.1006 0.0458
49 0.4362 0.5233 0.1787 0.1027
49 0.9096 0.8667 0.0967 0.2667
50 0.4419 0.5449 0.0656 0.0473
51 0.8514 0.3515 0.1109 0.1422
46 0.6917 0.0504 0.0668 0.1007
47 0.9796 0.1278 0.0409 0.0961
47 0.8681 0.1025 0.0717 0.0861
51 0.9305 0.1473 0.0939 0.0928
51 0.9283 0.0642 0.0846 0.0500
46 0.6685 0.0655 0.0669 0.0905
47 0.9213 0.4588 0.1457 0.1727
47 0.7727 0.0612 0.0303 0.1056
51 0.9541 0.3763 0.0916 0.2304
