3 0.4481 0.9103 0.0526 0.0538
3 0.2072 0.9023 0.0303 0.0375
3 0.1479 0.9047 0.0399 0.0517
10 0.7250 0.2624 0.0406 0.1847
1 0.5829 0.8956 0.0813 0.1851
1 0.0685 0.9317 0.0383 0.1367
1 0.2833 0.8962 0.0101 0.0389
1 0.8299 0.9038 0.0123 0.0610
1 0.9455 0.9011 0.0134 0.0483
1 0.3242 0.8984 0.0139 0.0342
3 0.1790 0.8968 0.0303 0.0282
10 0.7275 0.7600 0.0268 0.1223
31 0.0721 0.9581 0.0307 0.0458
1 0.6762 0.9065 0.0137 0.0734
1 0.6565 0.9169 0.0135 0.0667
3 0.2392 0.8979 0.0375 0.0282
3 0.3767 0.9020 0.0382 0.0391
3 0.2834 0.8949 0.0496 0.0341
3 0.4218 0.9107 0.0191 0.0409
3 0.4171 0.9081 0.0275 0.0402
10 0.8914 0.4105 0.1147 0.1322
1 0.7012 0.9310 0.0311 0.1379
1 0.9630 0.9101 0.0158 0.0615
3 0.3937 0.9048 0.0339 0.0385
3 0.5380 0.9121 0.0528 0.0825
3 0.6368 0.9401 0.0400 0.0964
10 0.4469 0.8366 0.0106 0.0215
