44 0.3149 0.4848 0.0310 0.1204
82 0.8758 0.6287 0.2483 0.6225
47 0.5671 0.9405 0.0556 0.1146
52 0.7117 0.6065 0.0675 0.0719
78 0.5368 0.3292 0.2174 0.1551
79 0.5098 0.6427 0.2848 0.3775
81 0.4367 0.8739 0.6030 0.2275
44 0.9732 0.3032 0.0333 0.0497
44 0.9376 0.2848 0.0340 0.0859
44 0.9395 0.2288 0.0445 0.0709
44 0.8938 0.2803 0.0382 0.0585
44 0.8556 0.2803 0.0253 0.0306
44 0.8991 0.2345 0.0292 0.0366
44 0.8620 0.2366 0.0309 0.0531
47 0.5935 0.9634 0.0542 0.0714
47 0.5426 0.9212 0.0537 0.1530
86 0.0589 0.7051 0.0560 0.1854
