5 0.5108 0.4765 0.9084 0.4072
1 0.7191 0.6690 0.0262 0.0858
1 0.6650 0.6733 0.0168 0.0468
1 0.6886 0.6695 0.0309 0.0548
1 0.6159 0.6636 0.0158 0.0378
1 0.7068 0.6708 0.0165 0.0562
8 0.3828 0.7351 0.1382 0.1328
8 0.7850 0.7184 0.1221 0.1380
8 0.8905 0.6735 0.1080 0.1258
1 0.6324 0.6676 0.0145 0.0349
33 0.6745 0.7157 0.0200 0.0369
33 0.6116 0.7064 0.0122 0.0210
33 0.6216 0.6796 0.0159 0.0172
33 0.6418 0.7143 0.0230 0.0300
33 0.6255 0.7049 0.0148 0.0178
33 0.6259 0.7199 0.0186 0.0137
33 0.6593 0.7164 0.0169 0.0344
33 0.6077 0.7181 0.0138 0.0093
