37 0.3076 0.5259 0.1237 0.1097
37 0.6338 0.2635 0.0461 0.0421
37 0.6894 0.2820 0.0487 0.0534
37 0.6966 0.2517 0.0458 0.0330
37 0.4479 0.0919 0.0191 0.0257
1 0.6323 0.0815 0.0075 0.0411
1 0.2231 0.0820 0.0201 0.0401
1 0.8515 0.0786 0.0126 0.0379
1 0.6243 0.0814 0.0124 0.0429
1 0.5888 0.0889 0.0140 0.0250
1 0.6445 0.0794 0.0125 0.0421
1 0.2806 0.0904 0.0217 0.0488
42 0.7652 0.7708 0.3079 0.4135
42 0.0551 0.7173 0.1101 0.2629
1 0.2111 0.0903 0.0162 0.0198
1 0.0897 0.0795 0.0159 0.0467
1 0.0087 0.0866 0.0169 0.0315
1 0.0017 0.0953 0.0031 0.0163
