3 0.3896 0.4102 0.0259 0.0251
3 0.2455 0.4089 0.0432 0.0332
1 0.6310 0.4530 0.0475 0.1882
1 0.5190 0.4507 0.0232 0.0741
1 0.5047 0.4608 0.0139 0.0551
2 0.8317 0.7427 0.3286 0.1865
1 0.9749 0.4455 0.0129 0.0647
1 0.9936 0.4561 0.0128 0.0526
38 0.3415 0.2061 0.1207 0.1310
38 0.2065 0.6296 0.4062 0.4427
38 0.8419 0.1919 0.1303 0.0737
38 0.7982 0.3089 0.0585 0.0575
1 0.1336 0.4185 0.0119 0.0281
1 0.8971 0.4143 0.0056 0.0350
1 0.7998 0.4140 0.0077 0.0392
1 0.9341 0.4587 0.0230 0.0667
1 0.7743 0.4299 0.0083 0.0416
8 0.3424 0.4057 0.0698 0.0523
38 0.2163 0.3864 0.0245 0.0385
1 0.7631 0.4165 0.0090 0.0229
1 0.2177 0.4126 0.0132 0.0373
3 0.1066 0.4119 0.0346 0.0417
