20 0.1812 0.6483 0.0132 0.0125
20 0.5388 0.6438 0.0131 0.0183
20 0.3456 0.6472 0.0166 0.0108
20 0.4183 0.6473 0.0171 0.0120
20 0.1308 0.6478 0.0164 0.0183
20 0.2208 0.6584 0.0160 0.0188
21 0.4335 0.6458 0.0112 0.0118
21 0.5768 0.6446 0.0136 0.0114
20 0.2060 0.6555 0.0183 0.0270
20 0.2226 0.6520 0.0182 0.0188
20 0.2472 0.6513 0.0147 0.0212
20 0.3590 0.6486 0.0121 0.0094
21 0.6565 0.6475 0.0094 0.0126
20 0.0788 0.6539 0.0228 0.0172
21 0.2641 0.6705 0.0409 0.0330
20 0.1988 0.6462 0.0119 0.0118
20 0.2636 0.6717 0.0399 0.0331
20 0.4680 0.6438 0.2734 0.0219
