44 0.3608 0.6370 0.0378 0.1715
44 0.3850 0.6058 0.0373 0.1577
44 0.4344 0.5161 0.0305 0.1958
82 0.9423 0.1610 0.1125 0.2697
1 0.7709 0.5012 0.3149 0.9975
1 0.9367 0.4189 0.1266 0.3394
49 0.6094 0.7552 0.1939 0.0453
51 0.6850 0.5960 0.1050 0.1219
51 0.5233 0.8955 0.1529 0.1640
81 0.6237 0.5581 0.1573 0.1242
47 0.4041 0.7393 0.0521 0.1204
51 0.5115 0.5836 0.1137 0.1185
51 0.4389 0.6934 0.0783 0.0577
51 0.6631 0.4044 0.0613 0.0830
47 0.3772 0.7524 0.0551 0.0874
51 0.9503 0.3606 0.0467 0.0310
51 0.4680 0.6598 0.1369 0.0837
47 0.9601 0.3622 0.0278 0.0284
