1 0.7831 0.6018 0.4295 0.7963
1 0.8386 0.0677 0.0611 0.1022
1 0.1752 0.2156 0.1123 0.1497
1 0.9228 0.3044 0.1544 0.3811
1 0.7208 0.0995 0.0596 0.1251
47 0.4493 0.6433 0.0621 0.1583
48 0.5377 0.6550 0.1142 0.0605
48 0.4014 0.6708 0.0531 0.0593
73 0.6609 0.5409 0.2615 0.3083
73 0.3372 0.5921 0.1913 0.2148
73 0.7230 0.4045 0.1787 0.2337
1 0.5732 0.1306 0.0503 0.0736
1 0.4852 0.1378 0.0527 0.0669
1 0.8661 0.1201 0.0447 0.0779
1 0.7696 0.1318 0.0449 0.0635
47 0.7285 0.3986 0.0401 0.0926
47 0.5313 0.5021 0.0487 0.1247
67 0.4730 0.7308 0.4928 0.2737
74 0.3429 0.7295 0.0584 0.0547
1 0.4611 0.3787 0.2210 0.3629
1 0.8167 0.1340 0.0701 0.0615
1 0.9070 0.0997 0.0273 0.0374
1 0.1773 0.6152 0.3353 0.6925
