28 0.0116 0.3907 0.0232 0.0385
28 0.1232 0.3885 0.0232 0.0216
3 0.4457 0.5403 0.0844 0.1016
3 0.3126 0.5569 0.0809 0.0845
3 0.3061 0.4877 0.0504 0.0542
10 0.9232 0.3381 0.0337 0.0790
1 0.4957 0.7616 0.1984 0.4737
1 0.6734 0.6739 0.0710 0.3496
1 0.1579 0.5802 0.0320 0.0934
1 0.2708 0.5877 0.0585 0.0920
1 0.2395 0.5601 0.0596 0.0762
41 0.7169 0.7714 0.0400 0.1389
3 0.4809 0.4417 0.0287 0.0383
3 0.7303 0.4570 0.0389 0.0387
3 0.8970 0.5944 0.2060 0.1159
3 0.4220 0.4430 0.0267 0.0294
1 0.0916 0.4831 0.0177 0.0737
1 0.3194 0.5826 0.0570 0.1224
1 0.1162 0.4801 0.0142 0.0813
3 0.6914 0.4419 0.0203 0.0252
3 0.7095 0.4465 0.0168 0.0289
3 0.7288 0.4326 0.0254 0.0157
10 0.3814 0.1021 0.0275 0.1243
10 0.4737 0.3761 0.0076 0.0088
10 0.5390 0.3675 0.0072 0.0325
10 0.4520 0.3898 0.0073 0.0073
10 0.4407 0.3931 0.0053 0.0093
10 0.4315 0.3940 0.0043 0.0088
10 0.5688 0.3643 0.0093 0.0333
10 0.7564 0.3387 0.0087 0.0282
10 0.6477 0.3653 0.0077 0.0113
31 0.0386 0.5214 0.0078 0.0281
64 0.6144 0.4605 0.1569 0.2567
64 0.5244 0.5128 0.0925 0.1410
1 0.0274 0.5314 0.0262 0.1075
3 0.9569 0.4952 0.0621 0.0628
3 0.2991 0.5228 0.0581 0.0404
41 0.4719 0.9804 0.1523 0.0392
1 0.1283 0.4886 0.0125 0.0782
3 0.3120 0.4605 0.0426 0.0284
10 0.5001 0.3944 0.0075 0.0230
10 0.4117 0.3917 0.0065 0.0136
10 0.4148 0.3794 0.3047 0.0656
