31 0.8788 0.7778 0.0667 0.1879
31 0.2423 0.7510 0.0549 0.2270
1 0.1326 0.7637 0.1604 0.4497
1 0.7623 0.7434 0.1089 0.4779
1 0.5226 0.7118 0.0749 0.4155
1 0.6235 0.6555 0.0643 0.3454
1 0.4253 0.7542 0.1036 0.4584
1 0.2770 0.7539 0.1130 0.4512
1 0.2048 0.7309 0.0846 0.4650
1 0.0425 0.7453 0.0588 0.4432
1 0.7165 0.7410 0.0436 0.4335
1 0.8564 0.7270 0.0975 0.5146
1 0.4986 0.4341 0.0399 0.0541
1 0.8656 0.4663 0.0137 0.0165
31 0.1782 0.8274 0.0667 0.1917
31 0.6691 0.7343 0.0327 0.1243
31 0.0372 0.7376 0.0420 0.2641
31 0.4801 0.8026 0.0403 0.0898
1 0.1344 0.4685 0.0489 0.1122
27 0.1936 0.6797 0.0529 0.1228
31 0.4222 0.7466 0.0882 0.2907
1 0.5086 0.6498 0.9797 0.6083
