44 0.0419 0.2022 0.0581 0.1806
63 0.8315 0.4409 0.3371 0.2452
62 0.7990 0.4713 0.1526 0.1328
1 0.4569 0.3851 0.3733 0.7635
59 0.5841 0.8329 0.2365 0.2306
59 0.4323 0.8315 0.1972 0.1258
59 0.5520 0.9498 0.2651 0.1005
84 0.1474 0.4134 0.0197 0.1270
84 0.1495 0.2243 0.0241 0.1061
87 0.5391 0.7468 0.0763 0.1836
59 0.6924 0.6891 0.1162 0.0774
59 0.7224 0.6052 0.1662 0.0871
62 0.5223 0.4787 0.0957 0.1807
84 0.3248 0.0581 0.0057 0.0897
84 0.2443 0.3747 0.0530 0.1414
84 0.1184 0.4133 0.0497 0.1623
84 0.1340 0.2232 0.0220 0.1058
84 0.1851 0.2272 0.0295 0.0975
84 0.3282 0.2058 0.0090 0.0524
84 0.0895 0.2264 0.0152 0.1222
84 0.3882 0.0734 0.0335 0.0867
84 0.1301 0.0364 0.0096 0.0702
62 0.1899 0.6727 0.1773 0.2805
67 0.5000 0.7234 1.0000 0.5221
84 0.2226 0.3844 0.0231 0.1319
84 0.2681 0.3678 0.0376 0.1276
59 0.3732 0.9091 0.2273 0.1818
84 0.1852 0.3417 0.3703 0.6833
