1 0.5314 0.5476 0.0195 0.0333
1 0.7828 0.5818 0.0241 0.0554
1 0.8589 0.4209 0.0174 0.0458
1 0.8684 0.4524 0.0150 0.0266
1 0.8373 0.4470 0.0047 0.0163
1 0.3288 0.3523 0.0112 0.0263
1 0.8984 0.3570 0.0161 0.0318
1 0.9205 0.3588 0.0170 0.0280
1 0.3098 0.3567 0.0258 0.0279
9 0.6711 0.6596 0.2269 0.0986
9 0.4143 0.5427 0.3171 0.1191
9 0.7902 0.3623 0.0992 0.0370
9 0.3086 0.3582 0.2132 0.1835
9 0.3775 0.4745 0.0459 0.0533
9 0.1558 0.4054 0.2298 0.1746
9 0.0572 0.5080 0.1144 0.0936
9 0.8920 0.3976 0.2161 0.2123
9 0.1817 0.5204 0.1401 0.0372
9 0.3227 0.4644 0.0670 0.0899
1 0.2123 0.4006 0.0275 0.0469
9 0.7240 0.4790 0.2252 0.1728
1 0.2977 0.3959 0.0112 0.0384
9 0.5279 0.1302 0.1033 0.0455
1 0.7555 0.5832 0.0259 0.0630
1 0.0998 0.4420 0.0186 0.0374
1 0.5094 0.3192 0.9656 0.6385
9 0.5000 0.3216 0.9969 0.6385
