58 0.4469 0.8916 0.3060 0.1245
62 0.9796 0.3030 0.0408 0.0509
62 0.4073 0.6633 0.0628 0.1062
62 0.2682 0.8530 0.0530 0.1401
1 0.1449 0.7930 0.2741 0.4106
1 0.2716 0.6638 0.2046 0.3307
1 0.3290 0.5878 0.1514 0.2539
1 0.3885 0.5093 0.1105 0.2130
1 0.4804 0.5882 0.1425 0.2521
1 0.6108 0.5337 0.6666 0.9326
1 0.8210 0.3743 0.1581 0.2855
1 0.7451 0.2164 0.0448 0.0588
1 0.1453 0.4093 0.0066 0.0146
1 0.7444 0.3029 0.0589 0.1306
1 0.9237 0.1611 0.1527 0.3222
62 0.0249 0.9034 0.0498 0.1051
62 0.9687 0.8433 0.0627 0.3110
44 0.9580 0.6692 0.0446 0.0429
1 0.4218 0.4482 0.0280 0.0658
62 0.9138 0.4476 0.0514 0.2445
62 0.9751 0.4448 0.0498 0.1589
1 0.8048 0.2146 0.0500 0.0711
1 0.4523 0.4059 0.1422 0.1172
