32 0.4362 0.4782 0.0167 0.0960
62 0.3305 0.6249 0.0660 0.1459
1 0.4395 0.5716 0.0962 0.4159
62 0.7127 0.5799 0.0467 0.0925
62 0.7208 0.4760 0.0266 0.0141
62 0.2266 0.5887 0.0490 0.1033
62 0.4660 0.4149 0.0248 0.0127
62 0.1059 0.6231 0.0551 0.1307
62 0.1053 0.5879 0.0556 0.0749
62 0.8206 0.6050 0.0594 0.1212
62 0.0482 0.5891 0.0387 0.1024
62 0.1158 0.3946 0.0481 0.0871
62 0.2185 0.3828 0.0310 0.0337
1 0.6310 0.4661 0.0083 0.0341
1 0.9402 0.4307 0.0085 0.0493
1 0.5688 0.4761 0.0149 0.0162
1 0.2933 0.5062 0.0110 0.0672
62 0.8193 0.4175 0.0524 0.0795
62 0.3272 0.5522 0.0662 0.0350
62 0.4461 0.4777 0.8078 0.2606
