7 0.5008 0.4955 0.9983 0.9888
1 0.4369 0.5845 0.0859 0.5875
1 0.3826 0.5822 0.0716 0.4517
1 0.6194 0.5258 0.0860 0.1798
1 0.7022 0.5453 0.1391 0.1610
1 0.6116 0.3123 0.0755 0.2573
1 0.1728 0.4467 0.0555 0.1262
1 0.7107 0.3250 0.0560 0.1132
1 0.7482 0.3591 0.0413 0.1237
1 0.7560 0.5312 0.0348 0.1833
31 0.4348 0.5347 0.0412 0.1700
31 0.3915 0.6126 0.0470 0.0871
1 0.6836 0.4827 0.0827 0.1669
1 0.1530 0.5056 0.0949 0.1044
1 0.2708 0.3611 0.0622 0.0955
1 0.2442 0.4515 0.0488 0.2262
1 0.4234 0.3854 0.7000 0.3458
