3 0.5589 0.2433 0.0857 0.1293
3 0.6631 0.2590 0.0851 0.0917
3 0.8149 0.2697 0.0615 0.1303
3 0.7665 0.2556 0.1163 0.1342
3 0.9586 0.2965 0.0829 0.1769
4 0.4602 0.2616 0.0242 0.0744
7 0.3646 0.1856 0.1362 0.3061
1 0.4598 0.2465 0.0440 0.1057
10 0.9011 0.1798 0.0350 0.0433
10 0.7516 0.0994 0.0250 0.0297
3 0.4995 0.2262 0.0296 0.0419
3 0.0448 0.2431 0.0896 0.1389
3 0.0900 0.2533 0.0276 0.1071
3 0.9857 0.3279 0.0286 0.1366
10 0.5999 0.1352 0.0151 0.0224
10 0.2072 0.1202 0.0117 0.0183
10 0.4921 0.1634 0.0128 0.0272
3 0.8894 0.2986 0.1062 0.1471
3 0.1658 0.2428 0.0591 0.0669
3 0.2259 0.2318 0.0192 0.0588
10 0.0741 0.0887 0.0120 0.0479
3 0.2555 0.2222 0.0450 0.0650
3 0.5195 0.2237 0.7391 0.2506
