3 0.1299 0.9338 0.2376 0.1070
3 0.7387 0.5898 0.0682 0.0474
3 0.7875 0.6031 0.0702 0.0490
3 0.8351 0.6167 0.0638 0.0522
3 0.4004 0.6081 0.0450 0.0511
3 0.0136 0.6022 0.0272 0.0438
6 0.5376 0.8191 0.5191 0.3393
10 0.5997 0.6498 0.0141 0.0470
1 0.6581 0.7907 0.0281 0.0531
1 0.5665 0.7463 0.0198 0.0329
1 0.5424 0.7348 0.0177 0.0282
1 0.5810 0.7750 0.0306 0.0617
1 0.5360 0.7883 0.0275 0.0518
1 0.5269 0.7433 0.0185 0.0238
10 0.1163 0.5430 0.0078 0.0284
10 0.6428 0.5376 0.0079 0.0265
1 0.4634 0.7467 0.0170 0.0287
1 0.4354 0.7326 0.0170 0.0299
1 0.3474 0.6921 0.0307 0.0382
1 0.4159 0.7168 0.0224 0.0409
1 0.3692 0.6832 0.0148 0.0251
1 0.3329 0.7009 0.0157 0.0309
3 0.0099 0.6472 0.0198 0.0523
10 0.6195 0.6514 0.0130 0.0456
77 0.8187 0.3862 0.0328 0.0358
1 0.5032 0.7366 0.0194 0.0354
3 0.6738 0.4918 0.0368 0.0233
13 0.6315 0.5191 0.0112 0.0183
13 0.8572 0.5786 0.0173 0.0226
1 0.4242 0.5615 0.8109 0.5813
