39 0.4393 0.3844 0.0421 0.2409
1 0.4753 0.6157 0.1416 0.6382
40 0.8236 0.5560 0.0462 0.0888
40 0.5354 0.7412 0.0253 0.0749
62 0.9243 0.3948 0.0756 0.0949
62 0.2174 0.5584 0.1045 0.0831
62 0.8009 0.3932 0.0797 0.0891
62 0.8349 0.1748 0.0973 0.0925
62 0.8292 0.2445 0.0877 0.0818
62 0.7396 0.1737 0.0905 0.0865
62 0.6584 0.1031 0.0895 0.0807
62 0.8579 0.0995 0.0931 0.0815
62 0.9556 0.0968 0.0887 0.0846
1 0.8661 0.6315 0.1518 0.5657
1 0.7499 0.5111 0.1149 0.2096
1 0.6678 0.4383 0.1272 0.2555
1 0.5817 0.4206 0.0940 0.1971
1 0.6296 0.2319 0.1443 0.2619
1 0.1018 0.5146 0.1262 0.2132
1 0.9226 0.2038 0.1198 0.1693
1 0.1599 0.3562 0.0851 0.1858
1 0.2465 0.3678 0.0974 0.2447
1 0.1349 0.0784 0.0897 0.1568
62 0.8111 0.3188 0.0939 0.0787
62 0.9801 0.2962 0.0398 0.0509
62 0.2917 0.2713 0.0950 0.1085
1 0.2414 0.1042 0.0991 0.1821
62 0.0672 0.3896 0.0906 0.0582
1 0.0955 0.2013 0.0896 0.1740
1 0.4711 0.4615 0.9391 0.9229
62 0.4992 0.3146 0.9984 0.6292
