1 0.1537 0.5060 0.2895 0.4921
1 0.5820 0.4584 0.2179 0.4360
47 0.1894 0.7152 0.0557 0.1563
47 0.2697 0.6585 0.0475 0.1490
47 0.5076 0.7502 0.0578 0.1182
47 0.5282 0.6356 0.0465 0.0873
50 0.2842 0.8354 0.0807 0.0167
51 0.3374 0.6752 0.0693 0.0883
67 0.3567 0.7895 0.7073 0.4022
28 0.3776 0.3728 0.0434 0.7432
48 0.5537 0.8294 0.1203 0.0279
49 0.0966 0.8358 0.1393 0.0963
54 0.6774 0.7671 0.0594 0.0645
57 0.6263 0.7873 0.0624 0.0336
62 0.7043 0.5424 0.0421 0.1793
48 0.2832 0.8353 0.0860 0.0221
57 0.4554 0.6392 0.0422 0.0157
57 0.7716 0.9289 0.0353 0.0232
62 0.0276 0.5849 0.0517 0.2000
50 0.4954 0.6064 0.0225 0.0344
57 0.5815 0.7838 0.0075 0.0159
57 0.5766 0.7777 0.0075 0.0127
1 0.8462 0.6391 0.3077 0.7217
