2 0.2214 0.4281 0.0425 0.0888
15 0.3344 0.7371 0.6657 0.3730
84 0.3887 0.5999 0.0679 0.1084
84 0.8842 0.4554 0.0230 0.0201
31 0.3840 0.6821 0.1289 0.1244
1 0.9230 0.5214 0.1539 0.2022
1 0.4937 0.6573 0.2600 0.6539
1 0.0353 0.5157 0.0706 0.1056
1 0.6715 0.4313 0.0297 0.0688
1 0.2485 0.5383 0.0934 0.0383
1 0.6302 0.3990 0.0185 0.0519
1 0.9516 0.4181 0.0248 0.0464
1 0.2944 0.4965 0.0805 0.1013
1 0.1782 0.3903 0.0194 0.0785
1 0.1809 0.4720 0.0600 0.1003
1 0.6074 0.3893 0.0498 0.1846
15 0.7006 0.4327 0.0228 0.0450
15 0.8373 0.4278 0.0696 0.0329
1 0.6499 0.4219 0.0192 0.0461
2 0.1071 0.4367 0.0283 0.0788
1 0.3704 0.4693 0.0759 0.1273
1 0.4969 0.4346 0.9031 0.2243
