62 0.4026 0.6529 0.0540 0.1345
1 0.5011 0.5616 0.2552 0.3867
1 0.7344 0.5767 0.2136 0.4085
47 0.5821 0.5364 0.0332 0.0609
73 0.2444 0.7937 0.3684 0.3916
74 0.4493 0.7587 0.0595 0.0426
74 0.0467 0.9699 0.0613 0.0603
76 0.0480 0.8348 0.0944 0.0974
76 0.2520 0.8730 0.2343 0.0921
84 0.6688 0.4967 0.0562 0.0178
84 0.6742 0.4848 0.0598 0.0130
32 0.2343 0.4682 0.0678 0.1502
51 0.9227 0.5621 0.0272 0.0402
51 0.9764 0.5662 0.0471 0.0530
76 0.5757 0.5443 0.0337 0.0147
76 0.6362 0.5246 0.0770 0.0224
1 0.9289 0.8247 0.1421 0.3236
67 0.8629 0.6981 0.2737 0.1859
67 0.3916 0.8429 0.7831 0.2883
44 0.8694 0.5557 0.0424 0.1253
1 0.2436 0.4710 0.3106 0.5456
