1 0.5676 0.5349 0.2669 0.9099
81 0.8378 0.5063 0.1542 0.1724
86 0.2125 0.5094 0.0697 0.1135
86 0.3584 0.4655 0.0487 0.1375
86 0.5087 0.4899 0.0509 0.0480
86 0.2938 0.4911 0.0540 0.0961
86 0.3822 0.5064 0.0514 0.0817
86 0.3298 0.5115 0.0463 0.0869
86 0.2618 0.4928 0.0337 0.0771
86 0.4523 0.5041 0.0484 0.0695
44 0.2888 0.7427 0.0331 0.1598
44 0.9814 0.4607 0.0325 0.0994
44 0.9440 0.4063 0.0373 0.0256
64 0.7040 0.3615 0.0757 0.1847
86 0.4070 0.4745 0.0439 0.1113
86 0.6800 0.4272 0.0103 0.0500
47 0.1330 0.7966 0.0473 0.0989
86 0.0534 0.5009 0.1068 0.1579
