44 0.5039 0.4173 0.0379 0.1493
44 0.5452 0.3134 0.0262 0.1026
44 0.5897 0.3150 0.0302 0.1261
44 0.5077 0.3094 0.0251 0.1020
44 0.4428 0.2994 0.0262 0.0917
44 0.4172 0.2887 0.0288 0.1093
44 0.6270 0.3182 0.0272 0.1220
67 0.8378 0.5449 0.3227 0.2180
67 0.1796 0.3985 0.2447 0.1291
50 0.2684 0.0197 0.0199 0.0352
50 0.3062 0.0190 0.0140 0.0353
51 0.2864 0.6223 0.0618 0.0858
50 0.2492 0.0215 0.0214 0.0425
79 0.3089 0.8348 0.5110 0.3303
44 0.4684 0.3017 0.0233 0.1011
62 0.1966 0.3000 0.0886 0.0857
62 0.0601 0.4799 0.1198 0.3220
62 0.1948 0.3077 0.0746 0.0854
62 0.8438 0.2990 0.0810 0.0990
62 0.8447 0.4168 0.1083 0.1432
62 0.7503 0.5637 0.1624 0.4418
62 0.0698 0.6733 0.1397 0.3044
62 0.2728 0.3385 0.0577 0.0612
62 0.1284 0.4290 0.0762 0.1598
62 0.8553 0.7692 0.1741 0.3337
62 0.7917 0.2555 0.0535 0.1522
62 0.2381 0.4912 0.1088 0.0932
