3 0.9225 0.3267 0.1551 0.0876
1 0.4858 0.5056 0.3538 0.5753
1 0.8263 0.6611 0.2185 0.6183
34 0.2986 0.2292 0.0672 0.0470
27 0.6586 0.6197 0.0609 0.1030
1 0.3696 0.6629 0.1514 0.5978
1 0.2329 0.5027 0.0715 0.1011
3 0.9290 0.4970 0.1421 0.1880
3 0.5744 0.3440 0.1025 0.0372
4 0.6412 0.5395 0.0914 0.2368
4 0.7463 0.5436 0.0915 0.1645
62 0.9089 0.6473 0.0786 0.1596
67 0.2385 0.6448 0.1214 0.1526
1 0.9040 0.3722 0.0442 0.0713
1 0.9113 0.5326 0.0487 0.2079
62 0.2627 0.6643 0.0089 0.0337
62 0.2954 0.6389 0.0305 0.0977
27 0.4451 0.6819 0.0194 0.0888
28 0.2409 0.2325 0.3951 0.1896
28 0.6270 0.2388 0.4386 0.1862
1 0.9661 0.5221 0.0641 0.3636
