1 0.8373 0.8632 0.0193 0.0362
1 0.6794 0.8553 0.0185 0.0331
1 0.4511 0.8674 0.0150 0.0378
1 0.2805 0.8574 0.0118 0.0362
1 0.3873 0.8591 0.0134 0.0319
1 0.3978 0.9633 0.0240 0.0416
1 0.6607 0.9515 0.0270 0.0640
1 0.8402 0.9343 0.0238 0.0326
1 0.2428 0.9595 0.0294 0.0549
1 0.3430 0.8711 0.0198 0.0399
1 0.3691 0.8569 0.0114 0.0313
5 0.4860 0.5675 0.0062 0.0035
5 0.5332 0.5665 0.0072 0.0037
5 0.6095 0.0966 0.0570 0.0270
5 0.3720 0.5732 0.0157 0.0068
1 0.5705 0.9742 0.0294 0.0278
5 0.5054 0.5667 0.0178 0.0067
5 0.4242 0.5707 0.0182 0.0051
5 0.4709 0.5577 0.0176 0.0045
5 0.3386 0.5765 0.0269 0.0070
1 0.5678 0.8614 0.0106 0.0288
5 0.4300 0.5627 0.0138 0.0048
5 0.4481 0.5616 0.0186 0.0053
5 0.5223 0.1017 0.0606 0.0198
5 0.4597 0.1255 0.0629 0.0188
5 0.4076 0.1229 0.0631 0.0193
1 0.4980 0.9070 0.9921 0.1828
5 0.2980 0.3461 0.2238 0.4609
