18 0.3238 0.2049 0.0329 0.0653
19 0.4669 0.3710 0.0500 0.1785
19 0.3519 0.3442 0.1545 0.2344
20 0.3201 0.5821 0.0348 0.0521
20 0.2501 0.6220 0.0320 0.0931
20 0.1939 0.5803 0.0405 0.0993
20 0.3133 0.5417 0.0510 0.0764
1 0.3446 0.2832 0.0711 0.1815
13 0.6637 0.0118 0.0208 0.0219
18 0.2944 0.3750 0.0496 0.0639
20 0.4666 0.5517 0.0281 0.0447
20 0.5365 0.5981 0.0317 0.0506
20 0.5447 0.6893 0.0352 0.0732
20 0.4711 0.7700 0.0382 0.1116
20 0.4093 0.7454 0.0438 0.1425
20 0.4553 0.7425 0.0520 0.1253
20 0.5703 0.7415 0.0528 0.1732
20 0.5836 0.6104 0.0312 0.0281
1 0.3256 0.1824 0.0057 0.0116
13 0.7216 0.0944 0.0710 0.1011
20 0.4873 0.5643 0.0306 0.0548
20 0.6086 0.6438 0.7797 0.3500
