2 0.4613 0.8219 0.0709 0.2404
2 0.4154 0.8629 0.0424 0.2595
2 0.2610 0.8664 0.0501 0.2220
2 0.1972 0.6100 0.0440 0.0491
3 0.5988 0.6211 0.1027 0.1018
3 0.2879 0.5587 0.0447 0.0474
3 0.2297 0.5629 0.0284 0.0358
3 0.1701 0.5654 0.1073 0.0606
6 0.4435 0.5359 0.2167 0.2101
1 0.0834 0.7326 0.1635 0.4989
1 0.1529 0.5702 0.0297 0.0964
8 0.8133 0.5912 0.3733 0.7973
8 0.2677 0.5413 0.0375 0.0551
31 0.0453 0.6884 0.0763 0.1720
8 0.2098 0.5306 0.0351 0.0632
77 0.0668 0.5904 0.0120 0.0062
2 0.3282 0.7016 0.0865 0.0325
8 0.2881 0.5599 0.0437 0.0501
2 0.3479 0.8106 0.1204 0.2273
2 0.3197 0.7568 0.0581 0.0921
10 0.5925 0.4672 0.0088 0.0251
10 0.2439 0.3572 0.0234 0.0474
