77 0.2231 0.9702 0.0582 0.0596
67 0.4011 0.8225 0.7955 0.3326
1 0.7354 0.6769 0.4848 0.6450
1 0.1576 0.5345 0.2600 0.4657
1 0.6971 0.4611 0.0923 0.3579
1 0.0306 0.4635 0.0611 0.3595
47 0.5215 0.7489 0.0522 0.1169
47 0.2098 0.7031 0.0530 0.0954
50 0.4076 0.6578 0.0460 0.0394
53 0.7470 0.5212 0.0604 0.0489
1 0.0637 0.2958 0.0531 0.1252
50 0.4769 0.9459 0.1229 0.0269
77 0.6757 0.3625 0.0106 0.0281
1 0.2331 0.4390 0.0428 0.2217
1 0.5251 0.4703 0.2990 0.4737
62 0.9178 0.5899 0.0375 0.0659
62 0.9819 0.7812 0.0361 0.1613
44 0.9848 0.8433 0.0304 0.0486
53 0.1002 0.5696 0.0561 0.0403
59 0.4243 0.6888 0.0652 0.0437
1 0.7675 0.3204 0.0931 0.1123
