72 0.1003 0.2667 0.2006 0.2086
62 0.3403 0.7753 0.1903 0.4237
1 0.5815 0.5589 0.4550 0.8000
1 0.2701 0.4007 0.1846 0.4877
1 0.6497 0.3101 0.1938 0.5708
59 0.8320 0.7979 0.3360 0.2337
59 0.7740 0.4666 0.1171 0.0432
1 0.7944 0.3150 0.1403 0.2758
1 0.9370 0.3231 0.0359 0.0705
1 0.1028 0.6427 0.2056 0.7146
1 0.2115 0.2648 0.0786 0.1253
62 0.8578 0.4343 0.1006 0.1375
62 0.1048 0.7578 0.0578 0.1839
62 0.2263 0.7163 0.1042 0.5024
1 0.9577 0.3331 0.0817 0.2043
59 0.0311 0.3924 0.0606 0.0748
59 0.2998 0.3176 0.0754 0.0448
62 0.7594 0.4051 0.0695 0.1164
