21 0.0716 0.6678 0.1305 0.1447
21 0.2355 0.6360 0.2023 0.2054
21 0.4069 0.6730 0.1576 0.1641
21 0.7234 0.6222 0.2505 0.2453
21 0.4507 0.5777 0.0981 0.0938
21 0.9792 0.6270 0.0415 0.1233
21 0.4745 0.5321 0.0593 0.0306
21 0.5770 0.5955 0.0466 0.1198
21 0.8484 0.5104 0.0543 0.0225
1 0.5104 0.6254 0.0695 0.2474
1 0.6131 0.5378 0.0550 0.1097
1 0.8957 0.6187 0.1094 0.2809
1 0.0901 0.5594 0.0381 0.0916
1 0.9519 0.5965 0.0645 0.1967
1 0.3440 0.6142 0.0543 0.2327
1 0.3816 0.5574 0.0493 0.0759
1 0.6524 0.5129 0.0272 0.0356
1 0.7223 0.5152 0.0341 0.0567
1 0.9343 0.5050 0.0236 0.0652
32 0.5258 0.5507 0.0090 0.0188
32 0.3440 0.5437 0.0044 0.0149
32 0.8976 0.5433 0.0110 0.0335
32 0.7761 0.5434 0.0128 0.0413
32 0.5092 0.5191 0.0036 0.0128
32 0.6208 0.5304 0.0090 0.0116
1 0.7626 0.6184 0.0664 0.3016
21 0.9860 0.5193 0.0281 0.0768
21 0.8713 0.6033 0.1635 0.1775
1 0.3898 0.5140 0.0124 0.0192
1 0.5052 0.5119 0.0225 0.0449
1 0.4969 0.6026 0.9938 0.2664
