28 0.5639 0.5731 0.2094 0.1913
28 0.7538 0.4882 0.1679 0.0558
1 0.2838 0.7524 0.4795 0.4829
1 0.7337 0.6157 0.5326 0.7461
1 0.5342 0.5868 0.0828 0.1759
1 0.6272 0.5947 0.0397 0.1389
1 0.5864 0.5521 0.0633 0.0496
1 0.7121 0.5937 0.0641 0.1574
1 0.7761 0.5834 0.1001 0.1941
1 0.6037 0.6257 0.0721 0.0920
1 0.0357 0.5727 0.0304 0.0422
1 0.2349 0.5224 0.0327 0.0159
10 0.4079 0.3480 0.0849 0.0257
1 0.1988 0.5280 0.0365 0.0283
1 0.4780 0.5830 0.0217 0.0248
1 0.4265 0.5714 0.0230 0.0187
1 0.4260 0.7328 0.8521 0.4719
