3 0.7324 0.5662 0.1621 0.1029
1 0.5529 0.5309 0.3101 0.7191
1 0.8300 0.6012 0.0979 0.2980
1 0.2856 0.4920 0.0730 0.1878
1 0.2199 0.4980 0.0343 0.1777
1 0.2446 0.4660 0.0203 0.0936
15 0.0578 0.6146 0.1155 0.1523
34 0.7255 0.4575 0.0649 0.1301
27 0.8378 0.5631 0.0327 0.0763
1 0.3573 0.3661 0.0353 0.0680
1 0.5823 0.5585 0.0405 0.0942
1 0.2239 0.3695 0.0158 0.0268
1 0.2444 0.3555 0.0257 0.0520
2 0.2837 0.5476 0.1100 0.1000
3 0.8079 0.5241 0.0932 0.0499
3 0.8651 0.5581 0.0452 0.1258
15 0.6247 0.5827 0.0673 0.0645
28 0.3583 0.4420 0.0730 0.1538
1 0.0216 0.3970 0.0220 0.0640
