72 0.5213 0.3638 0.1309 0.1499
62 0.4359 0.9100 0.3924 0.1799
73 0.5641 0.5734 0.1785 0.2093
73 0.3959 0.5609 0.1255 0.1773
73 0.2980 0.5030 0.1160 0.1524
74 0.6975 0.6626 0.0305 0.0398
47 0.8047 0.6905 0.0533 0.0884
76 0.3984 0.6092 0.1152 0.0420
76 0.2985 0.5461 0.1021 0.0267
76 0.5673 0.6143 0.1246 0.0470
76 0.1927 0.4868 0.1196 0.0541
77 0.2955 0.6327 0.0303 0.0392
84 0.2289 0.2117 0.0348 0.1557
84 0.1706 0.0628 0.0316 0.1251
84 0.2090 0.0616 0.0208 0.1210
84 0.1331 0.2162 0.1700 0.1458
84 0.1840 0.0635 0.0245 0.1255
