44 0.4845 0.5523 0.0473 0.2108
77 0.1005 0.2356 0.0261 0.0398
62 0.4318 0.4567 0.0912 0.1409
62 0.0960 0.7261 0.1921 0.5479
1 0.1935 0.6131 0.2680 0.7676
1 0.5256 0.4101 0.2054 0.2962
1 0.7990 0.5225 0.3208 0.4167
1 0.4168 0.3716 0.1480 0.2892
1 0.0849 0.2998 0.1673 0.5965
1 0.5209 0.3046 0.0423 0.0807
47 0.4299 0.7187 0.0613 0.0974
47 0.5298 0.5465 0.0336 0.0770
49 0.7017 0.7126 0.0987 0.0611
44 0.4710 0.3459 0.0129 0.0504
48 0.6813 0.6184 0.0118 0.0380
51 0.6116 0.7263 0.1217 0.0859
64 0.8904 0.4708 0.2192 0.9371
67 0.5811 0.7697 0.5789 0.4382
67 0.3207 0.4431 0.0530 0.0971
77 0.3058 0.4006 0.0219 0.0097
1 0.4566 0.3023 0.0562 0.0947
47 0.5760 0.6253 0.0392 0.1177
47 0.4013 0.6329 0.0383 0.1459
47 0.4065 0.5450 0.0383 0.0447
47 0.5914 0.5971 0.0312 0.1438
47 0.4531 0.5835 0.0277 0.0987
47 0.3445 0.3726 0.0219 0.0475
50 0.6413 0.5998 0.0723 0.0143
62 0.1876 0.3491 0.0246 0.0439
48 0.6897 0.7154 0.1067 0.0726
62 0.9094 0.7208 0.1521 0.5273
