8 0.5452 0.5214 0.5006 0.6382
1 0.0889 0.4860 0.0185 0.1041
1 0.1781 0.4802 0.0329 0.1179
1 0.2022 0.4763 0.0328 0.1080
1 0.2284 0.4820 0.0284 0.1183
1 0.0729 0.4843 0.0247 0.1051
1 0.0416 0.4821 0.0214 0.1009
1 0.9194 0.4815 0.0373 0.1246
1 0.1115 0.4867 0.0250 0.0983
1 0.9543 0.4790 0.0323 0.1300
1 0.4189 0.3739 0.0975 0.1276
1 0.0126 0.4861 0.0252 0.0833
31 0.1794 0.4708 0.0183 0.0319
64 0.8414 0.3556 0.0887 0.0791
64 0.1208 0.3246 0.0500 0.0771
31 0.9199 0.4858 0.0264 0.0215
31 0.9342 0.4875 0.0141 0.0234
31 0.9766 0.4885 0.0083 0.0209
31 0.2865 0.4689 0.0115 0.0335
1 0.0551 0.4846 0.0215 0.1064
64 0.8846 0.3189 0.0208 0.0140
1 0.6466 0.3802 0.0975 0.1323
1 0.6156 0.4833 0.7375 0.1167
