51 0.8355 0.0860 0.2129 0.1391
51 0.6533 0.1060 0.1681 0.1395
55 0.5857 0.0940 0.0421 0.0494
55 0.6804 0.0291 0.0525 0.0581
55 0.7050 0.0759 0.0531 0.0605
55 0.6349 0.0586 0.1421 0.1167
60 0.7377 0.4964 0.0921 0.1212
60 0.6563 0.5387 0.1050 0.1323
60 0.7931 0.4175 0.0910 0.1157
60 0.3094 0.5817 0.0938 0.0965
60 0.2122 0.5762 0.0990 0.1079
60 0.1149 0.5722 0.0998 0.1086
60 0.5843 0.3631 0.0939 0.0831
60 0.3639 0.3251 0.0873 0.0890
60 0.1017 0.3749 0.0882 0.0938
60 0.7919 0.3285 0.0727 0.0978
60 0.8585 0.4011 0.0755 0.0814
60 0.6653 0.3914 0.1010 0.1086
67 0.4987 0.4888 0.9935 0.9688
55 0.6330 0.0979 0.0473 0.0415
60 0.7016 0.3695 0.0626 0.0919
60 0.4380 0.4533 0.8760 0.3680
