2 0.6656 0.6683 0.1732 0.1441
2 0.8068 0.5963 0.0953 0.0831
2 0.7222 0.5980 0.0683 0.0981
2 0.7275 0.5304 0.0931 0.0426
1 0.5518 0.6540 0.1428 0.3135
2 0.8658 0.6345 0.0662 0.1110
2 0.4456 0.6666 0.1442 0.1449
2 0.9391 0.6210 0.1009 0.1545
3 0.8722 0.4915 0.1166 0.0514
3 0.2435 0.4887 0.0564 0.0204
1 0.6579 0.6183 0.0935 0.2264
1 0.5006 0.5622 0.0865 0.1177
8 0.6388 0.4725 0.2561 0.0899
1 0.7987 0.4923 0.0174 0.0410
8 0.3217 0.4810 0.0344 0.0232
8 0.8729 0.4911 0.1165 0.0533
33 0.4080 0.6821 0.2010 0.1134
1 0.2282 0.4769 0.0127 0.0138
1 0.2164 0.4779 0.0100 0.0211
2 0.8953 0.5985 0.0503 0.0528
2 0.9820 0.6039 0.0351 0.0459
1 0.7198 0.5121 0.0417 0.0661
2 0.8751 0.5673 0.0714 0.0270
2 0.9923 0.6413 0.0154 0.0563
