63 0.5497 0.8211 0.8241 0.3578
32 0.8651 0.3452 0.0457 0.1370
32 0.5988 0.4300 0.0404 0.2093
32 0.3339 0.3739 0.0311 0.1387
32 0.1540 0.4318 0.0388 0.2234
32 0.4388 0.2202 0.0278 0.1120
1 0.1115 0.5462 0.2230 0.8901
1 0.3418 0.5407 0.2550 0.9185
1 0.4523 0.2284 0.1110 0.2774
1 0.8707 0.5316 0.2586 0.9146
1 0.5967 0.5462 0.2962 0.8874
1 0.7147 0.2336 0.0433 0.1284
1 0.2570 0.2193 0.0757 0.1846
62 0.7469 0.4332 0.0353 0.1700
62 0.7217 0.3584 0.0246 0.0468
62 0.6959 0.3328 0.0146 0.0159
62 0.6780 0.3076 0.0439 0.0521
62 0.7010 0.3161 0.0266 0.0625
62 0.7218 0.3187 0.0311 0.0665
62 0.7434 0.3348 0.0239 0.0799
62 0.7582 0.3317 0.0297 0.0612
