62 0.6157 0.2963 0.0515 0.0344
62 0.5657 0.2969 0.0517 0.0323
62 0.8051 0.3567 0.0525 0.0358
62 0.6540 0.3259 0.0555 0.0302
62 0.7068 0.3268 0.0537 0.0345
62 0.7585 0.3247 0.0565 0.0334
62 0.8157 0.3229 0.0533 0.0333
62 0.7501 0.3581 0.0571 0.0357
62 0.6954 0.3602 0.0543 0.0352
62 0.6409 0.3606 0.0549 0.0342
62 0.5862 0.3618 0.0581 0.0341
1 0.6617 0.4412 0.0705 0.0474
1 0.5038 0.5710 0.2515 0.3302
1 0.1215 0.5502 0.0694 0.0561
43 0.4136 0.4630 0.0214 0.0641
1 0.2491 0.5890 0.0868 0.0460
1 0.0855 0.5336 0.0381 0.0479
1 0.9698 0.5502 0.0594 0.0373
1 0.0401 0.5518 0.0393 0.0498
1 0.0237 0.5330 0.0474 0.0505
1 0.5877 0.4413 0.0706 0.0535
1 0.7709 0.5447 0.1213 0.0531
37 0.5913 0.2912 0.0152 0.0104
62 0.3452 0.3326 0.0522 0.0310
1 0.9810 0.3045 0.0364 0.0625
1 0.7862 0.5522 0.0794 0.0389
62 0.3951 0.3335 0.0542 0.0348
1 0.6541 0.5434 0.0967 0.0597
62 0.4988 0.2984 0.9977 0.5969
1 0.3630 0.5250 0.7213 0.1219
