67 0.5145 0.7376 0.9349 0.4918
1 0.7708 0.3403 0.1514 0.2077
1 0.3215 0.3366 0.1239 0.2478
15 0.7604 0.6002 0.4792 0.1176
15 0.1483 0.8213 0.2906 0.3483
15 0.9200 0.8967 0.1599 0.1794
15 0.9668 0.2834 0.0664 0.0212
15 0.8043 0.2375 0.0174 0.0113
60 0.4408 0.7333 0.0729 0.0346
60 0.3325 0.6782 0.0617 0.0255
60 0.5202 0.7326 0.0721 0.0317
60 0.4594 0.6953 0.0702 0.0296
60 0.3140 0.6537 0.0585 0.0226
60 0.3545 0.6423 0.0509 0.0272
60 0.6218 0.7627 0.0750 0.0274
60 0.4004 0.6800 0.0783 0.0323
60 0.2882 0.6047 0.0591 0.0219
60 0.2574 0.5896 0.0535 0.0206
60 0.2333 0.6000 0.0551 0.0215
60 0.6104 0.7395 0.0768 0.0285
15 0.5916 0.5241 0.4221 0.0488
67 0.5318 0.4731 0.8381 0.0735
60 0.1560 0.5647 0.0563 0.0192
60 0.5156 0.5836 0.8438 0.2859
