44 0.1265 0.5696 0.0211 0.0753
1 0.4440 0.2794 0.2119 0.2921
1 0.4011 0.6803 0.2220 0.5212
1 0.6365 0.3736 0.0574 0.0852
1 0.7014 0.4209 0.0921 0.1539
1 0.7243 0.3563 0.0598 0.1367
1 0.7410 0.7004 0.1988 0.4910
1 0.9462 0.6229 0.1076 0.3436
1 0.6844 0.6093 0.1316 0.3380
1 0.2239 0.6759 0.1539 0.4701
1 0.5153 0.6981 0.1942 0.5105
1 0.2933 0.7009 0.1744 0.4278
1 0.2479 0.4273 0.0603 0.1351
15 0.7749 0.7915 0.3726 0.0573
41 0.3835 0.6638 0.1475 0.1013
41 0.2712 0.7745 0.0861 0.2968
41 0.5039 0.7761 0.0825 0.3053
41 0.7531 0.9563 0.1921 0.0557
41 0.5174 0.4143 0.1624 0.0937
1 0.6225 0.4363 0.0828 0.1508
1 0.4992 0.6507 0.9984 0.6939
