82 0.9168 0.1777 0.0498 0.2652
82 0.7418 0.1845 0.0393 0.2117
1 0.2090 0.1828 0.0731 0.0807
57 0.2458 0.4248 0.1388 0.0613
57 0.2291 0.4380 0.1278 0.0358
57 0.3147 0.6902 0.0813 0.1294
57 0.1378 0.7549 0.0594 0.0910
57 0.2436 0.6826 0.4873 0.5730
1 0.3200 0.1638 0.0406 0.0416
1 0.4416 0.1841 0.0265 0.0298
1 0.0928 0.2112 0.0664 0.1543
1 0.2548 0.1851 0.0537 0.0792
82 0.8730 0.1865 0.0594 0.2498
82 0.8303 0.1880 0.0507 0.2272
82 0.7844 0.1824 0.0359 0.2157
82 0.9662 0.1994 0.0677 0.2586
1 0.0368 0.1585 0.0719 0.1813
1 0.4965 0.1905 0.0406 0.0394
