44 0.3098 0.3289 0.0579 0.1658
44 0.6370 0.5936 0.0575 0.2340
77 0.6228 0.8023 0.0441 0.1154
84 0.4315 0.3962 0.1011 0.1540
84 0.4501 0.1725 0.1284 0.0207
84 0.9453 0.2719 0.1094 0.0497
84 0.4494 0.0991 0.1614 0.0353
31 0.8117 0.8189 0.1152 0.1855
44 0.2973 0.2675 0.0802 0.2667
44 0.8498 0.6235 0.0464 0.1536
85 0.6785 0.8107 0.0362 0.1082
27 0.2377 0.5662 0.2263 0.4416
31 0.1338 0.7642 0.1789 0.2242
84 0.4486 0.1434 0.1479 0.0458
84 0.4477 0.1998 0.1430 0.0624
84 0.4511 0.1277 0.1399 0.0271
84 0.9383 0.2675 0.1235 0.0960
84 0.9631 0.3794 0.0739 0.0338
84 0.6307 0.1651 0.1624 0.1189
84 0.6291 0.2166 0.1672 0.0821
84 0.6202 0.2700 0.1474 0.0373
84 0.4431 0.2471 0.1541 0.0374
84 0.5234 0.6423 0.1281 0.1856
