62 0.6643 0.1187 0.0872 0.1928
62 0.5755 0.1179 0.0971 0.2059
1 0.2576 0.4817 0.3043 0.7888
1 0.7878 0.5281 0.2983 0.7731
1 0.8871 0.1614 0.1014 0.3206
1 0.0275 0.0503 0.0549 0.1006
43 0.2841 0.6923 0.0732 0.1411
43 0.8628 0.6794 0.0970 0.2178
1 0.5171 0.0224 0.0614 0.0444
37 0.1236 0.4627 0.0155 0.0271
1 0.3703 0.0334 0.0860 0.0668
1 0.2869 0.0402 0.1090 0.0790
1 0.1773 0.0448 0.0880 0.0896
27 0.7102 0.1542 0.0322 0.0752
1 0.0911 0.0490 0.0683 0.0981
1 0.4480 0.0270 0.0824 0.0541
1 0.5919 0.0217 0.0770 0.0433
