35 0.9172 0.7243 0.1111 0.0564
35 0.7851 0.6400 0.1015 0.0640
35 0.6737 0.5278 0.0921 0.0888
35 0.5844 0.4061 0.0491 0.0925
35 0.3563 0.2818 0.0565 0.0629
1 0.9281 0.6596 0.0755 0.1667
1 0.7901 0.5795 0.0663 0.1345
1 0.6900 0.4776 0.0611 0.1393
1 0.6153 0.3832 0.0770 0.0953
1 0.4940 0.2661 0.0343 0.0916
1 0.1970 0.4844 0.0356 0.0541
1 0.3924 0.2404 0.0376 0.0529
1 0.3504 0.2528 0.0335 0.0793
1 0.5484 0.3054 0.0631 0.0783
1 0.4396 0.2466 0.0387 0.0514
1 0.2812 0.3180 0.0440 0.0414
1 0.3128 0.2745 0.0389 0.0609
1 0.2251 0.4211 0.0458 0.0413
35 0.5177 0.2843 0.0166 0.0639
35 0.4453 0.2081 0.0458 0.0403
35 0.4143 0.2578 0.0087 0.1155
35 0.4852 0.2235 0.0669 0.0830
35 0.2569 0.3170 0.0540 0.0658
35 0.2400 0.4132 0.0131 0.0223
35 0.3053 0.3003 0.0441 0.0177
1 0.2469 0.3642 0.0250 0.0716
