20 0.7499 0.6550 0.1385 0.1935
20 0.6958 0.5375 0.0720 0.0667
20 0.5111 0.4484 0.0310 0.0556
20 0.4676 0.5170 0.0692 0.0702
20 0.4227 0.6048 0.0716 0.0896
20 0.5200 0.5124 0.0418 0.0452
20 0.3982 0.4678 0.0780 0.0457
20 0.6758 0.4707 0.0279 0.0643
20 0.8017 0.8133 0.1473 0.2414
20 0.6229 0.7212 0.1189 0.1739
20 0.8886 0.6528 0.1057 0.1281
20 0.4793 0.6572 0.1278 0.1547
20 0.5980 0.5391 0.0792 0.0850
20 0.7615 0.5508 0.1204 0.1023
20 0.8451 0.5713 0.0849 0.1484
1 0.0934 0.4032 0.0582 0.2298
20 0.5914 0.5428 0.8047 0.3575
