19 0.1330 0.7082 0.2631 0.5728
1 0.4595 0.6814 0.0617 0.2964
1 0.3049 0.5985 0.1086 0.4044
1 0.3786 0.5437 0.0447 0.1964
1 0.5685 0.5037 0.0192 0.0547
1 0.4663 0.5268 0.0351 0.1172
1 0.5238 0.5461 0.0507 0.2337
1 0.5562 0.5668 0.0330 0.1433
1 0.7526 0.6718 0.1223 0.4652
1 0.8300 0.6784 0.1051 0.4257
1 0.6800 0.5682 0.0617 0.2493
1 0.6435 0.5595 0.0532 0.2322
31 0.3023 0.5404 0.0785 0.1391
31 0.8640 0.7037 0.0475 0.1319
1 0.6133 0.5465 0.0373 0.1756
1 0.4834 0.5564 0.0296 0.1661
1 0.4617 0.6000 0.9203 0.4847
