72 0.6700 0.2045 0.3396 0.3427
73 0.3452 0.5996 0.6112 0.7506
73 0.8182 0.4772 0.3636 0.5865
84 0.2259 0.0912 0.0603 0.0398
84 0.2384 0.1418 0.0577 0.0788
84 0.2979 0.1308 0.0698 0.0453
84 0.2871 0.0488 0.0678 0.0362
47 0.6246 0.3728 0.0479 0.0981
84 0.2960 0.1022 0.0672 0.0372
84 0.4120 0.9040 0.3430 0.1719
84 0.8737 0.8233 0.2489 0.0921
84 0.2877 0.2162 0.1061 0.0333
84 0.2266 0.0686 0.0680 0.0401
84 0.2777 0.0207 0.0632 0.0203
84 0.2916 0.2543 0.1098 0.0341
84 0.2926 0.0712 0.0554 0.0343
84 0.8884 0.8767 0.1993 0.1223
84 0.5610 0.1450 0.8460 0.2750
