1 0.1995 0.7981 0.0468 0.1659
1 0.1293 0.7213 0.0675 0.1011
1 0.1621 0.8199 0.0512 0.1323
1 0.2874 0.6660 0.0475 0.0654
1 0.3409 0.6737 0.0349 0.0758
1 0.0831 0.7523 0.0495 0.0848
73 0.6702 0.7399 0.4989 0.5000
62 0.9609 0.4776 0.0782 0.2421
1 0.2821 0.7504 0.0414 0.1284
1 0.2313 0.6958 0.0496 0.1284
1 0.0299 0.7822 0.0598 0.0788
1 0.3215 0.2907 0.0405 0.1819
1 0.3923 0.6915 0.0351 0.0718
62 0.1628 0.8560 0.0724 0.0819
67 0.1321 0.7868 0.1015 0.0816
62 0.9719 0.6136 0.0563 0.2110
62 0.9847 0.4032 0.0305 0.1089
67 0.3153 0.6635 0.0419 0.0514
