1 0.8813 0.8399 0.1287 0.2910
1 0.7654 0.8365 0.1277 0.2781
1 0.6508 0.8457 0.1310 0.2883
1 0.5068 0.8334 0.1478 0.3256
1 0.3658 0.8382 0.1420 0.3052
1 0.2539 0.8322 0.1304 0.2937
1 0.7988 0.7090 0.0987 0.3708
1 0.0743 0.6602 0.0846 0.2373
1 0.4657 0.5103 0.0847 0.3067
1 0.1709 0.8244 0.1293 0.3029
1 0.2453 0.6574 0.0888 0.2444
32 0.2873 0.1799 0.0205 0.1199
32 0.4408 0.1484 0.0205 0.0903
32 0.4575 0.5052 0.0139 0.1034
32 0.8936 0.4315 0.0179 0.1043
32 0.9087 0.2565 0.0119 0.0248
32 0.0947 0.3927 0.0119 0.0430
32 0.2303 0.5033 0.0135 0.0759
32 0.5011 0.7854 0.0213 0.0361
32 0.0653 0.8162 0.0102 0.0513
32 0.5571 0.1011 0.0132 0.0209
32 0.3708 0.8078 0.0149 0.0322
32 0.0733 0.5163 0.0144 0.0484
1 0.3291 0.3252 0.0539 0.2764
1 0.2300 0.5090 0.0782 0.2712
32 0.1876 0.7916 0.0122 0.0435
1 0.5000 0.4987 0.9969 0.9975
32 0.1172 0.5783 0.1000 0.2222
