28 0.3048 0.0216 0.0949 0.0425
37 0.6616 0.6471 0.0393 0.0615
62 0.8627 0.0938 0.0669 0.1114
62 0.2743 0.0761 0.0328 0.0738
1 0.4387 0.5189 0.1314 0.3249
1 0.9367 0.5197 0.1265 0.3502
1 0.6778 0.0749 0.0500 0.1499
1 0.7364 0.0745 0.0559 0.1467
1 0.7945 0.0900 0.0509 0.1190
1 0.8930 0.0803 0.0420 0.1217
1 0.9748 0.0947 0.0499 0.1015
1 0.3006 0.0670 0.0470 0.1054
1 0.0915 0.0484 0.0499 0.0951
1 0.4264 0.5220 0.0794 0.2268
15 0.5183 0.0733 0.3061 0.1350
62 0.0201 0.0550 0.0403 0.0970
62 0.1240 0.0608 0.0245 0.0769
1 0.9255 0.0804 0.0119 0.0691
1 0.0532 0.0559 0.0316 0.1074
62 0.2336 0.0618 0.0638 0.1044
62 0.0883 0.0790 0.0415 0.0504
1 0.4314 0.0479 0.0229 0.0523
62 0.9586 0.1116 0.0212 0.0600
62 0.3070 0.0980 0.0123 0.0355
1 0.5375 0.0597 0.8219 0.1194
