1 0.1083 0.8247 0.2087 0.3146
1 0.2516 0.8169 0.1678 0.3438
1 0.0975 0.5854 0.1326 0.3663
1 0.7302 0.8063 0.2209 0.3333
1 0.6051 0.1610 0.0880 0.2207
1 0.9051 0.6622 0.1564 0.4527
1 0.7097 0.1430 0.0899 0.2117
1 0.5552 0.5851 0.1118 0.3258
1 0.4446 0.2703 0.1059 0.2879
1 0.7968 0.1236 0.1268 0.2427
1 0.4476 0.6028 0.1463 0.3685
32 0.7085 0.7686 0.0192 0.0396
32 0.5613 0.7688 0.0158 0.0268
32 0.9054 0.5490 0.0180 0.0339
32 0.1019 0.7968 0.0179 0.0454
32 0.1051 0.5177 0.0220 0.0391
32 0.2206 0.5157 0.0143 0.0291
32 0.5586 0.5369 0.0112 0.0384
32 0.5523 0.2338 0.0151 0.0261
32 0.2730 0.7782 0.0189 0.0366
32 0.2521 0.1087 0.0124 0.0288
32 0.3866 0.1241 0.0126 0.0251
32 0.4901 0.1362 0.0112 0.0286
62 0.0516 0.7916 0.0146 0.1646
62 0.3655 0.7074 0.0297 0.0280
62 0.4942 0.7044 0.0139 0.0329
62 0.6088 0.7060 0.0136 0.0335
1 0.6636 0.6041 0.1154 0.3929
62 0.9631 0.7945 0.0312 0.1816
62 0.2058 0.7053 0.0268 0.0242
62 0.7777 0.7147 0.0312 0.0565
1 0.7747 0.5792 0.1240 0.3453
32 0.5927 0.1435 0.0138 0.0282
1 0.4940 0.4919 0.9440 0.9839
32 0.4970 0.5069 0.7580 0.5806
