1 0.6583 0.5137 0.1109 0.5000
1 0.4465 0.4011 0.0257 0.0365
1 0.8803 0.4141 0.0706 0.1559
4 0.4349 0.6360 0.1896 0.4404
1 0.6020 0.3767 0.0446 0.1051
1 0.7286 0.4077 0.0376 0.2083
4 0.2015 0.6276 0.1702 0.3536
4 0.0833 0.5815 0.1638 0.4173
4 0.9418 0.6756 0.1165 0.5127
4 0.7805 0.6429 0.1638 0.4904
4 0.3131 0.5981 0.2027 0.4545
4 0.5486 0.5618 0.1109 0.2984
4 0.8924 0.5221 0.1238 0.2313
4 0.8320 0.5084 0.0578 0.2725
4 0.4109 0.4740 0.0837 0.1524
4 0.2204 0.4064 0.1215 0.1290
4 0.2952 0.4848 0.0760 0.1491
