3 0.2478 0.4600 0.1373 0.1141
3 0.3032 0.4477 0.0996 0.0861
3 0.5172 0.4565 0.1903 0.0972
3 0.7028 0.4191 0.0426 0.0411
4 0.8321 0.6622 0.3018 0.3071
4 0.5232 0.6424 0.2299 0.2427
4 0.2103 0.6527 0.2330 0.2789
4 0.4700 0.4766 0.0772 0.0819
1 0.4996 0.6165 0.1096 0.2974
1 0.1738 0.6163 0.1092 0.3634
1 0.8336 0.6247 0.1349 0.4270
1 0.6321 0.4735 0.1066 0.1627
1 0.6086 0.4323 0.0551 0.0901
10 0.7890 0.3143 0.0144 0.0522
10 0.8404 0.2812 0.0110 0.0147
1 0.4737 0.4437 0.0373 0.1106
1 0.4492 0.4453 0.0247 0.1064
1 0.7450 0.4328 0.0082 0.0452
1 0.6965 0.4196 0.0150 0.0574
1 0.6716 0.4173 0.0142 0.0578
10 0.3196 0.3550 0.0098 0.0403
27 0.8803 0.5549 0.0514 0.1349
3 0.5650 0.4185 0.0351 0.0344
3 0.4287 0.4210 0.0287 0.0297
3 0.3768 0.4324 0.0831 0.0544
3 0.4247 0.4354 0.0267 0.0432
4 0.6468 0.6004 0.1913 0.1815
4 0.5777 0.4675 0.0406 0.0770
10 0.3116 0.3564 0.0082 0.0391
3 0.5433 0.4181 0.0591 0.0349
10 0.8189 0.3077 0.0098 0.0595
3 0.4883 0.4052 0.0264 0.0104
