82 0.1230 0.3917 0.2142 0.3893
1 0.8662 0.4186 0.2438 0.5168
1 0.5338 0.3971 0.2219 0.4313
1 0.1290 0.3674 0.1938 0.4290
49 0.0822 0.7659 0.0609 0.0447
50 0.6608 0.5204 0.0693 0.1004
51 0.7703 0.7152 0.1730 0.1059
51 0.7654 0.5688 0.1573 0.0457
60 0.3027 0.6325 0.0405 0.0345
60 0.3394 0.6388 0.0375 0.0361
60 0.3786 0.6416 0.0401 0.0319
60 0.4893 0.6528 0.0416 0.0397
60 0.2650 0.6334 0.0326 0.0321
60 0.4037 0.5992 0.0407 0.0310
47 0.6605 0.7153 0.0576 0.0843
47 0.6237 0.7026 0.0528 0.1061
60 0.4303 0.6460 0.0428 0.0347
60 0.3668 0.5958 0.0340 0.0314
60 0.4517 0.6331 0.0381 0.0337
60 0.2854 0.6138 0.0252 0.0169
51 0.7138 0.4828 0.0260 0.0478
60 0.3245 0.6156 0.0318 0.0221
60 0.4998 0.6343 0.0401 0.0344
60 0.3590 0.6245 0.0397 0.0361
