3 0.4230 0.5064 0.1545 0.1170
3 0.2610 0.4684 0.0502 0.0290
3 0.1207 0.4605 0.0419 0.0182
3 0.0643 0.4592 0.0386 0.0272
3 0.3174 0.4714 0.0455 0.0342
1 0.9534 0.7483 0.0933 0.4315
1 0.3745 0.5281 0.0283 0.1098
1 0.8826 0.6003 0.0821 0.2243
1 0.2074 0.5968 0.0764 0.2000
1 0.5760 0.5464 0.0486 0.1395
1 0.7833 0.4866 0.0187 0.0672
1 0.3370 0.5039 0.0404 0.0624
1 0.3033 0.5684 0.0614 0.1685
1 0.2708 0.5117 0.0335 0.0899
1 0.3896 0.6031 0.0328 0.2050
1 0.4317 0.6164 0.0978 0.2310
4 0.3006 0.6082 0.0749 0.1395
8 0.6346 0.5075 0.2833 0.2299
10 0.7527 0.1958 0.0241 0.0722
10 0.8737 0.3558 0.0163 0.0484
3 0.0093 0.4564 0.0186 0.0147
4 0.6057 0.8187 0.1981 0.3331
4 0.4200 0.6930 0.1042 0.1962
4 0.8768 0.8223 0.1437 0.2406
4 0.8530 0.6939 0.1222 0.1276
4 0.7625 0.6218 0.0964 0.1219
4 0.1996 0.6414 0.0911 0.1979
4 0.0718 0.5198 0.0321 0.0728
4 0.0182 0.5257 0.0250 0.0659
4 0.0262 0.6305 0.0525 0.0998
4 0.3480 0.5768 0.0386 0.1067
4 0.5812 0.6180 0.1075 0.1402
1 0.6164 0.6942 0.1307 0.3206
3 0.2786 0.4691 0.0339 0.0251
4 0.1357 0.5313 0.0215 0.0391
1 0.7788 0.5773 0.0643 0.1874
1 0.5008 0.5865 0.9953 0.2979
4 0.5047 0.3115 0.9875 0.6188
