1 0.7193 0.5522 0.5615 0.8956
1 0.3703 0.4228 0.1968 0.4849
1 0.2234 0.6615 0.4468 0.6771
46 0.4198 0.5656 0.0990 0.1933
1 0.4959 0.2765 0.1147 0.2277
1 0.3185 0.3355 0.0865 0.3306
44 0.3568 0.8644 0.0810 0.2711
44 0.4364 0.8908 0.0880 0.2185
44 0.6523 0.8300 0.0706 0.3223
44 0.7482 0.8522 0.0920 0.2953
44 0.5871 0.8811 0.0942 0.2259
44 0.5034 0.8489 0.0814 0.2753
44 0.3552 0.6278 0.0241 0.0727
44 0.3180 0.7217 0.0475 0.1937
44 0.2489 0.5953 0.0459 0.1675
44 0.2069 0.6705 0.0247 0.0707
44 0.1721 0.6432 0.0211 0.0735
44 0.2418 0.6514 0.0345 0.0977
44 0.4753 0.4729 0.1116 0.1142
