18 0.6045 0.8313 0.0788 0.1596
18 0.1598 0.4349 0.0444 0.0538
18 0.7934 0.5246 0.1245 0.1173
18 0.3631 0.4766 0.1315 0.1118
18 0.5173 0.2635 0.0449 0.0730
18 0.0395 0.5495 0.0758 0.1097
62 0.1854 0.6779 0.1234 0.2298
27 0.4796 0.6126 0.0803 0.1750
1 0.4490 0.4187 0.0926 0.2372
1 0.6834 0.4936 0.1024 0.3554
1 0.7944 0.1064 0.0397 0.1775
1 0.6182 0.1217 0.0418 0.0841
1 0.6735 0.0993 0.0309 0.1581
1 0.5991 0.0918 0.0338 0.1276
1 0.5562 0.2133 0.0609 0.2410
1 0.4047 0.1807 0.0442 0.2182
1 0.4795 0.1313 0.0356 0.1568
1 0.2053 0.0777 0.0307 0.0821
1 0.1726 0.0735 0.0352 0.0748
1 0.3805 0.6644 0.0836 0.4502
18 0.0717 0.3185 0.0889 0.0736
37 0.1192 0.5936 0.0304 0.0392
62 0.7057 0.7586 0.1037 0.1530
1 0.8929 0.4800 0.1085 0.3595
18 0.2200 0.3027 0.0967 0.0950
18 0.6990 0.1662 0.0329 0.0610
18 0.9809 0.3048 0.0148 0.0307
18 0.6849 0.5538 0.0802 0.0749
18 0.2188 0.2291 0.0262 0.0674
1 0.5039 0.4573 0.9891 0.9146
