3 0.5674 0.5360 0.0780 0.0844
3 0.9447 0.6118 0.1106 0.1269
3 0.9357 0.5795 0.1284 0.1646
3 0.5063 0.5047 0.0394 0.0449
3 0.3692 0.4913 0.0401 0.0329
6 0.1971 0.4585 0.1792 0.2265
1 0.4304 0.7629 0.3881 0.4452
1 0.0905 0.5261 0.0332 0.1654
1 0.2516 0.5300 0.0322 0.1511
1 0.0494 0.5109 0.0214 0.1136
1 0.0284 0.5042 0.0445 0.1260
10 0.4701 0.1469 0.0329 0.0966
1 0.0638 0.5114 0.0241 0.1136
3 0.4728 0.4925 0.0296 0.0398
3 0.5404 0.4730 0.0163 0.0244
10 0.3789 0.3985 0.0105 0.0266
27 0.2541 0.8931 0.1737 0.2137
10 0.4717 0.4347 0.0098 0.0190
10 0.5608 0.4363 0.0082 0.0146
1 0.9337 0.4923 0.0433 0.0675
3 0.4321 0.4845 0.0203 0.0246
10 0.5358 0.4043 0.0112 0.0268
10 0.3647 0.3907 0.0104 0.0271
10 0.5553 0.3936 0.0110 0.0316
