6 0.1482 0.5153 0.2936 0.1105
1 0.5781 0.6717 0.0654 0.2415
1 0.0368 0.7611 0.0729 0.3287
1 0.8517 0.6892 0.0562 0.2535
1 0.6506 0.6613 0.0361 0.1762
1 0.3381 0.7790 0.0580 0.3744
1 0.7278 0.6167 0.0515 0.1181
1 0.7781 0.5957 0.0422 0.0746
1 0.8135 0.6537 0.0279 0.1672
28 0.1315 0.6063 0.1714 0.1395
28 0.5698 0.5689 0.0907 0.1162
28 0.8644 0.5252 0.1056 0.0727
28 0.3191 0.5833 0.1294 0.0977
28 0.3798 0.5565 0.0580 0.0348
27 0.3628 0.6918 0.0599 0.1296
27 0.5363 0.6258 0.0200 0.0586
1 0.8982 0.6573 0.0464 0.2090
1 0.4469 0.6445 0.0239 0.1277
3 0.4541 0.6410 0.0957 0.0812
11 0.3063 0.7196 0.0380 0.0896
28 0.7444 0.6870 0.1259 0.1265
28 0.9193 0.5627 0.0857 0.0640
28 0.6865 0.5690 0.0492 0.0259
28 0.4528 0.5908 0.0437 0.0460
31 0.4435 0.6328 0.0163 0.0342
1 0.5054 0.6377 0.0231 0.1248
1 0.0864 0.7890 0.1727 0.3937
31 0.7493 0.7973 0.0538 0.1433
31 0.0253 0.8063 0.0399 0.1583
1 0.6273 0.6600 0.0263 0.1540
28 0.5454 0.5687 0.0451 0.0228
28 0.6054 0.5685 0.0445 0.0386
31 0.6390 0.6276 0.0160 0.0605
1 0.6695 0.7347 0.6078 0.4601
