62 0.8457 0.7240 0.1449 0.1393
62 0.4551 0.8029 0.5974 0.3007
62 0.0964 0.7122 0.1507 0.1299
62 0.2126 0.6706 0.0883 0.0997
62 0.4731 0.6400 0.0995 0.0771
62 0.6008 0.6422 0.0775 0.0582
62 0.6299 0.6391 0.0403 0.0813
62 0.0390 0.6761 0.0781 0.1189
62 0.7204 0.6262 0.0528 0.0587
62 0.7431 0.6032 0.0483 0.0352
67 0.4922 0.7792 0.2686 0.2089
67 0.4990 0.6481 0.1577 0.0633
28 0.1210 0.5742 0.1748 0.5090
28 0.2834 0.5506 0.0614 0.2685
28 0.5854 0.5235 0.0800 0.1860
28 0.6660 0.5316 0.1571 0.3294
28 0.8789 0.4663 0.2422 0.4517
62 0.4185 0.6500 0.1008 0.0717
67 0.1264 0.6557 0.1282 0.0204
67 0.0930 0.6604 0.1860 0.0270
9 0.5146 0.5369 0.0486 0.0122
9 0.4582 0.5328 0.0524 0.0062
9 0.4853 0.5235 0.0353 0.0075
9 0.5357 0.5259 0.0394 0.0073
9 0.5633 0.5349 0.0242 0.0115
9 0.0404 0.5286 0.0373 0.0166
9 0.2344 0.5249 0.0497 0.0101
9 0.0118 0.5213 0.0237 0.0131
67 0.7620 0.6962 0.0511 0.1208
67 0.7549 0.6079 0.0313 0.0102
9 0.3702 0.5203 0.0255 0.0061
9 0.4088 0.5228 0.0316 0.0059
9 0.3608 0.5331 0.0419 0.0080
9 0.0525 0.5152 0.0240 0.0130
9 0.5422 0.5281 0.4660 0.0563
