44 0.0159 0.8269 0.0318 0.1569
77 0.9351 0.9420 0.0787 0.0395
82 0.7198 0.4924 0.2659 0.6532
44 0.3066 0.5676 0.0239 0.1464
67 0.6104 0.8857 0.7791 0.2014
1 0.5884 0.6010 0.1574 0.5079
47 0.8578 0.9105 0.0562 0.1009
55 0.6606 0.8959 0.0451 0.0579
55 0.7764 0.8952 0.0450 0.0626
79 0.1104 0.7685 0.2149 0.4225
81 0.3235 0.6239 0.2499 0.1011
51 0.8074 0.9388 0.0755 0.0800
51 0.3028 0.5631 0.0675 0.0883
55 0.6249 0.8798 0.0369 0.0551
55 0.6698 0.8643 0.0202 0.0188
73 0.7875 0.8511 0.1860 0.0696
44 0.0230 0.9297 0.0428 0.1379
1 0.5035 0.6287 0.1540 0.4075
