1 0.2820 0.3812 0.0185 0.0484
1 0.4029 0.3731 0.0246 0.0554
1 0.5634 0.3831 0.0158 0.0398
1 0.6176 0.3700 0.0112 0.0319
1 0.6375 0.3637 0.0175 0.0574
1 0.9768 0.6353 0.0384 0.1185
42 0.7292 0.4879 0.0264 0.1429
42 0.5144 0.2836 0.0148 0.0452
1 0.3212 0.3746 0.0139 0.0557
42 0.4555 0.3616 0.0240 0.0699
1 0.1388 0.3343 0.0164 0.0227
1 0.4738 0.3860 0.0212 0.0372
1 0.4573 0.3474 0.0216 0.0443
1 0.5864 0.3638 0.0160 0.0609
1 0.0883 0.3369 0.0158 0.0305
42 0.9815 0.6939 0.0357 0.0222
42 0.6027 0.3780 0.0130 0.0226
42 0.3991 0.3912 0.0189 0.0274
1 0.7389 0.4719 0.0409 0.1367
1 0.3438 0.3156 0.3844 0.0984
