42 0.5780 0.5820 0.2964 0.6247
42 0.4298 0.4921 0.3808 0.7011
42 0.8146 0.5214 0.1727 0.6337
42 0.6405 0.1587 0.0488 0.0670
42 0.3004 0.1779 0.0085 0.0256
1 0.1221 0.5821 0.1396 0.2891
1 0.5653 0.6237 0.2040 0.4570
1 0.8069 0.6699 0.1517 0.4797
1 0.8739 0.6414 0.0941 0.4466
1 0.4357 0.5545 0.1545 0.5527
1 0.2086 0.1490 0.0478 0.1035
1 0.1233 0.2021 0.0435 0.1702
1 0.2896 0.1710 0.0297 0.0566
1 0.2814 0.3603 0.0743 0.2716
42 0.3845 0.1535 0.1023 0.0132
62 0.5082 0.2536 0.2539 0.0886
62 0.8154 0.1764 0.1537 0.0925
62 0.0513 0.2233 0.1027 0.2044
62 0.2985 0.1826 0.2222 0.0710
62 0.3013 0.2173 0.2450 0.0765
62 0.3744 0.2249 0.0359 0.0573
62 0.4385 0.3002 0.0767 0.0278
62 0.6130 0.2862 0.0554 0.0952
62 0.4383 0.3686 0.0794 0.0310
1 0.2980 0.5762 0.1086 0.3098
1 0.0782 0.1044 0.0309 0.0369
1 0.5068 0.2038 0.0254 0.1052
1 0.0642 0.1142 0.0136 0.0233
62 0.4280 0.3550 0.0817 0.0264
62 0.4475 0.1960 0.1036 0.1576
1 0.5625 0.1342 0.8719 0.2469
