85 0.5718 0.0389 0.0347 0.0546
3 0.8650 0.8174 0.0483 0.0640
3 0.9707 0.8722 0.0587 0.1350
1 0.1569 0.7876 0.0252 0.0938
1 0.1874 0.7877 0.0163 0.0888
1 0.7803 0.8152 0.0116 0.0488
1 0.7370 0.8123 0.0124 0.0437
1 0.8066 0.8118 0.0144 0.0441
1 0.7104 0.8127 0.0141 0.0647
1 0.0468 0.7238 0.0192 0.0457
8 0.9896 0.7788 0.0196 0.0544
1 0.7897 0.8085 0.0092 0.0357
10 0.2193 0.6580 0.0145 0.0528
10 0.1961 0.6575 0.0177 0.0500
6 0.9727 0.7693 0.0394 0.0467
8 0.9271 0.8084 0.0353 0.0469
1 0.7249 0.8157 0.0093 0.0488
1 0.0078 0.7438 0.0143 0.0719
