16 0.8972 0.1211 0.0278 0.0144
16 0.7465 0.3785 0.0023 0.0028
16 0.3989 0.0446 0.0217 0.0113
16 0.5619 0.2302 0.0130 0.0219
9 0.2735 0.5517 0.0149 0.0248
9 0.1327 0.5494 0.2654 0.0966
9 0.3320 0.4875 0.1800 0.0540
9 0.6642 0.5764 0.4918 0.2854
9 0.7274 0.4653 0.0655 0.0693
1 0.8400 0.6746 0.3199 0.6279
1 0.7487 0.5959 0.0111 0.0323
1 0.7875 0.6086 0.0118 0.0433
1 0.7968 0.6118 0.0068 0.0318
1 0.8108 0.6166 0.0091 0.0401
1 0.8393 0.6185 0.0065 0.0340
1 0.8569 0.6245 0.0129 0.0428
1 0.8676 0.6272 0.0108 0.0433
9 0.1468 0.4893 0.1236 0.0392
1 0.7565 0.6113 0.0096 0.0459
1 0.8950 0.6330 0.0103 0.0419
1 0.8209 0.6181 0.0101 0.0374
16 0.0398 0.0976 0.0250 0.0137
16 0.1220 0.2759 0.0194 0.0134
16 0.1707 0.2250 0.0122 0.0117
16 0.3957 0.3402 0.0097 0.0107
1 0.7764 0.6055 0.0135 0.0474
16 0.4052 0.2225 0.0203 0.0201
1 0.7647 0.6115 0.0083 0.0460
1 0.6992 0.5621 0.4266 0.1639
