44 0.7464 0.3060 0.1456 0.4504
44 0.5207 0.0935 0.0566 0.1871
44 0.1865 0.0962 0.0360 0.1030
44 0.2255 0.1067 0.0418 0.1142
44 0.5653 0.0899 0.0552 0.1798
44 0.6067 0.1110 0.0472 0.1395
50 0.0473 0.5690 0.0947 0.0907
59 0.5336 0.7310 0.8466 0.5136
44 0.6297 0.1252 0.0388 0.1287
44 0.1546 0.1090 0.0387 0.1219
46 0.3005 0.1200 0.0661 0.1223
46 0.3486 0.1394 0.0731 0.0853
46 0.3790 0.1198 0.0733 0.1168
67 0.5011 0.5364 0.9962 0.8961
47 0.0958 0.1440 0.0338 0.0536
47 0.1664 0.1473 0.0408 0.0525
47 0.1291 0.1437 0.0410 0.0587
