53 0.4111 0.9346 0.1405 0.1307
44 0.4307 0.8103 0.0244 0.1114
44 0.3714 0.8078 0.1133 0.1934
44 0.2988 0.7983 0.0393 0.1335
44 0.2599 0.8077 0.0442 0.1427
44 0.2209 0.8254 0.0394 0.1022
44 0.1801 0.8217 0.0529 0.1334
44 0.1427 0.8443 0.0319 0.1504
44 0.1105 0.8593 0.0410 0.1716
44 0.0265 0.8819 0.0478 0.2361
44 0.0726 0.8721 0.0490 0.1867
52 0.0817 0.3191 0.1604 0.4494
52 0.8733 0.5472 0.1626 0.2126
52 0.8773 0.3866 0.0928 0.1497
55 0.2866 0.9065 0.0545 0.0919
55 0.2330 0.9153 0.0570 0.0832
55 0.2601 0.9180 0.2594 0.1371
55 0.8213 0.9616 0.0521 0.0768
55 0.3389 0.9426 0.0413 0.0638
55 0.7846 0.9806 0.0439 0.0389
52 0.3855 0.3781 0.1289 0.3907
52 0.5370 0.3183 0.1861 0.2605
52 0.6794 0.3771 0.1202 0.2537
52 0.8590 0.4345 0.1632 0.2675
52 0.6819 0.5779 0.0607 0.2104
52 0.7711 0.4184 0.0943 0.2838
52 0.6067 0.5589 0.0712 0.1962
52 0.6415 0.5542 0.0726 0.1908
52 0.7452 0.5496 0.0672 0.0582
53 0.1146 0.9586 0.0388 0.0588
53 0.1002 0.9730 0.1184 0.0540
53 0.0223 0.9789 0.0438 0.0423
