19 0.7268 0.5791 0.0342 0.1054
19 0.4240 0.5680 0.0569 0.0751
19 0.5627 0.5850 0.0505 0.0907
19 0.5971 0.5849 0.0157 0.0645
19 0.9342 0.5877 0.0336 0.0618
19 0.9557 0.5965 0.0131 0.0468
15 0.7839 0.8512 0.2849 0.2976
15 0.3008 0.6498 0.0704 0.0865
15 0.2467 0.6420 0.0471 0.0754
15 0.4293 0.7314 0.1666 0.1751
1 0.7670 0.6941 0.0718 0.1287
1 0.7308 0.6962 0.0369 0.0923
1 0.1672 0.6796 0.0638 0.3262
1 0.5244 0.6292 0.0356 0.0669
1 0.9015 0.6783 0.0413 0.2109
1 0.8716 0.6659 0.0382 0.1510
1 0.7235 0.5518 0.0353 0.0941
1 0.4658 0.6059 0.0221 0.0977
1 0.5666 0.5454 0.0233 0.0584
1 0.5617 0.7189 0.0666 0.1983
1 0.5853 0.5416 0.0173 0.0441
1 0.6987 0.6837 0.0455 0.1052
1 0.1332 0.6095 0.0285 0.1194
3 0.4855 0.5736 0.0813 0.0739
19 0.6775 0.5718 0.0314 0.0540
1 0.4883 0.7526 0.9766 0.4897
