64 0.1342 0.8158 0.0495 0.0406
64 0.5590 0.8647 0.0944 0.0978
64 0.1859 0.9071 0.1110 0.1187
64 0.6372 0.8496 0.0860 0.0955
62 0.8955 0.9079 0.0875 0.1026
62 0.9751 0.9101 0.0498 0.1052
62 0.7280 0.8972 0.0732 0.0915
1 0.7066 0.8142 0.0550 0.0421
28 0.8224 0.6928 0.3424 0.0553
62 0.6627 0.8932 0.0645 0.0874
85 0.5414 0.2711 0.0814 0.0645
1 0.7995 0.8451 0.0696 0.1046
67 0.9501 0.8547 0.0946 0.0130
67 0.7063 0.8532 0.0797 0.0114
85 0.6686 0.2860 0.0385 0.0660
1 0.9817 0.8058 0.0367 0.0476
64 0.3295 0.8953 0.0714 0.1131
67 0.9861 0.8375 0.0256 0.0093
62 0.9794 0.8388 0.0404 0.0228
62 0.8010 0.8669 0.0612 0.0633
62 0.9261 0.8509 0.0589 0.0168
64 0.3962 0.8096 0.0591 0.0832
64 0.4813 0.8375 0.0805 0.0660
