16 0.5273 0.5211 0.0752 0.1027
9 0.1913 0.3037 0.0923 0.0608
9 0.4994 0.2431 0.0667 0.0446
1 0.2312 0.2876 0.0202 0.0300
1 0.1694 0.2719 0.0176 0.0559
1 0.7976 0.2590 0.0135 0.0194
1 0.8542 0.2614 0.0078 0.0181
9 0.3393 0.1857 0.0265 0.0189
9 0.0745 0.1811 0.0331 0.0196
16 0.0611 0.3010 0.0120 0.0101
1 0.5068 0.2411 0.0091 0.0169
1 0.2559 0.2751 0.0141 0.0345
1 0.4827 0.2429 0.0052 0.0115
1 0.8257 0.2651 0.0068 0.0080
9 0.8629 0.2625 0.1563 0.0862
9 0.2497 0.2987 0.0910 0.0800
1 0.2350 0.2756 0.0092 0.0433
1 0.2334 0.2617 0.0321 0.0054
1 0.2064 0.2757 0.0108 0.0319
1 0.3547 0.2406 0.3375 0.1229
