20 0.8934 0.6723 0.0417 0.0480
20 0.9247 0.6632 0.0427 0.0410
20 0.7636 0.6445 0.0373 0.0385
20 0.4936 0.6217 0.0310 0.0326
20 0.0585 0.6125 0.0307 0.0385
20 0.2337 0.5926 0.0172 0.0191
20 0.4231 0.6037 0.0197 0.0243
20 0.8690 0.6456 0.0251 0.0364
20 0.5396 0.6091 0.0212 0.0268
20 0.6478 0.6047 0.0177 0.0231
20 0.7553 0.6223 0.0295 0.0168
20 0.8430 0.6435 0.0343 0.0330
20 0.0393 0.6133 0.0384 0.0377
20 0.4494 0.6010 0.0199 0.0241
3 0.7564 0.5194 0.0222 0.0131
20 0.8187 0.6428 0.0260 0.0377
3 0.7406 0.5164 0.0161 0.0107
20 0.4836 0.5684 0.9672 0.1415
