1 0.3930 0.6340 0.1715 0.4069
1 0.5316 0.6153 0.1209 0.5214
1 0.6387 0.6322 0.1255 0.4605
1 0.7735 0.5978 0.1280 0.5323
1 0.9090 0.6120 0.1292 0.5136
1 0.2753 0.6406 0.0940 0.4360
35 0.6385 0.8633 0.0767 0.0669
35 0.7809 0.8679 0.0801 0.0790
35 0.9385 0.8577 0.1230 0.0665
35 0.2497 0.9197 0.4435 0.0523
27 0.3375 0.7618 0.0661 0.1772
27 0.6335 0.4313 0.0675 0.0812
27 0.7611 0.3875 0.0611 0.0608
1 0.2476 0.7495 0.1763 0.3621
27 0.5310 0.4519 0.0646 0.1086
27 0.1790 0.6574 0.1434 0.2533
27 0.3953 0.8020 0.1243 0.1702
35 0.4616 0.8784 0.0670 0.0822
35 0.5338 0.8759 0.0903 0.0947
