62 0.2522 0.5638 0.2018 0.1368
62 0.7878 0.6151 0.1978 0.1294
1 0.5203 0.5045 0.2568 0.4122
33 0.5971 0.0788 0.1774 0.1554
44 0.8965 0.1153 0.0388 0.1412
44 0.8603 0.1118 0.0371 0.1341
44 0.8570 0.2513 0.0378 0.0626
44 0.8929 0.2536 0.0405 0.0651
44 0.9675 0.2590 0.0441 0.0617
44 0.2256 0.2452 0.0479 0.0565
44 0.9635 0.1185 0.0227 0.1321
44 0.2269 0.1205 0.0238 0.1196
46 0.5120 0.6445 0.0461 0.1543
46 0.6865 0.6836 0.0522 0.1601
46 0.7667 0.6636 0.0534 0.1603
46 0.8726 0.6744 0.0552 0.1669
46 0.7976 0.8965 0.0810 0.2070
46 0.9656 0.8882 0.0688 0.1350
46 0.5656 0.8260 0.0636 0.2120
46 0.4387 0.8644 0.0637 0.2123
46 0.2909 0.8457 0.0709 0.2184
46 0.1919 0.7796 0.0630 0.1997
46 0.0838 0.8102 0.0683 0.2086
46 0.3217 0.6406 0.0472 0.1538
67 0.5000 0.7937 1.0000 0.3843
84 0.7044 0.3291 0.0132 0.1212
84 0.3664 0.2903 0.0801 0.1449
84 0.3671 0.5533 0.0298 0.0207
84 0.3228 0.2803 0.0341 0.1216
84 0.3000 0.3052 0.0177 0.1183
84 0.6614 0.3694 0.0655 0.0110
84 0.6555 0.3786 0.0846 0.0198
84 0.5672 0.3010 0.0775 0.1206
84 0.6882 0.4762 0.0353 0.0294
84 0.7130 0.3333 0.0099 0.1182
44 0.8405 0.1073 0.0267 0.1364
44 0.9437 0.0852 0.0171 0.0729
44 0.9867 0.1202 0.0266 0.1356
44 0.1989 0.2427 0.0506 0.0571
46 0.1507 0.6007 0.0442 0.1474
46 0.2188 0.6125 0.4375 0.1542
