7 0.7197 0.5438 0.5292 0.8854
31 0.3402 0.5256 0.0196 0.0349
1 0.2300 0.6171 0.0349 0.1296
1 0.3412 0.5269 0.0329 0.1384
1 0.5767 0.3006 0.0184 0.1007
1 0.4020 0.4411 0.0428 0.1318
1 0.4150 0.4233 0.0244 0.1077
1 0.4389 0.3929 0.0219 0.1110
1 0.4761 0.3989 0.0263 0.1235
1 0.5167 0.3312 0.0216 0.1161
1 0.2793 0.5327 0.0233 0.1371
1 0.4895 0.3273 0.0190 0.0604
1 0.3691 0.4853 0.0376 0.1164
31 0.4687 0.4262 0.0245 0.0255
31 0.5516 0.3118 0.0152 0.0194
33 0.4968 0.3922 0.0195 0.0156
1 0.3578 0.5051 0.0246 0.1246
1 0.2975 0.5610 0.0329 0.1552
1 0.5727 0.2729 0.4266 0.3750
