3 0.1693 0.1145 0.3292 0.1543
9 0.5006 0.7618 0.9944 0.4539
1 0.2416 0.2132 0.0891 0.1593
1 0.3033 0.2091 0.0745 0.1652
1 0.3700 0.0924 0.0504 0.1426
1 0.8212 0.1528 0.0641 0.1121
1 0.8986 0.1770 0.0620 0.1562
1 0.3098 0.6833 0.1514 0.2432
1 0.2787 0.1100 0.0411 0.1168
1 0.6946 0.1948 0.0702 0.1484
1 0.5631 0.0459 0.0356 0.0437
1 0.9229 0.0257 0.0404 0.0497
15 0.5841 0.2245 0.1866 0.1144
15 0.9055 0.1779 0.1296 0.0486
27 0.3593 0.2639 0.0362 0.0500
62 0.2585 0.7645 0.1124 0.1159
1 0.8168 0.0379 0.0324 0.0478
1 0.7511 0.0380 0.0391 0.0447
15 0.3687 0.2154 0.0862 0.0612
27 0.8757 0.2350 0.0391 0.0407
1 0.4421 0.0466 0.0196 0.0268
31 0.6511 0.2045 0.0207 0.0214
