28 0.2804 0.5617 0.1475 0.1591
28 0.4549 0.5781 0.1377 0.1121
28 0.0569 0.5656 0.0802 0.1573
28 0.5633 0.6710 0.0849 0.0958
28 0.8057 0.6400 0.0828 0.0644
28 0.9653 0.7332 0.0382 0.0942
1 0.4843 0.7948 0.0443 0.3011
1 0.1649 0.7185 0.0839 0.3943
1 0.2137 0.7654 0.0578 0.3326
1 0.5585 0.8126 0.0657 0.2218
1 0.6232 0.7777 0.0449 0.2721
1 0.7060 0.7816 0.0433 0.2731
1 0.8049 0.7908 0.0469 0.2438
28 0.6264 0.6557 0.0572 0.0541
9 0.5002 0.8703 0.2072 0.0979
28 0.8549 0.7372 0.0652 0.0619
1 0.4324 0.7840 0.0521 0.2775
1 0.4584 0.6520 0.0291 0.1137
28 0.2229 0.7913 0.0953 0.2099
28 0.8977 0.8585 0.0747 0.1014
1 0.3737 0.7930 0.0603 0.2781
1 0.0486 0.7847 0.0570 0.2957
1 0.8067 0.7914 0.0451 0.2443
1 0.5219 0.7654 0.9313 0.3109
