1 0.0458 0.6317 0.0664 0.1760
1 0.1658 0.6115 0.0519 0.1687
1 0.2196 0.6222 0.0524 0.1405
1 0.7299 0.5672 0.0271 0.1005
1 0.3614 0.5992 0.0423 0.1393
1 0.3974 0.6014 0.0391 0.1317
1 0.4404 0.5865 0.0402 0.1425
1 0.5032 0.5801 0.0484 0.1301
1 0.5382 0.5783 0.0360 0.1243
1 0.3192 0.6056 0.0469 0.1471
42 0.2126 0.4981 0.0580 0.3736
42 0.3569 0.4916 0.0400 0.1970
42 0.2688 0.5177 0.0567 0.2775
42 0.4334 0.4848 0.0399 0.3400
42 0.4916 0.5167 0.0364 0.2526
42 0.5770 0.5143 0.0390 0.2211
42 0.6666 0.4800 0.0347 0.2787
42 0.7265 0.5131 0.0253 0.1892
42 0.7512 0.6109 0.2245 0.0567
42 0.0448 0.5177 0.0618 0.3314
42 0.1032 0.5146 0.0759 0.2494
42 0.1553 0.4875 0.0600 0.1953
1 0.5767 0.5774 0.0425 0.1143
1 0.2734 0.6034 0.0555 0.1558
27 0.4696 0.7547 0.0643 0.0661
27 0.9419 0.6136 0.0342 0.0192
31 0.1865 0.7539 0.0475 0.0755
1 0.6725 0.5629 0.0355 0.1174
9 0.4333 0.4893 0.0405 0.3419
31 0.1289 0.7547 0.0245 0.0358
42 0.3930 0.5314 0.0405 0.2634
42 0.4992 0.4750 0.9984 0.2625
1 0.5359 0.5948 0.9125 0.2521
