51 0.1597 0.8002 0.3195 0.2051
51 0.3288 0.5605 0.2332 0.1614
51 0.1251 0.3661 0.0878 0.0624
51 0.0869 0.5146 0.1738 0.2157
51 0.6706 0.4890 0.3598 0.1302
51 0.6554 0.3486 0.1944 0.0705
51 0.3709 0.4107 0.4875 0.1583
51 0.9602 0.3602 0.0796 0.0814
51 0.1879 0.3514 0.0541 0.0352
67 0.5015 0.6506 0.9970 0.6764
51 0.9361 0.5645 0.1279 0.1040
56 0.5976 0.6785 0.0906 0.0636
58 0.4704 0.7220 0.1931 0.0823
58 0.4154 0.6829 0.1749 0.0554
58 0.3976 0.6559 0.1751 0.0474
58 0.4505 0.6260 0.0920 0.0394
58 0.5264 0.7455 0.2563 0.0935
58 0.5692 0.6202 0.0513 0.0267
58 0.5124 0.6441 0.0530 0.0310
58 0.5118 0.6199 0.0894 0.0485
58 0.5305 0.6704 0.0672 0.0221
47 0.8351 0.3082 0.0827 0.0369
47 0.8012 0.2921 0.0869 0.0734
58 0.4552 0.7062 0.1468 0.0518
58 0.6017 0.6331 0.1048 0.0398
