62 0.7458 0.1164 0.2106 0.2328
62 0.1059 0.1613 0.2081 0.3221
62 0.9128 0.7876 0.1676 0.4022
62 0.9566 0.3499 0.0855 0.4542
50 0.1265 0.3153 0.0435 0.0658
44 0.1997 0.3337 0.1340 0.2571
44 0.2674 0.2670 0.1436 0.2194
51 0.5085 0.7186 0.1706 0.1777
60 0.7092 0.5861 0.0811 0.0764
60 0.5893 0.5105 0.0693 0.0786
60 0.6152 0.4571 0.0734 0.0687
60 0.6677 0.4901 0.0686 0.0709
60 0.7880 0.6267 0.0867 0.0940
60 0.3922 0.4184 0.0673 0.0652
60 0.3380 0.3875 0.0675 0.0667
60 0.3789 0.3476 0.0630 0.0558
60 0.4254 0.3736 0.0691 0.0663
60 0.6414 0.5531 0.0694 0.0810
60 0.4539 0.5183 0.0709 0.0536
60 0.3995 0.4834 0.0730 0.0621
62 0.1052 0.8351 0.2062 0.2987
60 0.4856 0.3925 0.0701 0.0694
67 0.4850 0.5588 0.9229 0.7794
60 0.5590 0.5486 0.5940 0.3491
