32 0.3239 0.4814 0.0316 0.0936
62 0.2922 0.8068 0.1517 0.2754
1 0.3611 0.6446 0.2915 0.6166
1 0.2254 0.4658 0.0878 0.3276
1 0.4421 0.3887 0.1058 0.1966
1 0.1431 0.4718 0.1056 0.3739
1 0.0319 0.4845 0.0638 0.4341
1 0.0757 0.3394 0.0304 0.0933
1 0.5059 0.4174 0.0266 0.1342
1 0.1660 0.3520 0.0208 0.0441
1 0.1922 0.4306 0.0427 0.2254
1 0.5311 0.4112 0.0425 0.1438
1 0.2867 0.3715 0.0535 0.1370
1 0.3481 0.4191 0.0536 0.2393
1 0.0925 0.4460 0.0430 0.2525
46 0.1675 0.3795 0.0107 0.0478
1 0.2656 0.4411 0.4781 0.2996
