39 0.2064 0.5510 0.2279 0.1494
40 0.7690 0.6839 0.0725 0.1138
1 0.5218 0.6101 0.4643 0.7393
15 0.8662 0.5215 0.2027 0.2380
1 0.4640 0.2819 0.0804 0.1243
1 0.2341 0.4136 0.2012 0.3827
1 0.8703 0.6943 0.2594 0.4554
1 0.4699 0.0461 0.1259 0.0878
1 0.5835 0.0488 0.1026 0.0871
1 0.1573 0.0321 0.0751 0.0642
1 0.2334 0.0356 0.1208 0.0713
1 0.0915 0.3929 0.1795 0.3859
1 0.7824 0.4471 0.1882 0.3906
1 0.3584 0.3446 0.1363 0.1493
1 0.9654 0.0642 0.0691 0.1049
1 0.3592 0.5568 0.0865 0.1216
1 0.3477 0.3175 0.6953 0.6097
