15 0.5503 0.6753 0.1500 0.1730
3 0.7458 0.5104 0.1551 0.1016
3 0.5170 0.5014 0.0726 0.0600
3 0.5640 0.4946 0.0533 0.0508
3 0.4112 0.4864 0.0270 0.0341
3 0.3844 0.4872 0.0398 0.0426
64 0.3651 0.6262 0.1204 0.1074
1 0.1469 0.4719 0.0092 0.0217
8 0.6291 0.4957 0.0674 0.0446
64 0.8752 0.7247 0.1814 0.1451
64 0.6493 0.6387 0.0801 0.1024
64 0.8644 0.5236 0.0401 0.0315
64 0.9353 0.5320 0.0408 0.0350
64 0.4541 0.6190 0.0331 0.0469
64 0.7198 0.6746 0.0839 0.0686
1 0.1554 0.4858 0.0091 0.0312
3 0.5934 0.4941 0.0353 0.0433
3 0.8951 0.4898 0.0326 0.0350
3 0.4499 0.4850 0.0419 0.0428
3 0.2984 0.5001 0.1353 0.0508
3 0.2519 0.4995 0.0571 0.0483
3 0.1951 0.4887 0.0262 0.0310
