3 0.6678 0.4902 0.1902 0.0575
3 0.2909 0.5194 0.1259 0.1024
3 0.0522 0.5013 0.0664 0.0437
10 0.9287 0.3656 0.0232 0.0310
10 0.1454 0.4036 0.0250 0.0278
10 0.5432 0.3795 0.0190 0.0290
10 0.0138 0.2939 0.0253 0.0621
1 0.5270 0.7090 0.3694 0.5585
1 0.2053 0.6440 0.2384 0.3700
1 0.6456 0.5247 0.0731 0.1203
31 0.2461 0.6257 0.1504 0.1158
31 0.6567 0.5590 0.0313 0.0291
31 0.6325 0.5583 0.0261 0.0232
31 0.3844 0.7726 0.0389 0.1032
1 0.6130 0.4591 0.0259 0.0269
1 0.7082 0.4558 0.0141 0.0191
1 0.0183 0.4774 0.0210 0.0632
3 0.2336 0.4660 0.1772 0.0310
1 0.0104 0.5404 0.0208 0.0691
3 0.8696 0.4885 0.2607 0.0987
8 0.8684 0.4872 0.2632 0.0946
10 0.1367 0.1497 0.0561 0.1209
10 0.8108 0.4155 0.0197 0.0182
10 0.3207 0.3735 0.0186 0.0161
1 0.3454 0.4543 0.0163 0.0194
1 0.6090 0.4806 0.0516 0.0655
1 0.0998 0.5629 0.0950 0.2241
