1 0.8465 0.7212 0.0962 0.2265
1 0.6847 0.6553 0.0143 0.0633
1 0.5139 0.6619 0.0176 0.0545
1 0.5012 0.6767 0.0164 0.0323
1 0.9787 0.8394 0.0392 0.2614
38 0.1554 0.3850 0.0397 0.0313
38 0.4650 0.2950 0.1026 0.1276
38 0.3940 0.4800 0.0878 0.0834
38 0.2817 0.5268 0.0458 0.0642
38 0.7149 0.3261 0.0194 0.0227
1 0.4782 0.6550 0.0158 0.0641
1 0.3487 0.6823 0.0202 0.0362
1 0.7206 0.6571 0.0065 0.0112
1 0.3336 0.6876 0.0178 0.0238
1 0.1269 0.6563 0.0085 0.0236
38 0.5952 0.5356 0.0441 0.0574
38 0.7612 0.2388 0.0133 0.0351
38 0.1902 0.2791 0.0170 0.0206
38 0.0528 0.4063 0.0526 0.0425
38 0.8810 0.3236 0.0147 0.0239
38 0.4871 0.6142 0.0170 0.0261
38 0.9476 0.4745 0.0553 0.0408
1 0.9234 0.6625 0.0302 0.0843
38 0.6101 0.3229 0.0155 0.0098
1 0.4844 0.6740 0.8562 0.0896
38 0.3219 0.3833 0.1625 0.2958
