44 0.4730 0.4345 0.0239 0.1281
1 0.9015 0.4218 0.1971 0.6852
1 0.1909 0.5000 0.3818 1.0000
1 0.3987 0.3048 0.1841 0.3904
82 0.5549 0.3101 0.0995 0.2662
49 0.5927 0.7555 0.2174 0.0227
49 0.7077 0.6860 0.1102 0.0665
51 0.3075 0.4902 0.1211 0.0847
79 0.5141 0.4112 0.2850 0.2472
87 0.4601 0.7581 0.0886 0.0889
1 0.0515 0.1791 0.0853 0.1988
47 0.8791 0.3602 0.0304 0.0982
57 0.4840 0.6010 0.1357 0.0718
62 0.9536 0.7500 0.0922 0.4510
67 0.5894 0.7011 0.7103 0.5708
79 0.7718 0.4885 0.1860 0.3817
85 0.6154 0.4535 0.0082 0.0140
1 0.6291 0.3326 0.1372 0.4341
44 0.4824 0.4605 0.0102 0.0802
44 0.4350 0.3078 0.0138 0.0217
