20 0.3293 0.4034 0.3150 0.3691
20 0.6249 0.2284 0.1093 0.1591
20 0.5621 0.1763 0.0878 0.1235
20 0.5589 0.6323 0.1793 0.5721
20 0.8307 0.2561 0.1486 0.2864
20 0.4764 0.6178 0.1316 0.3589
1 0.3548 0.2593 0.2950 0.5079
1 0.7177 0.0651 0.1192 0.1200
1 0.8385 0.0987 0.0943 0.1973
1 0.9375 0.1969 0.1250 0.3939
1 0.4557 0.0878 0.1249 0.1756
1 0.7450 0.4673 0.3140 0.6289
1 0.7794 0.0973 0.0346 0.1898
1 0.2109 0.0170 0.0589 0.0321
20 0.9247 0.3553 0.1506 0.2271
20 0.6426 0.1187 0.0647 0.0608
20 0.9119 0.2344 0.1443 0.0701
1 0.2688 0.0899 0.0639 0.1772
