3 0.3129 0.7759 0.0483 0.0492
3 0.3977 0.7657 0.0259 0.0284
3 0.3316 0.7633 0.0360 0.0333
1 0.7266 0.8224 0.0545 0.0970
1 0.6825 0.7825 0.0306 0.0389
1 0.6489 0.7852 0.0254 0.0449
1 0.3562 0.7871 0.0378 0.0567
4 0.6873 0.8262 0.0295 0.0781
4 0.7441 0.8804 0.0463 0.1023
4 0.0803 0.9297 0.1390 0.1405
85 0.4964 0.4002 0.0431 0.0533
3 0.3490 0.7592 0.0263 0.0384
8 0.7833 0.7854 0.1063 0.1619
27 0.0589 0.8882 0.0938 0.1211
1 0.2821 0.7798 0.0203 0.0609
4 0.2651 0.8424 0.0474 0.0725
3 0.6707 0.7843 0.0780 0.0691
3 0.0936 0.8105 0.0499 0.0450
3 0.3700 0.7635 0.0191 0.0395
4 0.3610 0.8174 0.0416 0.0234
1 0.4178 0.7544 0.0152 0.0299
1 0.2670 0.8102 0.0373 0.0955
1 0.0729 0.8894 0.1181 0.2030
