1 0.4447 0.7308 0.0264 0.1011
1 0.2508 0.7285 0.0377 0.0970
1 0.6401 0.7126 0.0352 0.1431
1 0.3639 0.4928 0.0202 0.0205
1 0.5661 0.3981 0.0317 0.0136
1 0.7055 0.7269 0.0333 0.1158
42 0.6893 0.7500 0.0888 0.0700
42 0.6080 0.7364 0.1336 0.0923
42 0.4208 0.7479 0.0910 0.0637
42 0.2184 0.7466 0.1023 0.0620
1 0.3426 0.3975 0.0090 0.0135
42 0.3405 0.4954 0.0308 0.0175
42 0.0659 0.3887 0.0176 0.0163
42 0.3349 0.3998 0.0087 0.0054
1 0.3181 0.4318 0.0212 0.0170
1 0.0771 0.4000 0.0135 0.0214
1 0.0440 0.3869 0.0153 0.0202
