62 0.2150 0.5586 0.2181 0.1140
62 0.0567 0.4515 0.1134 0.0838
62 0.5672 0.3158 0.8656 0.5897
62 0.1993 0.6288 0.1375 0.0785
1 0.6462 0.2658 0.5752 0.5102
47 0.1574 0.6909 0.2355 0.1503
48 0.9160 0.8260 0.1681 0.1187
49 0.9531 0.7213 0.0937 0.1149
49 0.5239 0.5656 0.1157 0.0249
59 0.6640 0.9071 0.3202 0.1859
59 0.6003 0.7797 0.1808 0.1301
59 0.7311 0.4924 0.1609 0.0983
1 0.3163 0.2311 0.1010 0.0967
48 0.5745 0.5413 0.2010 0.1153
62 0.0469 0.6516 0.0938 0.1580
67 0.5000 0.6489 1.0000 0.6701
67 0.0994 0.5292 0.1951 0.1301
1 0.1325 0.3577 0.1199 0.0677
47 0.1074 0.9461 0.2148 0.1072
59 0.5367 0.7283 0.3446 0.2810
