37 0.3567 0.7955 0.0836 0.0828
1 0.5067 0.5045 0.2296 0.6411
1 0.7436 0.4960 0.1332 0.5253
1 0.3572 0.8968 0.2613 0.2064
1 0.0917 0.3581 0.1803 0.5248
1 0.3486 0.2525 0.1688 0.3308
1 0.3727 0.3114 0.1353 0.3000
1 0.4429 0.2211 0.0733 0.2070
1 0.4711 0.1081 0.0486 0.1456
1 0.9131 0.2899 0.1739 0.4584
1 0.2441 0.1933 0.0905 0.2473
1 0.5426 0.1786 0.1309 0.2765
1 0.8524 0.3225 0.2504 0.4337
62 0.2599 0.4019 0.2792 0.4000
62 0.8347 0.2257 0.0367 0.0924
62 0.4025 0.2614 0.0251 0.1141
62 0.0397 0.4830 0.0788 0.2821
62 0.8258 0.3637 0.2344 0.3427
62 0.5707 0.3294 0.0657 0.0403
1 0.8662 0.1017 0.1451 0.2035
31 0.6330 0.4609 0.0715 0.1895
1 0.9797 0.0785 0.0187 0.0258
