28 0.2134 0.4824 0.2205 0.1855
28 0.7140 0.4257 0.1856 0.0489
28 0.5426 0.4325 0.1467 0.0460
62 0.0655 0.6391 0.0880 0.1548
1 0.3615 0.6398 0.0523 0.1280
1 0.4226 0.6132 0.0698 0.1873
1 0.7889 0.5298 0.0389 0.1339
1 0.0838 0.6291 0.0310 0.1517
1 0.6799 0.5298 0.0250 0.0369
15 0.1593 0.5981 0.0654 0.0243
15 0.2482 0.6198 0.0493 0.0546
15 0.4025 0.6718 0.1205 0.0694
15 0.9344 0.6307 0.0823 0.0511
1 0.4845 0.5266 0.0079 0.0281
15 0.3036 0.6280 0.0826 0.0638
15 0.8392 0.6318 0.0848 0.0599
15 0.5079 0.6633 0.1308 0.0759
28 0.8770 0.4824 0.1510 0.1229
28 0.9868 0.4370 0.0263 0.0274
62 0.5895 0.5718 0.0329 0.0678
62 0.6433 0.6004 0.0590 0.1152
62 0.6210 0.5799 0.0279 0.0708
67 0.8865 0.6102 0.1092 0.0926
67 0.4882 0.5952 0.0967 0.0231
67 0.2053 0.5986 0.0793 0.0900
15 0.5601 0.5898 0.0163 0.0101
15 0.8251 0.5948 0.0705 0.0156
67 0.3517 0.5755 0.0949 0.0239
