20 0.7380 0.5431 0.0671 0.1494
20 0.6251 0.4682 0.0126 0.0329
20 0.6138 0.4613 0.0126 0.0416
20 0.5733 0.4873 0.0484 0.0557
20 0.5714 0.5447 0.0506 0.0599
20 0.5332 0.6108 0.0420 0.0813
20 0.5081 0.6177 0.0269 0.0546
20 0.4139 0.4738 0.0265 0.0494
20 0.3766 0.5903 0.0396 0.0716
20 0.4256 0.6082 0.0351 0.0530
20 0.4704 0.5897 0.0406 0.0923
20 0.5165 0.5581 0.0226 0.0563
20 0.3689 0.5480 0.0573 0.0667
20 0.7878 0.4959 0.0412 0.0660
20 0.5573 0.5103 0.0334 0.0239
20 0.7174 0.4980 0.0379 0.0730
20 0.1847 0.4702 0.0249 0.0564
20 0.6440 0.5193 0.0267 0.0678
20 0.6746 0.4619 0.0191 0.0558
20 0.5965 0.4514 0.0169 0.0447
20 0.4952 0.5467 0.0170 0.0687
20 0.4383 0.5125 0.7266 0.2194
