72 0.8800 0.5372 0.0978 0.3856
63 0.4042 0.3834 0.1927 0.3262
62 0.0927 0.4281 0.0669 0.2753
63 0.6347 0.3904 0.2449 0.2569
63 0.3034 0.6971 0.2672 0.5020
67 0.1124 0.3444 0.1762 0.2081
2 0.7954 0.3057 0.1346 0.2282
62 0.1576 0.3751 0.0698 0.2475
82 0.2676 0.2369 0.0493 0.2645
84 0.9841 0.5877 0.0319 0.2642
84 0.3477 0.2214 0.0104 0.0489
84 0.3509 0.1597 0.0265 0.0571
39 0.2394 0.4254 0.0122 0.1365
62 0.0457 0.5071 0.0499 0.2108
62 0.0891 0.2545 0.0508 0.0305
62 0.0316 0.5439 0.0498 0.2521
84 0.9937 0.6356 0.0108 0.3043
84 0.3412 0.2298 0.0087 0.0428
84 0.3213 0.1655 0.0157 0.0453
84 0.3179 0.1696 0.0109 0.0397
84 0.9850 0.2561 0.0104 0.2532
84 0.3330 0.2289 0.0081 0.0463
84 0.3282 0.2278 0.0047 0.0378
84 0.0834 0.2796 0.0339 0.0126
84 0.1280 0.2891 0.0364 0.0244
84 0.9917 0.0486 0.0058 0.0925
84 0.4711 0.4439 0.8609 0.6636
