39 0.5241 0.6007 0.0227 0.0304
40 0.5557 0.7855 0.0210 0.0442
1 0.5038 0.7435 0.1158 0.3124
1 0.4321 0.4453 0.0548 0.0902
1 0.4866 0.4473 0.0571 0.0852
1 0.4797 0.4958 0.0503 0.0522
1 0.3496 0.1367 0.0460 0.1171
1 0.3069 0.1269 0.0570 0.1442
1 0.4997 0.1335 0.0658 0.1349
1 0.9079 0.4828 0.0807 0.1058
1 0.4805 0.0606 0.0389 0.0785
1 0.5858 0.0494 0.0624 0.0989
1 0.6615 0.4546 0.0595 0.0902
15 0.0274 0.6737 0.0549 0.0620
62 0.8226 0.3275 0.0457 0.0663
62 0.7773 0.3060 0.0466 0.0290
62 0.7573 0.3287 0.0455 0.0323
62 0.6877 0.3036 0.0414 0.0264
62 0.7141 0.3294 0.0409 0.0264
62 0.2674 0.1319 0.0367 0.0478
1 0.6053 0.7906 0.0978 0.1813
62 0.7517 0.4391 0.0495 0.0644
62 0.6715 0.3299 0.0418 0.0239
62 0.8027 0.3353 0.0454 0.0297
62 0.7953 0.3894 0.0305 0.0819
62 0.6320 0.1382 0.0517 0.0591
62 0.7319 0.3036 0.0459 0.0262
1 0.6995 0.7614 0.1072 0.2555
32 0.3344 0.5094 0.0045 0.0079
1 0.5000 0.3583 0.9969 0.7167
