44 0.3244 0.5885 0.4803 0.3431
44 0.2966 0.3060 0.0433 0.1696
62 0.2048 0.4039 0.0948 0.1550
67 0.3627 0.7157 0.7254 0.5686
62 0.0268 0.4949 0.0366 0.1109
46 0.5844 0.5665 0.0599 0.2088
46 0.5021 0.5030 0.0547 0.1903
46 0.5658 0.7367 0.0766 0.2652
46 0.2914 0.4871 0.0509 0.1768
46 0.1707 0.8003 0.0882 0.2090
46 0.3916 0.4529 0.0438 0.1663
46 0.1275 0.4932 0.0660 0.1749
50 0.1634 0.9373 0.1601 0.1176
51 0.4241 0.7669 0.1341 0.1364
55 0.4234 0.6896 0.0240 0.0338
55 0.3726 0.7042 0.0288 0.0532
55 0.3972 0.6761 0.0101 0.0324
55 0.3990 0.6964 0.0177 0.0151
1 0.8915 0.6176 0.2170 0.7647
1 0.7860 0.4759 0.2665 0.6673
1 0.4997 0.3190 0.2129 0.3464
1 0.1235 0.3559 0.1747 0.3153
1 0.0376 0.2618 0.0751 0.2584
1 0.1084 0.1642 0.0665 0.1148
1 0.3793 0.2162 0.1130 0.2520
1 0.1931 0.3115 0.1255 0.2972
1 0.3148 0.1198 0.0459 0.1060
32 0.3331 0.3020 0.0163 0.0327
46 0.4361 0.4661 0.0300 0.0623
46 0.2777 0.4071 0.0454 0.0854
48 0.6332 0.5783 0.0709 0.0167
48 0.4151 0.4612 0.0141 0.0354
49 0.6542 0.6859 0.1213 0.0307
51 0.2790 0.8053 0.1486 0.1398
62 0.6124 0.4567 0.0370 0.1490
62 0.0228 0.4073 0.0446 0.0523
84 0.7644 0.5387 0.1252 0.1767
1 0.4118 0.1665 0.0834 0.1564
44 0.2110 0.2059 0.0151 0.0753
44 0.2941 0.2106 0.0155 0.0801
44 0.2803 0.1986 0.0148 0.0612
44 0.2297 0.2053 0.0184 0.0755
44 0.0092 0.5338 0.0183 0.0752
46 0.0524 0.7693 0.0983 0.2600
46 0.1439 0.5354 0.0346 0.0976
47 0.4367 0.6067 0.0682 0.1727
47 0.3384 0.8977 0.0603 0.1708
47 0.3348 0.4875 0.0328 0.0968
47 0.1809 0.5039 0.0275 0.0952
1 0.2239 0.1563 0.0883 0.1107
32 0.3229 0.1376 0.0073 0.0056
62 0.4182 0.3125 0.0350 0.0994
1 0.3265 0.2966 0.1982 0.3096
46 0.0602 0.5127 0.0565 0.1766
