18 0.4207 0.5838 0.0666 0.1172
18 0.8589 0.6338 0.1371 0.1553
1 0.9176 0.4840 0.1648 0.3155
1 0.1031 0.5411 0.2063 0.4597
1 0.0422 0.5913 0.0755 0.4537
1 0.1047 0.3819 0.1269 0.1710
1 0.4073 0.4181 0.0706 0.1281
1 0.4778 0.4062 0.0518 0.1066
1 0.5157 0.4062 0.0446 0.1015
4 0.2609 0.5103 0.1532 0.1614
21 0.7009 0.5477 0.3073 0.3993
1 0.5763 0.4090 0.0858 0.1439
1 0.4413 0.4093 0.0357 0.0954
1 0.7211 0.3772 0.0478 0.0549
55 0.8459 0.5092 0.0146 0.0093
55 0.8085 0.4959 0.0160 0.0108
1 0.3343 0.4180 0.0925 0.0930
1 0.6477 0.3757 0.0603 0.0321
1 0.4072 0.4351 0.0552 0.1474
55 0.8251 0.5020 0.0136 0.0088
