21 0.4193 0.6533 0.4043 0.6724
1 0.2474 0.3821 0.0923 0.3878
1 0.0759 0.2976 0.0990 0.2604
1 0.3400 0.2870 0.0745 0.2084
1 0.1396 0.2838 0.0616 0.2317
1 0.6440 0.3525 0.0979 0.3476
1 0.7287 0.3390 0.0391 0.1971
21 0.8835 0.6227 0.2305 0.3321
77 0.6553 0.2089 0.0084 0.0154
31 0.2137 0.3486 0.0463 0.1083
31 0.0546 0.3659 0.0454 0.1032
31 0.6809 0.3446 0.0159 0.0489
1 0.5908 0.3177 0.0323 0.1800
1 0.6171 0.3252 0.0319 0.1779
1 0.9563 0.3368 0.0874 0.2530
1 0.0157 0.2944 0.0285 0.2786
1 0.1807 0.3124 0.0405 0.2022
21 0.9595 0.7989 0.0809 0.2989
72 0.7808 0.2213 0.0685 0.0704
72 0.6897 0.2959 0.0390 0.0673
31 0.6174 0.2853 0.0195 0.0308
72 0.7145 0.2220 0.0696 0.0700
72 0.6490 0.2178 0.0628 0.0647
72 0.5872 0.2146 0.0536 0.0588
