64 0.9503 0.2490 0.0986 0.1899
62 0.9447 0.7296 0.0927 0.3730
62 0.5560 0.4358 0.0968 0.1249
1 0.3446 0.4932 0.4933 0.6914
1 0.7230 0.5809 0.4146 0.6764
51 0.5545 0.9029 0.1493 0.1454
57 0.5528 0.8886 0.1213 0.1025
76 0.2707 0.8969 0.3213 0.1898
84 0.7719 0.9000 0.3270 0.1685
47 0.4645 0.9272 0.0726 0.1456
57 0.3925 0.7521 0.0207 0.0301
64 0.8639 0.2374 0.1084 0.1616
64 0.7990 0.3504 0.2602 0.2550
84 0.5444 0.1890 0.0169 0.1360
84 0.5287 0.1899 0.0223 0.1407
84 0.5080 0.1833 0.0289 0.1220
84 0.4731 0.0352 0.0481 0.0331
84 0.5247 0.0620 0.0423 0.0606
47 0.4663 0.8201 0.0833 0.0920
57 0.5245 0.6918 0.0192 0.0482
