3 0.2593 0.3046 0.0394 0.0518
3 0.4027 0.2998 0.0658 0.0697
3 0.3333 0.2912 0.0315 0.0465
13 0.6600 0.2360 0.0242 0.0361
27 0.7429 0.3802 0.0665 0.0940
27 0.5296 0.3147 0.0322 0.0448
1 0.7472 0.4795 0.1311 0.4196
1 0.9195 0.4126 0.0972 0.2953
1 0.5302 0.3612 0.0525 0.1927
1 0.8001 0.3204 0.0290 0.0587
1 0.4584 0.3348 0.0315 0.1314
1 0.1006 0.3402 0.0441 0.0675
1 0.9764 0.3467 0.0339 0.1334
2 0.4563 0.7817 0.4331 0.4023
2 0.7429 0.6016 0.1179 0.2830
2 0.9181 0.5410 0.0810 0.2271
2 0.6502 0.3768 0.0450 0.0710
2 0.0639 0.5629 0.1279 0.3169
2 0.5293 0.4097 0.0329 0.1189
2 0.1165 0.5377 0.1314 0.2166
2 0.4581 0.3706 0.0241 0.0828
2 0.5526 0.3725 0.0217 0.0878
2 0.2548 0.7555 0.1970 0.3346
2 0.2507 0.3791 0.0352 0.0667
1 0.5531 0.2999 0.0231 0.0587
1 0.6187 0.3198 0.0153 0.0703
1 0.6475 0.3103 0.0203 0.0638
1 0.6730 0.3094 0.0262 0.0494
1 0.3387 0.3028 0.0326 0.0775
2 0.9692 0.4770 0.0615 0.0772
3 0.2657 0.2946 0.0334 0.0484
1 0.5765 0.3474 0.0227 0.1327
2 0.6289 0.7329 0.1359 0.2151
2 0.4520 0.6086 0.8240 0.6177
1 0.4920 0.3119 0.9480 0.1223
