44 0.2117 0.7207 0.0691 0.1419
44 0.8195 0.0952 0.0815 0.1031
47 0.1349 0.2762 0.0943 0.0330
47 0.3325 0.2826 0.0736 0.0677
47 0.1323 0.3149 0.0946 0.0644
47 0.3208 0.4857 0.0608 0.0771
51 0.6009 0.2915 0.1854 0.0762
81 0.2978 0.8467 0.5739 0.1211
47 0.2513 0.2672 0.1019 0.0364
47 0.3610 0.4859 0.0398 0.0789
47 0.3274 0.3255 0.0888 0.0309
47 0.2540 0.3127 0.0983 0.0596
47 0.2781 0.4944 0.0471 0.0600
47 0.2487 0.4736 0.0516 0.1015
50 0.8390 0.6239 0.0802 0.0541
50 0.6641 0.6346 0.0639 0.0441
50 0.7008 0.6793 0.0397 0.1134
51 0.6272 0.4768 0.1265 0.0638
51 0.5732 0.0958 0.1311 0.0481
79 0.9664 0.7319 0.0673 0.1323
47 0.1273 0.4734 0.0399 0.1080
50 0.6860 0.6864 0.0327 0.0596
47 0.1782 0.4719 0.0580 0.1098
50 0.7426 0.6819 0.0497 0.1086
50 0.6092 0.6756 0.1398 0.1247
51 0.5795 0.1401 0.1302 0.0641
51 0.2083 0.1686 0.2009 0.0753
47 0.1966 0.3008 0.0931 0.0838
50 0.7924 0.6175 0.0556 0.0432
50 0.9039 0.6337 0.1034 0.0439
50 0.9876 0.5566 0.0190 0.0734
50 0.6177 0.6538 0.0269 0.0507
50 0.9771 0.5530 0.0162 0.0904
47 0.3773 0.3830 0.0507 0.1820
