54 0.5612 0.5899 0.0828 0.1235
67 0.6349 0.8663 0.6637 0.2393
67 0.8217 0.3686 0.1062 0.0132
1 0.4379 0.5584 0.4262 0.8076
1 0.3801 0.3250 0.0854 0.1461
28 0.3833 0.2031 0.2118 0.1971
62 0.7567 0.4272 0.0917 0.1731
62 0.8873 0.4330 0.1022 0.1762
62 0.8899 0.3523 0.0458 0.0251
62 0.2061 0.6982 0.1788 0.4431
62 0.3283 0.3951 0.0484 0.1200
62 0.1739 0.4854 0.1092 0.2586
62 0.2704 0.3675 0.0469 0.0732
62 0.6389 0.3363 0.0263 0.0244
62 0.0573 0.5246 0.1146 0.2901
62 0.0909 0.3742 0.0357 0.0654
62 0.2285 0.4094 0.0740 0.1548
62 0.3667 0.3862 0.0523 0.0665
67 0.3044 0.4057 0.0928 0.1006
86 0.3016 0.3328 0.0192 0.0481
86 0.8296 0.3402 0.0159 0.0554
47 0.4808 0.8822 0.1094 0.1051
67 0.0961 0.4128 0.0292 0.0163
62 0.7479 0.3546 0.0434 0.0425
54 0.7206 0.8038 0.0735 0.0631
62 0.6164 0.3833 0.0859 0.1250
