85 0.7006 0.1348 0.1301 0.0980
3 0.8284 0.8791 0.3325 0.1304
1 0.5879 0.7876 0.0590 0.0815
1 0.4409 0.7473 0.0383 0.0482
1 0.5607 0.7789 0.0504 0.0553
1 0.4643 0.7499 0.0312 0.0451
1 0.8343 0.8477 0.0189 0.0284
1 0.6173 0.8091 0.0496 0.0439
1 0.9225 0.7665 0.0311 0.0427
62 0.6657 0.8057 0.0656 0.0462
1 0.6296 0.7826 0.0558 0.0469
3 0.3657 0.8255 0.3673 0.0589
3 0.0513 0.8614 0.0993 0.0522
3 0.5306 0.8286 0.1086 0.0660
8 0.4873 0.8877 0.3919 0.1207
8 0.1981 0.9062 0.3961 0.1308
62 0.9239 0.8033 0.1345 0.0340
