6 0.6110 0.4365 0.5262 0.7865
6 0.9328 0.4746 0.1345 0.4179
10 0.3235 0.3708 0.0350 0.0940
27 0.1504 0.6197 0.0362 0.0890
27 0.2888 0.5848 0.0153 0.0596
1 0.1684 0.6669 0.0437 0.2533
1 0.2174 0.6619 0.0561 0.2670
1 0.0634 0.6590 0.0496 0.2806
1 0.1525 0.6196 0.0302 0.2084
1 0.3147 0.6468 0.0439 0.2458
1 0.1333 0.5319 0.0164 0.0789
1 0.2297 0.5492 0.0245 0.0700
1 0.1662 0.5054 0.0098 0.0525
1 0.2508 0.6485 0.0348 0.2250
1 0.2687 0.6317 0.0336 0.2307
10 0.1280 0.4202 0.0145 0.0388
10 0.0679 0.4276 0.0119 0.0356
10 0.1940 0.4152 0.0218 0.0820
10 0.0467 0.4156 0.0186 0.0648
10 0.3442 0.3519 0.0249 0.1314
31 0.2382 0.6108 0.0288 0.1026
31 0.2460 0.6337 0.0326 0.1150
1 0.0934 0.6189 0.0344 0.2483
1 0.4535 0.5272 0.0521 0.0885
6 0.2487 0.4637 0.0643 0.1149
10 0.2760 0.4248 0.0095 0.0345
10 0.0046 0.4480 0.0075 0.0393
10 0.2273 0.4149 0.0136 0.0671
1 0.0215 0.5704 0.0282 0.1349
3 0.2951 0.5145 0.0494 0.0746
3 0.3480 0.5109 0.0284 0.0269
6 0.3479 0.4468 0.0312 0.0573
1 0.1930 0.5984 0.3578 0.3068
