3 0.7215 0.5857 0.1614 0.1096
3 0.4371 0.5759 0.0687 0.0400
8 0.6134 0.4705 0.2420 0.3308
8 0.2498 0.5747 0.3196 0.1556
10 0.8006 0.4011 0.0303 0.0562
10 0.8783 0.4947 0.0147 0.0399
10 0.8345 0.4080 0.0135 0.0389
10 0.8570 0.4055 0.0142 0.0402
10 0.8984 0.4945 0.0099 0.0431
1 0.6843 0.2947 0.0141 0.0300
10 0.7651 0.3271 0.0223 0.0626
10 0.6362 0.4192 0.0161 0.0155
10 0.8889 0.3369 0.0276 0.0652
10 0.6251 0.4587 0.0163 0.0298
1 0.7167 0.2947 0.0213 0.0400
1 0.2380 0.5230 0.0152 0.0212
1 0.7068 0.5561 0.0142 0.0144
1 0.5669 0.6254 0.0147 0.0157
3 0.4120 0.5522 0.0208 0.0156
3 0.8281 0.5844 0.0584 0.0399
