41 0.5879 0.8773 0.0378 0.1616
41 0.2772 0.8142 0.0628 0.0504
27 0.5784 0.7279 0.0241 0.0968
27 0.3277 0.5661 0.0715 0.1141
27 0.2782 0.7542 0.0478 0.1042
1 0.3271 0.6728 0.1188 0.4492
1 0.1897 0.3719 0.2324 0.4382
1 0.3885 0.6188 0.0515 0.3345
1 0.4459 0.5970 0.0659 0.3072
1 0.6203 0.7911 0.0809 0.3907
1 0.6064 0.5490 0.0259 0.1521
1 0.6983 0.5408 0.0215 0.1153
1 0.8165 0.5441 0.0318 0.1333
1 0.3594 0.5025 0.0165 0.0406
1 0.7701 0.5446 0.0351 0.1311
1 0.2683 0.6183 0.0610 0.2326
3 0.6015 0.5280 0.0973 0.0617
41 0.1720 0.5757 0.2137 0.1041
41 0.9658 0.6492 0.0114 0.0594
41 0.7609 0.5738 0.0138 0.0478
1 0.2375 0.6220 0.0852 0.3294
1 0.1993 0.6597 0.1144 0.3585
41 0.9813 0.5939 0.0163 0.0342
41 0.4237 0.5672 0.0393 0.0947
1 0.6328 0.5855 0.7312 0.2389
