1 0.9163 0.6581 0.1673 0.5262
1 0.5931 0.1706 0.0424 0.1328
1 0.6356 0.3119 0.0518 0.0884
1 0.6678 0.4421 0.0598 0.0712
1 0.4254 0.5798 0.1268 0.3135
1 0.7935 0.5611 0.0690 0.2749
1 0.3516 0.6030 0.0304 0.0727
39 0.4109 0.4288 0.0577 0.0571
40 0.2871 0.6751 0.0303 0.0368
1 0.2380 0.6529 0.1111 0.1844
62 0.2743 0.3342 0.0390 0.0279
62 0.2832 0.3884 0.0385 0.0910
62 0.2918 0.3983 0.0352 0.0728
62 0.3471 0.3098 0.0399 0.0227
62 0.1188 0.3393 0.0367 0.0208
62 0.3732 0.2697 0.0392 0.0227
62 0.8150 0.3518 0.0395 0.0205
62 0.9434 0.2441 0.0407 0.0305
62 0.3062 0.3124 0.0395 0.0264
62 0.2657 0.3398 0.0439 0.0751
62 0.2918 0.4216 0.0162 0.0739
62 0.3122 0.3302 0.0354 0.0220
39 0.8157 0.4264 0.0066 0.0454
1 0.7228 0.4410 0.0428 0.0679
62 0.3606 0.3299 0.0210 0.0202
1 0.7777 0.3853 0.0453 0.0851
1 0.6550 0.6370 0.0478 0.1137
1 0.8742 0.9312 0.1480 0.1117
1 0.4992 0.4988 0.9984 0.9976
