44 0.4954 0.5984 0.0911 0.2339
44 0.1956 0.5196 0.0885 0.2077
44 0.1429 0.5185 0.0678 0.2380
1 0.5547 0.3173 0.5475 0.5067
1 0.1735 0.3462 0.2793 0.3996
47 0.7264 0.5574 0.0784 0.0725
59 0.5124 0.8492 0.6652 0.2517
47 0.7806 0.5712 0.0854 0.0777
47 0.9026 0.6901 0.1301 0.1442
47 0.0831 0.5357 0.0646 0.0590
51 0.0605 0.6591 0.1210 0.1579
62 0.8839 0.4274 0.1450 0.1088
67 0.5000 0.6971 1.0000 0.5856
1 0.0667 0.3290 0.1265 0.3656
47 0.4252 0.5422 0.0736 0.0778
47 0.7913 0.6826 0.0768 0.0540
47 0.5848 0.6561 0.0686 0.0293
