16 0.3117 0.9266 0.0361 0.0360
1 0.7857 0.7285 0.0420 0.1216
1 0.2006 0.7040 0.0515 0.0579
1 0.3509 0.7039 0.0272 0.0640
1 0.0393 0.7024 0.0576 0.0653
16 0.4034 0.9268 0.0467 0.0380
16 0.3575 0.9270 0.0434 0.0306
16 0.4537 0.9214 0.0254 0.0325
16 0.4356 0.9146 0.0221 0.0292
16 0.3764 0.9305 0.0327 0.0278
16 0.2631 0.9334 0.0473 0.0286
51 0.8293 0.7812 0.0686 0.0283
51 0.9603 0.7418 0.0497 0.0134
67 0.1890 0.7547 0.2673 0.0657
67 0.4210 0.7527 0.1017 0.0541
16 0.4153 0.9334 0.0229 0.0330
51 0.8243 0.7242 0.0606 0.0196
51 0.8268 0.7654 0.0706 0.0085
