62 0.6526 0.6901 0.2154 0.1708
62 0.5687 0.6486 0.7905 0.2500
62 0.5131 0.5865 0.1160 0.0562
62 0.4094 0.5474 0.0276 0.0337
62 0.4970 0.5848 0.1090 0.0728
28 0.4588 0.3510 0.4519 0.0616
28 0.2865 0.3753 0.3271 0.0780
28 0.8417 0.4601 0.2436 0.1158
67 0.5888 0.6192 0.2478 0.0400
67 0.4678 0.5668 0.1825 0.0144
28 0.5834 0.3867 0.7378 0.4698
28 0.4702 0.4256 0.1925 0.0261
28 0.8761 0.4125 0.2478 0.2793
28 0.2524 0.4669 0.2400 0.0756
67 0.9421 0.5561 0.1158 0.0138
62 0.2745 0.5352 0.0359 0.0175
62 0.6134 0.5721 0.0308 0.0569
62 0.5281 0.5487 0.0701 0.0315
67 0.2552 0.5550 0.0624 0.0241
