4 0.6614 0.6909 0.3110 0.3229
1 0.4613 0.7194 0.1572 0.5101
1 0.6374 0.7509 0.1268 0.4972
1 0.8328 0.7094 0.1775 0.4653
1 0.0481 0.5608 0.0961 0.3148
1 0.7818 0.5281 0.0499 0.1168
1 0.3579 0.5243 0.0455 0.1835
1 0.4260 0.5453 0.0379 0.1459
31 0.6406 0.7795 0.0628 0.1488
31 0.9593 0.6763 0.0329 0.0435
8 0.0853 0.4710 0.1707 0.3336
1 0.2958 0.4839 0.0675 0.1097
1 0.5509 0.5041 0.0403 0.1254
10 0.3215 0.3269 0.0345 0.1219
1 0.2144 0.4707 0.0297 0.0898
1 0.1881 0.4428 0.0279 0.0343
1 0.9408 0.6205 0.0669 0.2674
31 0.0173 0.5188 0.0187 0.0798
