3 0.6732 0.7667 0.2878 0.2687
3 0.2144 0.7568 0.1349 0.2144
3 0.1099 0.7545 0.1451 0.3041
3 0.4290 0.6355 0.0471 0.0581
3 0.6227 0.6101 0.0579 0.0415
10 0.3549 0.3975 0.0255 0.0696
10 0.7334 0.3799 0.0305 0.0810
10 0.1373 0.0904 0.1582 0.1753
10 0.8500 0.5220 0.0187 0.0497
10 0.4923 0.5292 0.0216 0.0465
10 0.2946 0.4813 0.0217 0.0640
3 0.5173 0.6242 0.0385 0.0422
3 0.4402 0.7492 0.0593 0.2064
10 0.2584 0.5124 0.0138 0.0256
10 0.3458 0.3303 0.0341 0.0905
10 0.3893 0.5019 0.0078 0.0163
10 0.4457 0.5225 0.0156 0.0262
10 0.7402 0.4911 0.0094 0.0163
10 0.3215 0.3902 0.0280 0.0376
10 0.8097 0.3622 0.0330 0.0900
3 0.5076 0.7558 0.1404 0.2250
10 0.5859 0.5259 0.0906 0.1012
