85 0.8489 0.2033 0.0685 0.1033
1 0.3814 0.7672 0.0629 0.2214
1 0.4452 0.7471 0.0514 0.2263
1 0.5805 0.7617 0.0295 0.1517
1 0.7129 0.8216 0.1005 0.3567
31 0.6874 0.8387 0.0547 0.1044
31 0.1905 0.7461 0.0227 0.0430
1 0.5117 0.7219 0.0343 0.1637
1 0.2097 0.7417 0.0711 0.2278
1 0.5385 0.7500 0.0287 0.1660
1 0.6082 0.7594 0.0294 0.1490
1 0.4810 0.7319 0.0281 0.1390
1 0.6521 0.7221 0.0330 0.1577
31 0.4029 0.8058 0.0310 0.0691
1 0.6005 0.6822 0.0321 0.0638
1 0.8066 0.7542 0.0529 0.2322
1 0.6256 0.7045 0.0281 0.1388
