2 0.6500 0.4027 0.1741 0.1261
2 0.8268 0.8365 0.1944 0.3255
2 0.6335 0.6819 0.5955 0.6074
2 0.5572 0.5455 0.2284 0.1703
2 0.4160 0.4587 0.1953 0.2341
1 0.1183 0.3166 0.0765 0.2226
1 0.2442 0.2861 0.0970 0.1214
15 0.0280 0.3463 0.0554 0.0784
27 0.2287 0.2740 0.0635 0.0892
2 0.3743 0.6104 0.1113 0.2222
2 0.2450 0.4286 0.0975 0.0608
2 0.1803 0.3800 0.0700 0.0870
2 0.3015 0.4530 0.0739 0.1332
2 0.2421 0.5200 0.3846 0.4704
2 0.4897 0.5623 0.2477 0.2883
2 0.7690 0.4778 0.0673 0.2039
2 0.2422 0.3696 0.1261 0.0769
2 0.5820 0.6331 0.8320 0.7285
