1 0.2794 0.8482 0.1371 0.2799
1 0.1245 0.7866 0.0830 0.3142
1 0.6067 0.2018 0.0757 0.1633
1 0.7407 0.2142 0.1236 0.1516
1 0.3703 0.2144 0.0362 0.1297
1 0.2592 0.1919 0.0616 0.0826
1 0.4108 0.5407 0.0600 0.1316
22 0.8670 0.5596 0.2661 0.6998
22 0.5889 0.5406 0.2266 0.8754
22 0.3682 0.4482 0.2074 0.4797
22 0.7167 0.5169 0.2399 0.6697
22 0.2631 0.4270 0.1484 0.4674
22 0.1972 0.4116 0.1215 0.4532
22 0.1190 0.4200 0.1153 0.4126
22 0.5268 0.4841 0.1220 0.5964
22 0.4469 0.5245 0.0876 0.3890
1 0.1589 0.8735 0.0760 0.1229
1 0.1281 0.2194 0.0491 0.0670
1 0.1861 0.2006 0.0185 0.0411
1 0.6454 0.8164 0.0674 0.3305
1 0.4862 0.7589 0.0596 0.2940
