1 0.5448 0.6579 0.2478 0.6488
43 0.2855 0.4099 0.0481 0.3491
43 0.7288 0.2251 0.1602 0.3479
1 0.0558 0.5254 0.1115 0.9493
1 0.2129 0.7438 0.1559 0.4854
1 0.6022 0.7359 0.0396 0.1966
37 0.3393 0.5404 0.0125 0.0175
37 0.9712 0.8203 0.0079 0.0101
37 0.7259 0.8170 0.0122 0.0169
37 0.9961 0.8106 0.0077 0.0139
43 0.1379 0.8600 0.0664 0.2767
1 0.0910 0.3704 0.1820 0.7042
37 0.3263 0.8782 0.0107 0.0186
37 0.6540 0.8253 0.0091 0.0142
37 0.9257 0.8240 0.0104 0.0149
37 0.7775 0.8365 0.0095 0.0170
37 0.9485 0.8197 0.0111 0.0199
37 0.9761 0.8009 0.0068 0.0126
37 0.9672 0.8092 0.0111 0.0137
37 0.6087 0.8254 0.0087 0.0126
37 0.6204 0.8237 0.0063 0.0083
37 0.6211 0.7260 0.7547 0.3981
