1 0.2031 0.7985 0.0688 0.1532
1 0.1405 0.8031 0.0672 0.1512
1 0.7875 0.7922 0.0498 0.0919
1 0.8468 0.7937 0.0329 0.0900
1 0.0664 0.7665 0.0391 0.0739
31 0.2357 0.8214 0.0387 0.0353
31 0.1154 0.7856 0.0232 0.0606
31 0.0784 0.7558 0.0117 0.0312
1 0.1077 0.7439 0.0204 0.0458
1 0.0887 0.7493 0.0177 0.0400
1 0.0307 0.7426 0.0157 0.0357
1 0.2688 0.7560 0.0174 0.0539
1 0.2442 0.7576 0.0281 0.0612
8 0.5561 0.8267 0.4455 0.2054
31 0.0211 0.7384 0.0090 0.0052
1 0.0448 0.7428 0.0168 0.0339
1 0.0194 0.7415 0.0157 0.0354
