20 0.2072 0.9003 0.0320 0.0672
20 0.5678 0.9131 0.0550 0.0705
20 0.4335 0.8937 0.0822 0.0744
20 0.3899 0.8692 0.0473 0.0703
20 0.6643 0.9187 0.0579 0.0831
20 0.6248 0.8225 0.0540 0.0599
20 0.5524 0.7114 0.0568 0.0630
20 0.7195 0.8283 0.0578 0.0604
20 0.2245 0.9269 0.0531 0.0688
20 0.6443 0.8759 0.0679 0.0743
20 0.6768 0.8413 0.0656 0.0702
20 0.8103 0.7600 0.0473 0.0471
20 0.6728 0.7942 0.0391 0.0412
20 0.7169 0.7885 0.0405 0.0421
20 0.5956 0.9208 0.0303 0.0738
20 0.2056 0.6904 0.0373 0.0500
20 0.6848 0.7588 0.0307 0.0507
20 0.4586 0.5234 0.9172 0.9485
