62 0.3228 0.5956 0.0890 0.3220
62 0.3609 0.3665 0.0789 0.2120
62 0.2405 0.5608 0.0203 0.1054
62 0.9808 0.8497 0.0384 0.1486
62 0.4593 0.3093 0.0264 0.1551
67 0.5904 0.7161 0.8103 0.5440
1 0.2804 0.6281 0.3928 0.7213
1 0.1119 0.3134 0.1134 0.2863
46 0.5946 0.5635 0.0456 0.1017
47 0.4242 0.2388 0.0135 0.0200
47 0.2416 0.2811 0.0157 0.0370
47 0.2986 0.2744 0.0158 0.0149
47 0.4361 0.2291 0.0055 0.0101
49 0.4900 0.8006 0.0578 0.0200
49 0.5072 0.5461 0.0823 0.0253
51 0.7972 0.5340 0.0597 0.0690
1 0.4934 0.2102 0.0402 0.0596
46 0.0655 0.3395 0.0270 0.0566
46 0.0126 0.3718 0.0164 0.0720
48 0.4825 0.6194 0.0847 0.0285
50 0.7792 0.4396 0.0216 0.0159
51 0.3193 0.2750 0.0203 0.0156
67 0.0404 0.3721 0.0809 0.1661
47 0.2763 0.2615 0.0295 0.0467
47 0.3860 0.2401 0.0123 0.0293
54 0.4432 0.6759 0.0645 0.0536
62 0.0844 0.8073 0.0645 0.3854
62 0.4812 0.2924 0.0230 0.1372
67 0.3338 0.3259 0.1747 0.1386
67 0.0217 0.6844 0.0399 0.2623
67 0.4067 0.2418 0.1520 0.0371
67 0.5226 0.2461 0.0590 0.0195
67 0.5607 0.3025 0.0414 0.0717
46 0.5681 0.5284 0.0406 0.1066
1 0.8896 0.5889 0.2208 0.5259
67 0.5531 0.2644 0.0552 0.0219
