33 0.6132 0.3302 0.0586 0.0518
33 0.4889 0.5675 0.1292 0.0756
33 0.4661 0.3208 0.1073 0.0904
33 0.5412 0.4867 0.0805 0.0310
1 0.9402 0.7094 0.0366 0.0875
1 0.8104 0.6811 0.0198 0.0296
1 0.1891 0.7109 0.0311 0.0806
33 0.5031 0.2688 0.1567 0.0545
33 0.6033 0.3685 0.1226 0.0524
33 0.5286 0.4243 0.2336 0.1240
33 0.4312 0.4774 0.1412 0.0412
33 0.3237 0.3475 0.1810 0.0776
33 0.3646 0.2648 0.1192 0.1083
33 0.4843 0.5130 0.1488 0.0440
33 0.6680 0.4948 0.0706 0.0891
33 0.6354 0.2831 0.1218 0.0468
33 0.4491 0.3240 0.6032 0.6480
