20 0.6023 0.4325 0.0509 0.0680
20 0.7070 0.4306 0.0365 0.0523
20 0.8147 0.4278 0.0286 0.0535
4 0.2531 0.5918 0.4931 0.8165
1 0.7556 0.3936 0.0227 0.1199
1 0.9075 0.3907 0.0134 0.1182
1 0.9316 0.3851 0.0214 0.1387
1 0.9490 0.3826 0.0202 0.1325
1 0.9658 0.3749 0.0218 0.1172
1 0.9939 0.3870 0.0117 0.1227
1 0.4518 0.4315 0.0175 0.0680
20 0.5522 0.4401 0.0368 0.0629
20 0.6424 0.4371 0.0167 0.0533
20 0.6725 0.4343 0.0216 0.0633
20 0.7281 0.4226 0.0197 0.0548
20 0.5115 0.4428 0.0404 0.0615
20 0.4694 0.4416 0.0230 0.0634
20 0.7335 0.4436 0.0248 0.0548
20 0.6579 0.4337 0.0183 0.0603
20 0.4902 0.4315 0.0239 0.0291
