5 0.7012 0.5545 0.2254 0.0936
1 0.3852 0.6762 0.0285 0.1054
1 0.4071 0.6777 0.0236 0.0941
1 0.1427 0.6796 0.0326 0.1065
1 0.1789 0.6756 0.0216 0.1071
1 0.4497 0.6441 0.0214 0.0396
1 0.4802 0.6445 0.0226 0.0425
1 0.5093 0.6482 0.0195 0.0570
1 0.5276 0.6494 0.0177 0.0537
1 0.5526 0.6474 0.0263 0.0455
1 0.7638 0.6496 0.0320 0.0639
3 0.1186 0.7758 0.2283 0.1932
3 0.2553 0.7155 0.1278 0.1288
3 0.3257 0.7114 0.1003 0.0872
3 0.2185 0.6565 0.0623 0.0439
3 0.6435 0.7600 0.2109 0.1331
8 0.0419 0.6292 0.0837 0.0864
1 0.7040 0.6882 0.0125 0.0522
3 0.4866 0.7295 0.1618 0.1102
3 0.8399 0.8117 0.2843 0.1874
3 0.9450 0.7363 0.1099 0.1133
3 0.7847 0.7110 0.1655 0.0589
3 0.9430 0.8824 0.1141 0.2118
1 0.0422 0.6670 0.0540 0.0833
1 0.0704 0.6761 0.0315 0.0810
1 0.6070 0.6741 0.7828 0.1765
