28 0.1785 0.4921 0.3570 0.5034
28 0.3747 0.5047 0.4253 0.1735
28 0.8054 0.6194 0.3787 0.3131
62 0.5675 0.8364 0.0825 0.1506
62 0.9239 0.8212 0.1522 0.3132
1 0.4250 0.7776 0.1246 0.2162
1 0.6811 0.7817 0.0817 0.2461
1 0.7770 0.7326 0.0493 0.1678
1 0.9458 0.7446 0.1084 0.2633
1 0.2884 0.7750 0.0643 0.1021
1 0.3278 0.7854 0.2199 0.2292
1 0.1709 0.7619 0.2689 0.3101
1 0.0495 0.7966 0.0990 0.3753
47 0.3803 0.7842 0.0171 0.0454
47 0.4620 0.8162 0.0123 0.0337
62 0.7765 0.8868 0.2921 0.1848
28 0.6119 0.6092 0.1999 0.1537
28 0.8908 0.4191 0.2183 0.2221
28 0.2729 0.6105 0.3449 0.0901
28 0.0867 0.5357 0.1712 0.0870
62 0.2133 0.9240 0.2732 0.1193
62 0.4825 0.8694 0.1003 0.1097
62 0.1718 0.8130 0.0824 0.0603
