62 0.8081 0.6017 0.1042 0.1394
62 0.0314 0.6810 0.0628 0.1033
62 0.1875 0.6785 0.1836 0.2515
62 0.5348 0.6100 0.1169 0.1510
62 0.6126 0.6023 0.0676 0.1705
63 0.1690 0.8653 0.3235 0.2478
63 0.3651 0.6032 0.2033 0.1996
67 0.0509 0.6364 0.0987 0.1620
46 0.2800 0.6993 0.0181 0.0408
46 0.2849 0.6717 0.0112 0.0281
86 0.4280 0.4952 0.0150 0.0334
84 0.2993 0.7969 0.0641 0.0448
86 0.5336 0.4381 0.0108 0.0293
62 0.6662 0.5798 0.0767 0.1121
62 0.5437 0.8060 0.2621 0.3881
64 0.5372 0.4160 0.0469 0.0732
67 0.4809 0.6145 0.0410 0.0787
84 0.3554 0.8216 0.0765 0.0563
84 0.3673 0.7256 0.0851 0.0597
