1 0.7608 0.5359 0.2998 0.5472
1 0.9512 0.3079 0.0193 0.0758
1 0.8740 0.3001 0.0136 0.0277
39 0.9366 0.3947 0.0913 0.0347
40 0.4713 0.5372 0.0577 0.0989
1 0.6097 0.1603 0.0173 0.0739
1 0.3080 0.3029 0.0191 0.0318
1 0.6529 0.2862 0.0169 0.0331
1 0.5046 0.4512 0.0357 0.0518
1 0.3731 0.4264 0.0259 0.0523
15 0.6155 0.4432 0.0543 0.0678
62 0.3948 0.2824 0.0166 0.0073
1 0.3421 0.2957 0.0227 0.0267
1 0.3517 0.6225 0.2478 0.5124
1 0.0799 0.5840 0.1586 0.4673
1 0.0154 0.4515 0.0309 0.1275
1 0.4679 0.4507 0.0300 0.0507
1 0.4992 0.2733 0.9953 0.4240
