3 0.0869 0.3146 0.1609 0.1159
4 0.3016 0.6737 0.5987 0.5538
4 0.5826 0.5552 0.5735 0.4189
4 0.7139 0.4496 0.4814 0.3106
4 0.7978 0.3135 0.2652 0.2180
4 0.9056 0.2845 0.1888 0.1723
1 0.1494 0.6270 0.2989 0.7236
1 0.2737 0.3074 0.0925 0.2137
1 0.4278 0.3032 0.1349 0.2876
1 0.2255 0.2750 0.1258 0.2407
1 0.6118 0.2277 0.0283 0.1000
1 0.7597 0.1758 0.0449 0.0575
1 0.7259 0.1865 0.0347 0.0601
1 0.8074 0.2214 0.0362 0.1438
1 0.0417 0.2694 0.0361 0.0508
1 0.6668 0.2148 0.0636 0.1272
1 0.5375 0.2206 0.0189 0.0501
1 0.5527 0.2332 0.0285 0.0825
4 0.9733 0.2452 0.0533 0.0722
1 0.3315 0.2487 0.0259 0.0563
1 0.7547 0.2500 0.0750 0.1094
