19 0.4437 0.5894 0.2498 0.2502
1 0.4350 0.5105 0.0586 0.2059
1 0.2194 0.4146 0.0301 0.0985
1 0.9733 0.0445 0.0185 0.0252
1 0.7428 0.0320 0.0178 0.0354
1 0.7063 0.0591 0.0273 0.0778
1 0.6852 0.0602 0.0175 0.0775
1 0.3097 0.0446 0.0193 0.0311
1 0.5851 0.0654 0.0225 0.0658
1 0.2911 0.0438 0.0187 0.0289
1 0.7286 0.0573 0.0277 0.0819
1 0.2386 0.0780 0.0140 0.0670
3 0.4765 0.3093 0.0818 0.0177
3 0.6555 0.3017 0.0495 0.0190
9 0.7755 0.6794 0.1585 0.0604
1 0.4936 0.0599 0.0148 0.0692
1 0.1879 0.0776 0.0206 0.0797
8 0.6022 0.4227 0.2098 0.1454
1 0.4500 0.0597 0.1844 0.1007
