10 0.6838 0.2185 0.0182 0.0929
41 0.5418 0.5795 0.1901 0.1796
27 0.5975 0.4011 0.0645 0.2045
1 0.3733 0.5135 0.1829 0.6359
1 0.1095 0.4367 0.1319 0.4337
1 0.6100 0.3778 0.0397 0.2029
1 0.6325 0.3681 0.0305 0.1599
1 0.8738 0.3889 0.0445 0.1546
1 0.6831 0.3221 0.0196 0.0730
1 0.7409 0.3661 0.0236 0.1313
1 0.7734 0.3960 0.0274 0.1800
1 0.7758 0.3964 0.0408 0.1494
1 0.2571 0.3560 0.0506 0.1492
1 0.9680 0.3795 0.0449 0.1459
2 0.9484 0.4266 0.0591 0.0989
27 0.2318 0.3240 0.0163 0.0510
27 0.0210 0.5037 0.0421 0.1731
27 0.0145 0.3130 0.0087 0.0263
31 0.8311 0.3653 0.0175 0.0349
31 0.2833 0.3711 0.0291 0.0521
31 0.7160 0.3431 0.0196 0.0355
1 0.5052 0.5479 0.2702 0.7919
10 0.6872 0.1503 0.0217 0.0507
31 0.4429 0.4079 0.0558 0.2602
31 0.1831 0.3701 0.0105 0.0528
1 0.6696 0.3747 0.0367 0.1450
1 0.4781 0.3759 0.9563 0.2412
