3 0.8139 0.2689 0.1189 0.0537
2 0.0445 0.6211 0.0882 0.2563
41 0.5186 0.7296 0.3766 0.1074
41 0.6690 0.6442 0.1206 0.0589
1 0.9204 0.4196 0.1591 0.8392
1 0.5215 0.6475 0.1171 0.1937
1 0.6079 0.4135 0.0796 0.4090
1 0.2175 0.5519 0.2544 0.5469
1 0.0398 0.5011 0.0770 0.4584
1 0.7480 0.5083 0.1259 0.2426
1 0.8313 0.4074 0.0636 0.2725
1 0.4095 0.5461 0.1862 0.2434
1 0.8371 0.5202 0.1284 0.3117
1 0.6911 0.5213 0.1144 0.2128
41 0.4278 0.6423 0.0745 0.0423
41 0.7767 0.6102 0.0517 0.0178
1 0.8976 0.6938 0.2049 0.1939
