3 0.2619 0.8782 0.1207 0.0656
3 0.2250 0.8298 0.1070 0.0607
3 0.1647 0.7466 0.0413 0.0726
3 0.1983 0.7986 0.0634 0.0603
9 0.3301 0.6328 0.0224 0.0133
9 0.4406 0.8011 0.1900 0.2242
9 0.5667 0.7828 0.0972 0.1193
9 0.8906 0.5961 0.0558 0.0229
9 0.2292 0.4963 0.0570 0.0245
9 0.5892 0.7048 0.0306 0.0189
9 0.6070 0.5659 0.0153 0.0130
9 0.1948 0.4817 0.0308 0.0133
9 0.5904 0.7039 0.0309 0.0177
1 0.4035 0.9448 0.0147 0.0706
1 0.4498 0.9766 0.0155 0.0462
1 0.3598 0.9345 0.0148 0.0694
1 0.3701 0.8835 0.0132 0.0577
1 0.3482 0.8402 0.0130 0.0544
1 0.3294 0.8442 0.0114 0.0583
1 0.3188 0.8221 0.0111 0.0540
1 0.2870 0.7937 0.0146 0.0584
1 0.2086 0.7400 0.0151 0.0495
1 0.1878 0.7473 0.0160 0.0481
1 0.3378 0.8171 0.0145 0.0580
1 0.2189 0.7390 0.0105 0.0478
1 0.3768 0.9363 0.0150 0.0628
9 0.2180 0.4814 0.0454 0.0194
9 0.9375 0.5937 0.0382 0.0218
8 0.2630 0.8783 0.1364 0.0773
9 0.3605 0.4448 0.0461 0.0209
3 0.2061 0.8072 0.0665 0.0393
3 0.3400 0.9786 0.1485 0.0429
3 0.2518 0.8382 0.0875 0.0355
4 0.1297 0.7245 0.0337 0.0337
9 0.2707 0.4666 0.0285 0.0181
9 0.5547 0.5351 0.8875 0.3302
1 0.5156 0.7600 0.9656 0.4754
