1 0.5544 0.4868 0.0375 0.3149
1 0.7735 0.6532 0.1591 0.6734
1 0.3018 0.4221 0.0216 0.1223
1 0.0369 0.4629 0.0430 0.3056
1 0.9580 0.4355 0.0311 0.1391
1 0.3201 0.4173 0.0249 0.1248
43 0.8382 0.6632 0.0542 0.1211
43 0.0553 0.4364 0.0474 0.0469
1 0.1451 0.4483 0.0301 0.1252
15 0.3775 0.4475 0.0508 0.1100
37 0.5047 0.9103 0.0123 0.0271
37 0.7302 0.5912 0.0059 0.0140
1 0.8484 0.4385 0.0227 0.1062
1 0.2298 0.4558 0.0215 0.1005
1 0.1971 0.3705 0.0223 0.0580
1 0.5796 0.4461 0.0280 0.0975
1 0.6809 0.4468 0.0238 0.1507
1 0.1879 0.4434 0.0354 0.1208
15 0.2642 0.4603 0.0397 0.0733
15 0.1634 0.4577 0.0275 0.0680
1 0.3812 0.4490 0.6719 0.1338
