38 0.6186 0.3402 0.0893 0.1066
38 0.3238 0.6219 0.1281 0.1349
38 0.4874 0.4834 0.0922 0.0433
38 0.5621 0.4505 0.0757 0.0694
38 0.7024 0.4012 0.0354 0.0272
38 0.7606 0.7376 0.1559 0.1015
1 0.0869 0.7696 0.0888 0.2288
1 0.1952 0.7039 0.0282 0.0677
1 0.5262 0.7474 0.0757 0.1251
1 0.2310 0.7160 0.0721 0.1311
1 0.2863 0.6883 0.0353 0.0624
1 0.8469 0.7285 0.0880 0.1588
1 0.6384 0.6864 0.0443 0.0543
1 0.5858 0.7143 0.0730 0.0544
1 0.3514 0.6902 0.0254 0.0670
1 0.3169 0.7123 0.0318 0.0733
1 0.8069 0.6605 0.0735 0.0525
38 0.6930 0.7487 0.1554 0.0635
38 0.3614 0.6348 0.0301 0.0169
38 0.5831 0.7435 0.0327 0.0301
38 0.9007 0.7700 0.1266 0.0314
38 0.7720 0.4387 0.0085 0.0043
1 0.4552 0.7270 0.0573 0.0933
1 0.5000 0.7109 0.9953 0.1938
