28 0.1100 0.8407 0.0969 0.0315
38 0.1508 0.4038 0.0556 0.0405
1 0.2140 0.9053 0.0130 0.0465
28 0.7971 0.8397 0.0337 0.0146
28 0.2214 0.8550 0.0370 0.0255
1 0.4332 0.9077 0.0135 0.0604
1 0.7302 0.9213 0.0659 0.1575
1 0.6787 0.9262 0.0465 0.1477
1 0.8456 0.8685 0.0132 0.0380
1 0.1717 0.9312 0.0126 0.0718
1 0.8365 0.9216 0.0521 0.1560
1 0.6516 0.9424 0.0393 0.1152
1 0.6040 0.9134 0.0203 0.0367
1 0.5219 0.9428 0.0358 0.1144
1 0.2710 0.9110 0.0194 0.0647
38 0.2565 0.3469 0.0494 0.0246
38 0.7140 0.1233 0.0265 0.0268
1 0.2262 0.9115 0.0201 0.0706
38 0.7846 0.5700 0.0192 0.0163
38 0.8907 0.6339 0.0204 0.0102
38 0.6767 0.7227 0.0135 0.0076
38 0.4522 0.6546 0.0103 0.0106
38 0.4496 0.7502 0.0112 0.0156
38 0.8733 0.7127 0.0178 0.0165
38 0.6052 0.3153 0.0126 0.0097
38 0.6974 0.0181 0.0163 0.0169
38 0.5918 0.4903 0.0114 0.0205
38 0.2559 0.6946 0.0150 0.0148
1 0.4803 0.8866 0.0053 0.0121
1 0.4695 0.9229 0.6797 0.1500
38 0.5836 0.7240 0.8266 0.2729
