62 0.1709 0.6573 0.3417 0.4344
1 0.5045 0.5462 0.9910 0.8856
84 0.0932 0.1081 0.0585 0.0970
84 0.1787 0.4091 0.0345 0.1158
84 0.3650 0.1033 0.0222 0.0345
60 0.4519 0.4346 0.2086 0.1096
84 0.0338 0.2444 0.0517 0.1242
84 0.2302 0.4131 0.0421 0.1017
84 0.5998 0.1869 0.0524 0.0797
84 0.0535 0.2543 0.0713 0.1014
84 0.0535 0.1692 0.1070 0.0273
84 0.0386 0.0647 0.0544 0.1054
84 0.0214 0.2468 0.0428 0.1207
84 0.0665 0.0940 0.0941 0.1156
84 0.2870 0.0973 0.0190 0.0497
84 0.5809 0.1709 0.0826 0.0929
84 0.3906 0.2789 0.7771 0.5578
