73 0.5612 0.8033 0.6325 0.3714
73 0.8623 0.6723 0.2753 0.3198
73 0.4458 0.4618 0.3287 0.1596
73 0.2085 0.5854 0.3765 0.2237
73 0.0527 0.3510 0.1029 0.0481
73 0.2611 0.3050 0.1893 0.0557
73 0.1887 0.2816 0.1581 0.0499
73 0.6923 0.3913 0.2925 0.0940
62 0.3576 0.4172 0.1595 0.0984
62 0.4452 0.3272 0.1137 0.1710
62 0.3397 0.2541 0.0900 0.0518
62 0.7584 0.3551 0.1584 0.0539
62 0.8927 0.2193 0.0814 0.1821
62 0.2389 0.1812 0.0412 0.0248
62 0.3146 0.1980 0.0576 0.0620
62 0.6177 0.2539 0.1023 0.1886
62 0.2786 0.2302 0.0696 0.0534
73 0.0852 0.2427 0.0547 0.0256
74 0.3170 0.6932 0.1180 0.0734
84 0.4742 0.1160 0.0034 0.0323
84 0.5265 0.1124 0.0093 0.0355
84 0.7279 0.2370 0.0259 0.0617
84 0.4799 0.1149 0.0060 0.0308
84 0.7074 0.2307 0.0185 0.0660
62 0.2742 0.3937 0.1447 0.1781
62 0.5348 0.2594 0.1120 0.1790
62 0.1471 0.2403 0.0877 0.0286
73 0.9032 0.4666 0.1937 0.1327
73 0.2216 0.2201 0.0673 0.0183
73 0.3209 0.2165 0.0216 0.0157
74 0.4162 0.2881 0.0244 0.0240
73 0.3446 0.1709 0.0555 0.0133
84 0.5140 0.1133 0.0184 0.0354
84 0.5616 0.1130 0.0156 0.0308
74 0.5759 0.3620 0.0508 0.0276
74 0.0288 0.3808 0.0576 0.0368
74 0.0748 0.2943 0.0273 0.0224
74 0.0674 0.2515 0.0186 0.0198
