16 0.4543 0.7530 0.0318 0.0412
16 0.5280 0.7727 0.0316 0.0500
16 0.6154 0.7392 0.0233 0.0416
16 0.7889 0.7994 0.0354 0.0486
16 0.5870 0.7373 0.0197 0.0623
16 0.7101 0.7142 0.0472 0.0572
16 0.7719 0.7415 0.0292 0.0371
16 0.3235 0.7849 0.0373 0.0602
16 0.5740 0.6434 0.0210 0.0234
16 0.8784 0.7439 0.0515 0.0992
19 0.6039 0.5510 0.0910 0.1404
19 0.1830 0.6247 0.0549 0.1640
21 0.5651 0.4671 0.0600 0.0494
21 0.7382 0.4370 0.0437 0.0449
1 0.1908 0.5516 0.0599 0.1497
1 0.3336 0.6254 0.0492 0.1889
16 0.6588 0.7587 0.0283 0.0364
16 0.6525 0.6795 0.0355 0.0252
16 0.4965 0.7578 0.0292 0.0531
16 0.5583 0.7396 0.0369 0.0338
16 0.4209 0.6753 0.0346 0.0471
16 0.3990 0.6366 0.0164 0.0153
16 0.4467 0.6082 0.0260 0.0403
16 0.4733 0.7416 0.0237 0.0507
19 0.5436 0.5283 0.0258 0.0508
19 0.7907 0.5427 0.0929 0.1168
21 0.9394 0.4775 0.0352 0.0650
21 0.8462 0.4481 0.0337 0.0573
21 0.7581 0.3999 0.0329 0.0205
21 0.4942 0.5027 0.0671 0.0601
21 0.6985 0.4673 0.0459 0.0520
21 0.7073 0.4379 0.0267 0.0340
21 0.9359 0.4866 0.0625 0.0617
21 0.7763 0.4469 0.0346 0.0485
21 0.6562 0.4467 0.0620 0.0563
1 0.6638 0.5683 0.0272 0.1440
19 0.5653 0.5568 0.0279 0.1119
19 0.6994 0.5456 0.0704 0.1144
16 0.5830 0.6499 0.8060 0.3130
