16 0.1197 0.6021 0.0473 0.0266
16 0.1597 0.6065 0.0710 0.0946
16 0.5013 0.5605 0.0478 0.0326
16 0.5347 0.8499 0.0680 0.0604
3 0.0428 0.1283 0.0489 0.0504
9 0.7374 0.5000 0.5174 1.0000
1 0.6141 0.1429 0.0197 0.0465
1 0.6716 0.1194 0.0068 0.0325
1 0.5274 0.1183 0.0046 0.0130
1 0.5252 0.2335 0.0313 0.0415
9 0.3493 0.2556 0.4616 0.1669
9 0.0864 0.1725 0.1690 0.2990
9 0.9513 0.2329 0.0973 0.1080
16 0.8564 0.6451 0.0548 0.0292
1 0.1206 0.1236 0.0094 0.0398
1 0.6866 0.1150 0.0092 0.0403
16 0.5384 0.5837 0.0230 0.0320
16 0.8589 0.6611 0.0426 0.0126
16 0.9883 0.6144 0.0230 0.0179
16 0.5246 0.6792 0.0419 0.0389
9 0.6360 0.1618 0.0741 0.0375
1 0.5922 0.1594 0.0233 0.0440
1 0.3104 0.1030 0.0105 0.0270
