1 0.3612 0.4625 0.0092 0.0253
1 0.3967 0.4792 0.0170 0.0289
1 0.3798 0.4770 0.0123 0.0175
1 0.1940 0.7844 0.0812 0.0508
1 0.1784 0.7437 0.0372 0.0498
1 0.3423 0.7544 0.0818 0.0522
1 0.3894 0.7137 0.0274 0.0435
1 0.4691 0.6626 0.0355 0.0328
27 0.4335 0.8527 0.0542 0.0384
28 0.2402 0.7370 0.1425 0.1607
28 0.3502 0.6348 0.1192 0.0554
28 0.0830 0.8250 0.1613 0.1859
28 0.3736 0.9418 0.2756 0.1164
62 0.5655 0.6361 0.1071 0.0385
62 0.1490 0.6963 0.0612 0.0596
62 0.1859 0.9058 0.1627 0.1466
1 0.5047 0.4336 0.0089 0.0272
1 0.6108 0.3992 0.0057 0.0244
1 0.2928 0.4474 0.0120 0.0106
28 0.6434 0.7240 0.1735 0.0835
28 0.7180 0.6527 0.1524 0.1004
28 0.5663 0.8550 0.2162 0.1784
28 0.8608 0.9354 0.2785 0.1292
28 0.4542 0.6091 0.1085 0.0520
28 0.8286 0.5637 0.1377 0.0530
28 0.8500 0.5302 0.1240 0.0442
28 0.2656 0.5729 0.0885 0.0391
1 0.6886 0.3897 0.0101 0.0125
28 0.9078 0.8455 0.1792 0.1481
62 0.5456 0.7283 0.0705 0.0951
62 0.4464 0.7022 0.1159 0.0721
62 0.5368 0.6616 0.1117 0.0636
62 0.0692 0.7155 0.0828 0.0564
62 0.3955 0.7224 0.1073 0.0767
62 0.7048 0.8512 0.0878 0.0790
1 0.5000 0.6352 0.9969 0.5203
28 0.4992 0.5484 0.9984 0.4719
