85 0.4959 0.3735 0.0392 0.0633
85 0.4078 0.3787 0.0282 0.0602
3 0.2167 0.5819 0.0363 0.0304
3 0.9535 0.7123 0.0927 0.1441
3 0.6771 0.5783 0.0683 0.0434
3 0.1775 0.5676 0.0236 0.0284
3 0.8589 0.5573 0.0400 0.0234
3 0.5314 0.5638 0.0422 0.0141
3 0.6269 0.5644 0.0330 0.0176
8 0.7479 0.5619 0.0968 0.0467
8 0.3916 0.5844 0.1263 0.0823
8 0.6759 0.5778 0.0704 0.0416
10 0.0285 0.4585 0.0514 0.1429
3 0.1644 0.5601 0.0189 0.0250
3 0.9737 0.5544 0.0190 0.0126
10 0.1567 0.5306 0.0114 0.0351
10 0.3129 0.5161 0.0082 0.0128
3 0.3024 0.5645 0.0214 0.0111
3 0.0187 0.6251 0.0287 0.0424
3 0.1345 0.5692 0.0236 0.0297
1 0.6980 0.5549 0.0052 0.0240
3 0.6016 0.5646 0.7937 0.0542
