56 0.6390 0.4664 0.1284 0.1353
56 0.4408 0.2640 0.1601 0.1827
57 0.4849 0.6630 0.1734 0.1112
56 0.7521 0.5621 0.1115 0.0783
56 0.8596 0.8135 0.1236 0.1843
56 0.9251 0.0875 0.0754 0.0815
56 0.6073 0.0624 0.0952 0.0721
57 0.6976 0.2233 0.1001 0.1477
57 0.2912 0.4286 0.1293 0.1065
57 0.3956 0.4788 0.2612 0.2989
57 0.7121 0.6640 0.1682 0.1127
57 0.2672 0.3737 0.2105 0.1947
57 0.5932 0.2179 0.1831 0.1929
57 0.2221 0.2442 0.1636 0.0987
57 0.7858 0.4614 0.2886 0.2381
57 0.6117 0.8195 0.1273 0.1636
57 0.7748 0.7744 0.1198 0.1982
57 0.8611 0.1729 0.0697 0.1799
57 0.4935 0.5041 0.9510 0.9722
