44 0.2692 0.5360 0.0256 0.1616
44 0.3550 0.5977 0.0278 0.1075
62 0.3518 0.8937 0.2907 0.1843
62 0.6534 0.8577 0.3125 0.2562
62 0.1054 0.8473 0.2108 0.3053
1 0.4091 0.4269 0.1447 0.1918
1 0.0663 0.6034 0.1288 0.5239
1 0.8431 0.6652 0.2151 0.5258
46 0.6376 0.5538 0.0255 0.0792
46 0.6635 0.5842 0.0309 0.0960
46 0.5673 0.5181 0.0222 0.0714
46 0.4186 0.5159 0.0241 0.0707
46 0.6189 0.5224 0.0219 0.0400
46 0.3897 0.5067 0.0196 0.0541
46 0.2213 0.6074 0.0327 0.1017
46 0.2447 0.6006 0.0251 0.0940
46 0.3060 0.6506 0.0400 0.1227
48 0.3280 0.7460 0.0372 0.0615
49 0.4644 0.7657 0.0104 0.0623
67 0.6064 0.3608 0.0276 0.0481
67 0.6227 0.3846 0.0217 0.0609
67 0.7585 0.4763 0.0815 0.1051
67 0.7399 0.3674 0.0350 0.0412
31 0.1764 0.5556 0.0444 0.0693
46 0.5019 0.5117 0.0238 0.0724
47 0.3911 0.5040 0.0184 0.0510
48 0.3318 0.7311 0.0306 0.0571
49 0.2883 0.7378 0.0463 0.0374
49 0.2485 0.7327 0.0859 0.0416
1 0.1586 0.4841 0.0884 0.2601
1 0.3187 0.4092 0.0691 0.2253
1 0.6519 0.4432 0.1314 0.2393
1 0.8335 0.5171 0.1456 0.3383
1 0.8468 0.3302 0.1071 0.3844
1 0.5495 0.4261 0.1031 0.2117
32 0.8658 0.2984 0.0154 0.0955
47 0.4767 0.4969 0.0188 0.0411
48 0.5437 0.7601 0.0461 0.0407
67 0.4401 0.7188 0.6738 0.4109
67 0.7082 0.3944 0.0754 0.0460
1 0.1270 0.3507 0.0436 0.0826
47 0.6128 0.5649 0.0221 0.0546
62 0.2088 0.4949 0.0097 0.0441
62 0.4854 0.4697 0.0417 0.0856
1 0.2747 0.4532 0.1260 0.2260
46 0.4768 0.4994 0.0167 0.0423
46 0.3196 0.5151 0.0239 0.0640
46 0.2908 0.5439 0.0304 0.0858
62 0.7390 0.5285 0.0386 0.1036
62 0.8611 0.8419 0.1679 0.3161
62 0.7796 0.5210 0.0543 0.1647
62 0.3499 0.4989 0.0435 0.0517
62 0.7690 0.4105 0.0415 0.0267
67 0.6011 0.3467 0.0399 0.0467
67 0.5723 0.3266 0.0181 0.0456
