64 0.4771 0.3639 0.0462 0.1080
72 0.8833 0.3973 0.1089 0.1372
62 0.6517 0.4516 0.1322 0.2658
62 0.3459 0.4563 0.1568 0.2657
63 0.4868 0.7554 0.9252 0.4893
63 0.1951 0.6390 0.3902 0.4231
84 0.5426 0.4457 0.0273 0.0465
84 0.5605 0.4482 0.0159 0.0428
84 0.5676 0.4458 0.0132 0.0464
84 0.4396 0.4485 0.0184 0.0493
84 0.5075 0.4287 0.0477 0.0080
84 0.7264 0.5468 0.0303 0.0251
84 0.2507 0.3943 0.0318 0.0102
84 0.4741 0.4447 0.0157 0.0517
84 0.7671 0.5522 0.0471 0.0195
84 0.4518 0.4474 0.0164 0.0567
84 0.7234 0.5123 0.0203 0.0155
84 0.7621 0.5189 0.0421 0.0071
84 0.4643 0.4499 0.0151 0.0482
84 0.5040 0.4580 0.5600 0.2192
