44 0.4082 0.6231 0.0611 0.1770
1 0.7284 0.6779 0.2852 0.6239
8 0.5013 0.4939 0.9975 0.9879
52 0.9323 0.2980 0.0450 0.0842
52 0.3714 0.3055 0.0709 0.0809
52 0.3912 0.2760 0.0920 0.0671
52 0.3839 0.2451 0.0994 0.0736
52 0.3214 0.2663 0.0518 0.0402
52 0.2489 0.5644 0.2105 0.1350
52 0.2498 0.2994 0.0867 0.0339
52 0.6733 0.2662 0.0750 0.0382
52 0.4074 0.4410 0.0194 0.0185
52 0.3149 0.2939 0.0842 0.0656
52 0.4721 0.3092 0.1112 0.1375
52 0.3498 0.6916 0.0580 0.0288
52 0.6114 0.2259 0.0753 0.0286
52 0.4804 0.3812 0.9572 0.7594
