3 0.6055 0.4768 0.0361 0.0293
3 0.1416 0.4748 0.0802 0.0403
8 0.5503 0.4683 0.0755 0.0591
1 0.9042 0.4669 0.0181 0.0577
8 0.0456 0.4685 0.0518 0.0432
9 0.3123 0.7215 0.1355 0.0541
9 0.4653 0.6560 0.1934 0.0962
9 0.5870 0.6385 0.1620 0.1322
9 0.6397 0.6172 0.1751 0.1076
9 0.0819 0.7708 0.1548 0.0809
9 0.4611 0.4422 0.1544 0.3143
9 0.2424 0.5867 0.3766 0.0703
9 0.3374 0.6663 0.3600 0.1392
9 0.1274 0.7280 0.2459 0.0766
18 0.9248 0.4846 0.0179 0.0234
3 0.6326 0.4765 0.0301 0.0261
9 0.6909 0.5880 0.0960 0.0833
9 0.3033 0.5439 0.1694 0.0743
9 0.1136 0.7349 0.1517 0.0699
3 0.5140 0.4784 0.0284 0.0365
9 0.2091 0.6125 0.1626 0.0965
9 0.3500 0.3797 0.6969 0.6986
