24 0.3588 0.3311 0.3006 0.3695
24 0.4418 0.5026 0.3764 0.6949
24 0.6138 0.6007 0.2094 0.7753
1 0.9494 0.2168 0.0838 0.3028
1 0.9101 0.1426 0.0879 0.1996
1 0.8364 0.1865 0.0876 0.2734
1 0.7537 0.2350 0.0827 0.3427
1 0.6920 0.1464 0.0522 0.1506
1 0.5787 0.0852 0.1108 0.1643
1 0.4491 0.0484 0.0152 0.0719
1 0.4647 0.0538 0.0217 0.0870
1 0.4291 0.0670 0.0190 0.0956
1 0.3801 0.0412 0.0234 0.0427
1 0.6760 0.0189 0.0839 0.0379
1 0.3372 0.0534 0.0179 0.0438
1 0.4103 0.0751 0.0205 0.1142
1 0.4266 0.2214 0.3688 0.4429
