1 0.4003 0.9270 0.1298 0.1236
1 0.7752 0.9096 0.0506 0.1180
38 0.5178 0.5421 0.0187 0.0217
38 0.3917 0.6611 0.0043 0.0284
38 0.4478 0.6299 0.0067 0.0062
38 0.5005 0.6064 0.0116 0.0215
38 0.6629 0.4791 0.0150 0.0255
38 0.6797 0.4577 0.0195 0.0199
38 0.6474 0.4899 0.0134 0.0196
38 0.7483 0.4126 0.0269 0.0179
38 0.6341 0.5058 0.0137 0.0130
38 0.6940 0.4439 0.0171 0.0145
38 0.7115 0.4297 0.0198 0.0191
1 0.0662 0.8955 0.0116 0.0529
38 0.3030 0.6895 0.0084 0.0311
38 0.6072 0.5178 0.0069 0.0159
1 0.5799 0.8789 0.0126 0.0269
1 0.6934 0.8767 0.0080 0.0412
1 0.6631 0.8772 0.0071 0.0208
38 0.4390 0.5667 0.5900 0.3280
