39 0.3813 0.4790 0.0220 0.0427
1 0.4134 0.6229 0.1414 0.2019
1 0.3085 0.6858 0.0798 0.1386
1 0.1803 0.6506 0.1383 0.1955
1 0.3637 0.0649 0.0368 0.0507
1 0.6159 0.1439 0.0392 0.1624
1 0.2058 0.2090 0.0285 0.0841
1 0.3600 0.2343 0.0442 0.1333
1 0.2878 0.2499 0.0523 0.1267
1 0.2574 0.2520 0.0450 0.1280
1 0.1998 0.2872 0.0729 0.1068
1 0.0427 0.2878 0.0608 0.1446
1 0.2118 0.0789 0.0343 0.0509
15 0.1410 0.2961 0.1092 0.0805
40 0.3376 0.6955 0.0133 0.0251
62 0.6819 0.1394 0.0240 0.0285
62 0.6574 0.1562 0.0296 0.0390
62 0.6138 0.1947 0.0278 0.0829
1 0.3199 0.2434 0.0480 0.1394
1 0.4969 0.1752 0.9469 0.3505
