72 0.6539 0.4631 0.1180 0.1304
17 0.5863 0.6153 0.1050 0.0948
62 0.4733 0.5545 0.2065 0.2310
63 0.4323 0.7403 0.7032 0.5032
63 0.8833 0.6619 0.2281 0.2441
84 0.1559 0.3881 0.1379 0.0703
84 0.1486 0.4666 0.0230 0.0491
84 0.1183 0.4785 0.0323 0.0774
84 0.1037 0.2147 0.0079 0.0644
84 0.1124 0.1278 0.0056 0.0674
84 0.1756 0.4723 0.0195 0.0554
84 0.1638 0.4674 0.0151 0.0574
84 0.0956 0.2968 0.0037 0.0762
84 0.2062 0.4729 0.0123 0.0525
84 0.1419 0.1301 0.0089 0.0660
84 0.1006 0.2983 0.0062 0.0733
84 0.1161 0.1281 0.0078 0.0646
84 0.1032 0.1264 0.0067 0.0682
84 0.4344 0.6031 0.8688 0.3354
