1 0.7092 0.5236 0.2760 0.6292
1 0.3691 0.6338 0.2353 0.4989
1 0.1862 0.5651 0.2587 0.6555
1 0.2717 0.0747 0.0500 0.0958
39 0.6397 0.1694 0.0924 0.1747
40 0.4623 0.5987 0.0424 0.1116
1 0.9301 0.3551 0.0866 0.3326
1 0.1984 0.0832 0.0417 0.0854
1 0.4350 0.4054 0.0808 0.2984
1 0.3146 0.0797 0.0396 0.0905
15 0.5146 0.5173 0.9687 0.1452
15 0.8026 0.4458 0.1761 0.0345
1 0.3447 0.0920 0.0456 0.0571
1 0.4269 0.0767 0.0304 0.0787
39 0.6547 0.1418 0.0562 0.1257
1 0.3786 0.2969 0.0690 0.1321
1 0.0993 0.0826 0.0497 0.0996
1 0.3819 0.0780 0.0565 0.0851
1 0.4930 0.3088 0.9860 0.6176
