20 0.4828 0.5417 0.2895 0.1020
3 0.8382 0.2947 0.0736 0.0868
3 0.7659 0.2757 0.0997 0.0792
1 0.9536 0.8202 0.0740 0.2916
1 0.9042 0.7572 0.0813 0.2517
1 0.9017 0.5920 0.0541 0.0797
1 0.8395 0.4875 0.0268 0.0785
1 0.1185 0.6010 0.0374 0.1317
1 0.8478 0.6259 0.0530 0.2035
1 0.8263 0.6035 0.0467 0.1862
1 0.9530 0.6000 0.0396 0.1193
1 0.0397 0.6359 0.0473 0.1899
1 0.1671 0.5942 0.0268 0.1527
1 0.2255 0.6247 0.0450 0.1819
32 0.1202 0.5643 0.0044 0.0113
32 0.0492 0.5764 0.0027 0.0077
32 0.3211 0.4664 0.0029 0.0138
3 0.8436 0.2725 0.0735 0.0847
1 0.3240 0.5047 0.0287 0.1377
1 0.7168 0.5484 0.0520 0.1560
1 0.5406 0.5319 0.8219 0.3293
