4 0.3552 0.8390 0.3373 0.3219
4 0.6029 0.6059 0.0846 0.1967
4 0.6782 0.4515 0.0405 0.0807
4 0.6513 0.4823 0.0227 0.0282
6 0.6650 0.3234 0.1221 0.0679
1 0.3831 0.7292 0.2174 0.5191
1 0.7730 0.4656 0.0613 0.0711
1 0.6478 0.4530 0.0384 0.0920
1 0.7283 0.4585 0.0343 0.0326
1 0.9409 0.5453 0.0293 0.2423
1 0.4548 0.4563 0.0485 0.0726
1 0.6212 0.4727 0.0731 0.0952
1 0.7750 0.5737 0.0564 0.0722
1 0.6027 0.5479 0.0822 0.2266
1 0.7573 0.3897 0.0170 0.0515
3 0.7354 0.6652 0.2894 0.3685
3 0.2451 0.6288 0.3913 0.3775
3 0.0679 0.5837 0.1359 0.3141
4 0.7885 0.4184 0.0259 0.0360
8 0.4318 0.4809 0.2039 0.2832
8 0.2793 0.3755 0.1898 0.1624
8 0.5680 0.3326 0.0537 0.0600
8 0.4896 0.3142 0.0479 0.0635
1 0.9603 0.5499 0.0370 0.2691
3 0.5593 0.4680 0.0757 0.1369
3 0.7357 0.4283 0.0600 0.0534
3 0.2041 0.4741 0.1633 0.1059
3 0.7555 0.4639 0.1334 0.0757
3 0.5190 0.3603 0.0172 0.0220
3 0.7271 0.3813 0.0416 0.0219
3 0.5475 0.3818 0.0433 0.0476
3 0.6492 0.4096 0.0228 0.0645
1 0.7909 0.4035 0.0249 0.0507
3 0.6561 0.3871 0.0371 0.0359
4 0.7023 0.4393 0.0129 0.0394
6 0.5301 0.3276 0.0701 0.0674
4 0.6873 0.3895 0.0243 0.0572
1 0.4172 0.4625 0.8344 0.2787
3 0.5477 0.4485 0.4234 0.3396
