3 0.2368 0.6098 0.0642 0.0475
10 0.1213 0.2569 0.0202 0.0781
10 0.1906 0.4386 0.0068 0.0358
10 0.6281 0.5097 0.0193 0.1073
10 0.5172 0.4029 0.0114 0.0541
10 0.4703 0.4199 0.0109 0.0452
3 0.5355 0.6218 0.0818 0.0442
3 0.1568 0.6038 0.0251 0.0232
3 0.0544 0.5925 0.0230 0.0154
3 0.2086 0.6066 0.0261 0.0385
8 0.5443 0.6152 0.0873 0.0511
8 0.1008 0.5928 0.0284 0.0204
10 0.3625 0.5300 0.0065 0.0305
11 0.7251 0.6661 0.0128 0.0548
10 0.3542 0.5624 0.0084 0.0291
3 0.1427 0.5978 0.0270 0.0265
10 0.3641 0.5624 0.0108 0.0226
3 0.1837 0.6044 0.0302 0.0342
