44 0.8282 0.3827 0.0133 0.0545
44 0.4450 0.5447 0.0068 0.0390
44 0.9261 0.4589 0.0045 0.0486
44 0.9312 0.3564 0.0150 0.0550
82 0.2304 0.5438 0.1765 0.3236
53 0.4048 0.5408 0.0140 0.0183
53 0.3850 0.5624 0.0206 0.0368
53 0.3673 0.5658 0.0192 0.0271
53 0.3703 0.5440 0.0296 0.0229
55 0.3626 0.6489 0.0278 0.0411
55 0.4025 0.6518 0.0167 0.0297
79 0.5132 0.5940 0.0880 0.2082
81 0.6823 0.6001 0.0700 0.0146
53 0.3998 0.5555 0.0182 0.0341
53 0.3880 0.6352 0.0228 0.0156
67 0.3138 0.8143 0.6241 0.3714
49 0.9396 0.6237 0.0177 0.0358
49 0.9522 0.5953 0.0117 0.0178
55 0.3860 0.6563 0.0288 0.0349
78 0.8857 0.6413 0.1265 0.1047
