37 0.7002 0.3698 0.0333 0.0238
3 0.1966 0.5101 0.2533 0.0785
3 0.6478 0.5087 0.1420 0.0525
3 0.8698 0.5036 0.1852 0.0693
1 0.4266 0.5768 0.0933 0.2050
1 0.4873 0.5780 0.1074 0.2058
1 0.5462 0.5030 0.0446 0.0755
39 0.2686 0.5903 0.2879 0.0902
1 0.7328 0.5075 0.0500 0.0727
1 0.0183 0.4846 0.0333 0.0368
1 0.7823 0.5107 0.0458 0.0644
1 0.6964 0.4803 0.0289 0.0361
3 0.0445 0.5182 0.0889 0.0491
3 0.9401 0.5062 0.1185 0.0480
3 0.5908 0.5234 0.0764 0.0221
1 0.3603 0.6366 0.2223 0.3983
1 0.6051 0.4831 0.0235 0.0254
