3 0.8011 0.4719 0.0594 0.0379
3 0.6154 0.3365 0.0868 0.0330
3 0.7465 0.3412 0.0460 0.0244
3 0.8899 0.3335 0.0950 0.0368
3 0.5606 0.3354 0.0496 0.0301
3 0.7648 0.3388 0.0451 0.0294
1 0.4946 0.5134 0.1435 0.3726
1 0.8614 0.5077 0.0646 0.2716
1 0.6028 0.4532 0.0444 0.1743
1 0.5529 0.5070 0.0785 0.3268
1 0.8964 0.4796 0.0430 0.2181
1 0.9761 0.4973 0.0477 0.2529
41 0.4605 0.7068 0.0428 0.0262
41 0.5662 0.6803 0.0218 0.0200
41 0.8455 0.6252 0.0562 0.0222
1 0.6199 0.5980 0.1791 0.2272
3 0.7175 0.4751 0.0959 0.0312
3 0.6824 0.5254 0.0482 0.0216
