2 0.1531 0.7646 0.1608 0.1476
3 0.6356 0.7156 0.3271 0.1699
3 0.1601 0.7302 0.3088 0.1936
28 0.3971 0.5638 0.0663 0.0515
28 0.3592 0.5712 0.0466 0.0485
28 0.2254 0.5636 0.0679 0.0324
28 0.2425 0.5414 0.0384 0.0215
28 0.2731 0.5167 0.0658 0.0354
1 0.3503 0.7202 0.0361 0.2053
1 0.4177 0.6608 0.0259 0.1444
1 0.8084 0.7072 0.0571 0.2140
1 0.6283 0.7060 0.0365 0.2385
28 0.6498 0.5936 0.0845 0.0699
28 0.3214 0.5518 0.0480 0.0463
28 0.2763 0.5513 0.0669 0.0442
1 0.7448 0.6420 0.0341 0.0938
1 0.5346 0.7059 0.0640 0.2436
1 0.7555 0.6354 0.0212 0.1030
1 0.2966 0.6676 0.0335 0.1127
1 0.1450 0.6934 0.0736 0.1792
1 0.1279 0.6143 0.0211 0.0381
1 0.0976 0.6144 0.0192 0.0421
1 0.2063 0.6169 0.0266 0.0731
28 0.5523 0.5887 0.0532 0.0364
28 0.3400 0.6085 0.0702 0.0294
1 0.2353 0.6425 0.0386 0.0987
1 0.3609 0.6464 0.6937 0.2061
