44 0.3278 0.3029 0.0338 0.0760
44 0.5221 0.5603 0.0227 0.0635
44 0.2440 0.2816 0.0415 0.1074
44 0.2732 0.7098 0.0386 0.0737
44 0.1777 0.8085 0.0376 0.0442
44 0.2893 0.2923 0.0443 0.0867
47 0.3327 0.4408 0.0139 0.0099
47 0.2548 0.4407 0.0455 0.0396
47 0.1923 0.3850 0.0533 0.0464
47 0.2419 0.3839 0.0513 0.0446
47 0.4416 0.4367 0.0265 0.0382
47 0.2899 0.3848 0.0496 0.0415
51 0.2237 0.4492 0.0271 0.0167
81 0.4081 0.6199 0.1321 0.0302
47 0.3379 0.3852 0.0493 0.0376
47 0.4849 0.5713 0.0568 0.0503
79 0.6791 0.6886 0.2825 0.2461
44 0.2205 0.8790 0.0529 0.0661
44 0.2722 0.8694 0.0513 0.0603
47 0.1253 0.3841 0.0422 0.0382
51 0.4492 0.2368 0.0571 0.0208
50 0.5060 0.5334 0.0234 0.0255
51 0.3218 0.4523 0.0819 0.0145
