44 0.7041 0.4466 0.0779 0.1506
62 0.0435 0.3662 0.0816 0.2497
67 0.5000 0.6653 1.0000 0.5573
47 0.3213 0.7547 0.1802 0.1790
47 0.1374 0.4967 0.1132 0.1117
47 0.8769 0.4827 0.1152 0.0696
48 0.8413 0.7570 0.2930 0.0824
59 0.0931 0.7106 0.1742 0.1036
59 0.5673 0.4201 0.1370 0.0387
48 0.0809 0.6048 0.1619 0.0599
51 0.3361 0.5183 0.2610 0.1343
47 0.3864 0.6410 0.0813 0.1552
47 0.6808 0.4343 0.0512 0.1053
48 0.3976 0.4282 0.0342 0.0321
51 0.8257 0.5286 0.1820 0.1313
47 0.7596 0.6043 0.0982 0.1498
47 0.4400 0.4340 0.0482 0.0893
