3 0.6377 0.6715 0.0643 0.0786
3 0.6775 0.6551 0.0524 0.0711
3 0.7065 0.6608 0.0124 0.0529
6 0.4989 0.5707 0.1679 0.2372
10 0.8475 0.3546 0.0571 0.1779
10 0.1980 0.4900 0.0288 0.0855
10 0.0345 0.4620 0.0295 0.1021
10 0.3176 0.4027 0.0411 0.1304
10 0.8992 0.3577 0.0431 0.1702
10 0.3520 0.4389 0.0263 0.0360
31 0.4190 0.8551 0.0627 0.1274
1 0.3733 0.7700 0.1086 0.4562
1 0.7940 0.7869 0.1317 0.4239
1 0.2174 0.6620 0.0418 0.1981
1 0.5509 0.7050 0.1298 0.2620
1 0.9477 0.6612 0.0310 0.1160
1 0.1798 0.6606 0.0462 0.2014
1 0.2542 0.6528 0.0355 0.1367
1 0.7393 0.6774 0.0235 0.1237
1 0.0793 0.6588 0.0397 0.1821
1 0.3045 0.6514 0.0438 0.1887
1 0.8898 0.6629 0.0352 0.1216
6 0.6908 0.6036 0.0197 0.0432
27 0.7917 0.7033 0.0691 0.1428
31 0.5049 0.6501 0.0420 0.0812
31 0.0217 0.6233 0.0198 0.0555
31 0.1011 0.6343 0.0163 0.0538
31 0.2441 0.6444 0.0112 0.0122
31 0.7431 0.6579 0.0078 0.0419
2 0.4629 0.6895 0.0295 0.0601
3 0.6285 0.6320 0.0466 0.0284
3 0.6393 0.6338 0.0466 0.0051
10 0.0835 0.1883 0.0761 0.2297
10 0.3774 0.4214 0.0249 0.0755
10 0.3673 0.4969 0.0137 0.0486
10 0.3417 0.5211 0.0072 0.0508
10 0.7621 0.5122 0.0149 0.0353
31 0.2929 0.6526 0.0203 0.0420
1 0.7607 0.6354 0.0083 0.0441
6 0.6054 0.5803 0.0576 0.1708
27 0.7928 0.7052 0.0711 0.1429
10 0.7477 0.5133 0.0140 0.0744
31 0.2672 0.6689 0.0159 0.0334
31 0.3361 0.6161 0.0268 0.0552
31 0.1983 0.6881 0.0142 0.0335
1 0.4102 0.3852 0.8141 0.7705
