39 0.5495 0.3560 0.1021 0.1414
1 0.4472 0.5263 0.2930 0.9056
1 0.1851 0.5631 0.2545 0.6854
1 0.5966 0.6742 0.1639 0.4270
1 0.8914 0.6535 0.1708 0.4877
1 0.3123 0.5910 0.1234 0.4539
1 0.5316 0.0892 0.1269 0.1780
39 0.3481 0.7509 0.0320 0.2377
39 0.1762 0.7328 0.0141 0.2981
1 0.8061 0.0655 0.0980 0.1149
1 0.6864 0.2198 0.1520 0.1333
1 0.8839 0.2177 0.0903 0.1233
1 0.5638 0.2395 0.1238 0.1004
1 0.8164 0.2416 0.1215 0.0966
1 0.5058 0.1904 0.1062 0.1522
40 0.1292 0.5200 0.0607 0.0711
1 0.9475 0.2299 0.1050 0.1075
1 0.4992 0.4463 0.9984 0.8889
