82 0.2701 0.5947 0.1808 0.7646
1 0.1008 0.3795 0.1946 0.4989
1 0.1963 0.3043 0.0745 0.1008
1 0.4936 0.6581 0.2505 0.6614
47 0.7276 0.6555 0.0517 0.1041
47 0.2061 0.7492 0.0566 0.0975
44 0.7288 0.5659 0.0208 0.0854
44 0.5574 0.9368 0.0484 0.1263
44 0.5990 0.9772 0.0392 0.0456
44 0.6727 0.5139 0.0224 0.1118
44 0.5968 0.5108 0.0210 0.0926
44 0.5010 0.9547 0.0331 0.0905
44 0.7656 0.5677 0.0205 0.0871
44 0.4352 0.9633 0.0275 0.0733
1 0.7685 0.5326 0.3978 0.9124
31 0.4298 0.5329 0.0625 0.2633
1 0.1992 0.6710 0.3983 0.6580
1 0.4766 0.4101 0.1374 0.3007
44 0.7475 0.5687 0.0207 0.0989
