28 0.4860 0.0896 0.3734 0.1792
27 0.2577 0.8233 0.1594 0.1815
31 0.0743 0.5144 0.0387 0.1685
1 0.6708 0.5299 0.1515 0.5113
1 0.6624 0.6771 0.1770 0.3892
1 0.0360 0.5171 0.0716 0.5989
1 0.1529 0.5876 0.0240 0.0843
1 0.1069 0.5877 0.0174 0.0414
1 0.0643 0.6400 0.0354 0.0988
1 0.1349 0.5905 0.0269 0.0531
1 0.5873 0.5926 0.0451 0.2129
1 0.5170 0.6345 0.0286 0.2043
27 0.6497 0.8876 0.2376 0.2022
52 0.6509 0.6832 0.0371 0.0415
52 0.6040 0.7364 0.0507 0.0625
1 0.8904 0.6054 0.1113 0.3347
1 0.4632 0.5215 0.1357 0.6793
1 0.3096 0.5130 0.2168 0.7214
1 0.9733 0.5915 0.0302 0.1045
