2 0.3409 0.3591 0.1010 0.0877
41 0.4124 0.4831 0.2073 0.1016
41 0.4123 0.4832 0.2085 0.1000
41 0.7176 0.5235 0.0876 0.0577
41 0.9124 0.5647 0.0424 0.1448
41 0.8184 0.5113 0.0106 0.0764
41 0.1893 0.3323 0.0712 0.0807
27 0.3377 0.2538 0.0427 0.1022
27 0.2714 0.3579 0.0246 0.0478
1 0.4967 0.2494 0.2480 0.4944
1 0.3454 0.2863 0.0477 0.2293
1 0.7199 0.3933 0.0751 0.2607
31 0.8947 0.5103 0.0195 0.0554
31 0.0221 0.1280 0.0441 0.0726
1 0.0248 0.1753 0.0466 0.3461
1 0.8686 0.4603 0.0699 0.2471
1 0.9159 0.5033 0.0082 0.0342
1 0.7938 0.4450 0.0200 0.0748
1 0.6331 0.4171 0.0259 0.0476
31 0.6593 0.4005 0.0159 0.0289
1 0.4126 0.2586 0.0464 0.0753
1 0.1767 0.2233 0.0605 0.2782
1 0.9557 0.4728 0.0885 0.3531
1 0.6553 0.4033 0.0316 0.1220
1 0.3601 0.2897 0.0631 0.2729
1 0.6906 0.3668 0.6094 0.3832
