44 0.4371 0.7579 0.0755 0.2025
28 0.4022 0.2527 0.5099 0.4258
28 0.1866 0.1085 0.1148 0.0539
28 0.8424 0.1519 0.0510 0.0448
77 0.4586 0.2596 0.0315 0.0526
31 0.8742 0.1636 0.0391 0.0681
31 0.7348 0.3221 0.0681 0.1037
1 0.3658 0.4596 0.2972 0.6045
1 0.7314 0.2396 0.0918 0.2103
1 0.9060 0.2190 0.1044 0.3091
1 0.2155 0.1282 0.0462 0.0681
1 0.6534 0.2118 0.0300 0.1458
1 0.0820 0.1831 0.1558 0.3618
1 0.7819 0.2157 0.0430 0.1213
1 0.9744 0.2584 0.0511 0.4135
1 0.8444 0.2211 0.0487 0.1289
1 0.6815 0.2105 0.0273 0.1240
1 0.8099 0.2331 0.0266 0.0904
1 0.9201 0.0940 0.0180 0.0245
