18 0.5884 0.7709 0.3093 0.3079
1 0.2254 0.4899 0.0992 0.6284
1 0.4649 0.5159 0.2552 0.8210
1 0.0901 0.5130 0.1050 0.4063
1 0.1461 0.4046 0.0704 0.3125
1 0.0346 0.4306 0.0603 0.3567
1 0.8928 0.4921 0.1184 0.4584
1 0.7431 0.3123 0.0600 0.1737
1 0.5353 0.4448 0.0412 0.3526
1 0.6122 0.4306 0.1401 0.4108
31 0.9280 0.5846 0.0594 0.1562
31 0.2644 0.4110 0.0193 0.0721
33 0.1292 0.6605 0.1605 0.2164
1 0.7684 0.4910 0.1304 0.5281
31 0.7139 0.4318 0.0612 0.1595
31 0.7520 0.5933 0.0615 0.1290
31 0.8160 0.4004 0.0470 0.1514
