62 0.2242 0.7450 0.3835 0.3315
62 0.0544 0.7364 0.1050 0.5082
62 0.2746 0.8940 0.3343 0.1902
67 0.6125 0.7202 0.6522 0.5596
1 0.4862 0.3870 0.1286 0.2937
1 0.8543 0.5709 0.1818 0.4437
1 0.6108 0.4719 0.2029 0.3671
1 0.1514 0.4719 0.1200 0.4090
48 0.5195 0.7840 0.0872 0.0485
49 0.5507 0.7870 0.3288 0.2718
50 0.6320 0.7825 0.0662 0.0822
51 0.5588 0.6235 0.0315 0.0336
48 0.7912 0.7561 0.0343 0.0305
49 0.5591 0.6396 0.0508 0.0208
51 0.5307 0.6299 0.0315 0.0374
63 0.7744 0.6809 0.4513 0.6157
64 0.0555 0.2978 0.1080 0.5820
47 0.7108 0.7845 0.0485 0.1333
47 0.6323 0.6356 0.0304 0.1181
47 0.6549 0.6632 0.0527 0.1137
47 0.4802 0.6006 0.0398 0.1091
47 0.4533 0.5399 0.0255 0.0640
50 0.4347 0.6204 0.0437 0.0430
50 0.6558 0.8882 0.0807 0.0829
50 0.4350 0.6696 0.0708 0.0440
50 0.7047 0.7366 0.0721 0.0425
51 0.4123 0.5575 0.0501 0.0425
1 0.2899 0.5987 0.2284 0.5498
47 0.4976 0.6130 0.0307 0.1072
