1 0.3262 0.8951 0.1617 0.2082
1 0.1961 0.9339 0.1161 0.1322
1 0.7429 0.8280 0.2396 0.3439
1 0.5925 0.5661 0.0541 0.1489
40 0.9435 0.4254 0.0089 0.0127
1 0.4943 0.5768 0.0667 0.1629
1 0.5112 0.5983 0.0453 0.0959
1 0.9525 0.4376 0.0282 0.1126
1 0.8918 0.8839 0.1447 0.2103
1 0.5724 0.4155 0.0221 0.0802
1 0.6500 0.3662 0.0124 0.0419
1 0.3724 0.4254 0.0288 0.0726
62 0.4331 0.9797 0.0770 0.0402
1 0.0789 0.9506 0.1550 0.0988
40 0.5786 0.5032 0.0101 0.0206
40 0.6535 0.3677 0.0033 0.0060
1 0.2935 0.4289 0.0180 0.0770
40 0.5311 0.5855 0.0089 0.0162
40 0.5728 0.4040 0.0064 0.0088
1 0.4990 0.5212 0.9980 0.9515
