3 0.2995 0.3245 0.0856 0.1110
3 0.8768 0.3885 0.1872 0.1733
8 0.1435 0.3895 0.1671 0.2359
8 0.5609 0.5304 0.4330 0.4324
1 0.0439 0.2849 0.0312 0.0936
1 0.9042 0.4395 0.0576 0.1536
1 0.8567 0.3580 0.0403 0.1339
1 0.8738 0.4476 0.0690 0.1533
3 0.4475 0.3153 0.1463 0.0650
1 0.7006 0.3014 0.0290 0.0852
1 0.4433 0.2719 0.0209 0.0229
27 0.8484 0.4433 0.0272 0.0537
1 0.0276 0.2617 0.0148 0.0756
1 0.7320 0.3020 0.0275 0.0809
3 0.9748 0.3917 0.0405 0.2020
1 0.0584 0.2663 0.0140 0.0704
1 0.5158 0.4500 0.0817 0.1573
