1 0.6624 0.6559 0.1908 0.5770
1 0.4328 0.6363 0.1626 0.4774
1 0.7751 0.6322 0.1120 0.4410
1 0.2532 0.5618 0.0526 0.2652
1 0.2166 0.5533 0.0543 0.2228
35 0.6970 0.9021 0.2178 0.1600
1 0.1239 0.5570 0.0872 0.2626
1 0.5053 0.6174 0.0752 0.3539
1 0.3779 0.5706 0.0435 0.2267
1 0.8978 0.4794 0.0159 0.0351
1 0.8657 0.4748 0.0203 0.0906
1 0.5407 0.4964 0.0498 0.1574
35 0.2416 0.6905 0.0318 0.0358
35 0.1442 0.6790 0.0688 0.0425
35 0.4525 0.8867 0.0225 0.0856
35 0.6158 0.7688 0.0538 0.0364
35 0.7355 0.8370 0.1968 0.0988
35 0.1854 0.6732 0.0312 0.0268
35 0.0452 0.6870 0.0834 0.0286
1 0.0178 0.5671 0.0351 0.2524
1 0.9738 0.5099 0.0221 0.1205
35 0.5600 0.7996 0.0921 0.0196
