19 0.2776 0.6051 0.0420 0.1043
20 0.1203 0.2625 0.0110 0.0142
20 0.1335 0.2636 0.0124 0.0140
20 0.0810 0.2586 0.0128 0.0142
21 0.8409 0.3492 0.0235 0.0486
21 0.2718 0.4611 0.0335 0.0570
21 0.6701 0.2925 0.0282 0.0484
21 0.7025 0.2960 0.0224 0.0204
21 0.9232 0.3352 0.0365 0.0506
21 0.9172 0.3006 0.0201 0.0236
21 0.2342 0.4629 0.0453 0.0706
21 0.7146 0.3355 0.0289 0.0410
21 0.8991 0.3357 0.0205 0.0528
21 0.2774 0.6070 0.0434 0.1034
20 0.2504 0.2599 0.0147 0.0161
20 0.2347 0.2535 0.0081 0.0152
20 0.2869 0.2550 0.0169 0.0197
20 0.3066 0.2566 0.0092 0.0191
21 0.9891 0.3422 0.0219 0.0497
21 0.6940 0.3406 0.0272 0.0424
20 0.0260 0.2652 0.0144 0.0177
21 0.5102 0.2395 0.9766 0.2687
