10 0.7651 0.3714 0.0085 0.0304
10 0.6598 0.3497 0.0103 0.0231
3 0.2640 0.8876 0.1320 0.2244
3 0.5170 0.5400 0.1128 0.0678
3 0.5587 0.5808 0.1006 0.0832
3 0.6439 0.5347 0.0808 0.0614
3 0.3283 0.5062 0.0638 0.0598
10 0.3886 0.4526 0.0123 0.0502
10 0.8415 0.3832 0.0098 0.0293
10 0.6087 0.3798 0.0105 0.0314
10 0.5111 0.3526 0.0070 0.0203
10 0.5321 0.3472 0.0055 0.0159
3 0.5258 0.4303 0.0581 0.0355
3 0.4792 0.4144 0.0589 0.0307
3 0.4344 0.4537 0.0540 0.0436
3 0.3757 0.4814 0.0638 0.0498
3 0.9838 0.3942 0.0325 0.0225
3 0.9868 0.4330 0.0264 0.0413
10 0.4054 0.5634 0.0241 0.0867
10 0.9049 0.3759 0.0095 0.0239
