67 0.4978 0.8125 0.9957 0.3514
1 0.6941 0.3633 0.5971 0.6911
1 0.2073 0.6272 0.3513 0.4074
1 0.8180 0.4533 0.1192 0.1025
61 0.5435 0.7352 0.4570 0.0665
1 0.1062 0.5164 0.0714 0.0705
46 0.1109 0.5443 0.0298 0.0393
46 0.0217 0.5346 0.0333 0.0385
51 0.9554 0.5226 0.0672 0.0294
51 0.8748 0.5210 0.0946 0.0338
51 0.7981 0.5180 0.0758 0.0356
62 0.8181 0.6987 0.1889 0.1163
62 0.0246 0.6523 0.0491 0.0571
62 0.0890 0.5897 0.1190 0.0272
62 0.0729 0.5828 0.1435 0.0426
62 0.3962 0.5955 0.0734 0.1400
1 0.0383 0.5123 0.0434 0.0583
47 0.9155 0.8046 0.1516 0.1311
47 0.9501 0.6818 0.0999 0.1548
47 0.0411 0.5567 0.0265 0.0164
47 0.0572 0.5434 0.0157 0.0146
