36 0.6130 0.7342 0.0427 0.0060
36 0.2704 0.7754 0.0715 0.0166
1 0.3981 0.6962 0.0370 0.0857
1 0.4649 0.6885 0.0300 0.0841
1 0.6122 0.7024 0.0290 0.0695
1 0.7069 0.6892 0.0179 0.0841
1 0.6678 0.6286 0.0108 0.0289
1 0.6323 0.6147 0.0100 0.0216
1 0.5436 0.6210 0.0101 0.0246
1 0.5919 0.6048 0.0078 0.0199
1 0.2800 0.7420 0.0260 0.0504
1 0.5579 0.6114 0.0070 0.0183
1 0.6947 0.6563 0.0158 0.0481
1 0.6041 0.6769 0.0253 0.0679
36 0.3996 0.7365 0.0240 0.0131
35 0.6074 0.7112 0.0342 0.0049
1 0.5820 0.6052 0.0074 0.0188
35 0.4024 0.7377 0.0338 0.0126
35 0.7056 0.7297 0.0585 0.0072
1 0.3070 0.7146 0.6109 0.2875
