3 0.2059 0.8136 0.0433 0.0211
3 0.2737 0.8116 0.0435 0.0227
10 0.3722 0.3378 0.3248 0.4437
10 0.6533 0.5483 0.3072 0.2966
10 0.6550 0.2517 0.2431 0.2876
1 0.3007 0.8853 0.0525 0.1216
1 0.3963 0.8660 0.0393 0.0885
1 0.1522 0.8128 0.0172 0.0265
1 0.0120 0.8149 0.0235 0.0400
3 0.2336 0.8091 0.0310 0.0165
33 0.3107 0.9468 0.0685 0.0504
1 0.1327 0.8108 0.0155 0.0316
1 0.0873 0.8104 0.0190 0.0310
1 0.0366 0.8141 0.0246 0.0386
1 0.0635 0.8108 0.0129 0.0298
1 0.1173 0.8103 0.0095 0.0235
1 0.1704 0.8055 0.0146 0.0211
1 0.1782 0.8079 0.0094 0.0204
