3 0.6564 0.5800 0.0643 0.0988
6 0.1815 0.6055 0.3245 0.4187
6 0.5581 0.5472 0.0922 0.1775
6 0.6224 0.5490 0.0237 0.0428
1 0.6181 0.7410 0.1122 0.3155
1 0.8615 0.7500 0.0731 0.3536
1 0.9232 0.7394 0.0788 0.3054
1 0.9834 0.7267 0.0332 0.2524
1 0.0254 0.7226 0.0509 0.2484
28 0.6414 0.7445 0.0977 0.0554
10 0.2765 0.3389 0.0136 0.0558
10 0.6961 0.3593 0.0308 0.0497
3 0.7530 0.6247 0.1312 0.1953
7 0.4248 0.5499 0.1104 0.2029
3 0.6651 0.5495 0.0383 0.0208
3 0.6920 0.5608 0.0241 0.0437
3 0.9043 0.6208 0.1414 0.1678
3 0.8396 0.6247 0.0315 0.1508
