21 0.5505 0.6454 0.3082 0.5033
9 0.4230 0.0685 0.1820 0.0607
9 0.1200 0.0489 0.1058 0.0504
9 0.2094 0.0431 0.1099 0.0615
27 0.8760 0.0964 0.0185 0.0345
1 0.1369 0.1248 0.0677 0.1911
1 0.1967 0.1600 0.0680 0.3058
1 0.0603 0.1603 0.0666 0.3048
1 0.0231 0.1518 0.0461 0.2975
1 0.3094 0.1044 0.0353 0.1606
1 0.8398 0.1210 0.0386 0.1387
1 0.2701 0.0551 0.0313 0.0790
1 0.8703 0.1178 0.0311 0.1264
1 0.4308 0.0392 0.0169 0.0419
1 0.1284 0.0236 0.0203 0.0315
1 0.2903 0.0584 0.0165 0.0707
1 0.1061 0.0199 0.0104 0.0239
