15 0.4390 0.5593 0.1382 0.1838
15 0.8494 0.6275 0.0811 0.1003
1 0.5074 0.5730 0.2784 0.8270
27 0.0423 0.4430 0.0367 0.1232
1 0.7651 0.4518 0.0964 0.5218
1 0.1863 0.2258 0.0883 0.1865
1 0.6737 0.2084 0.1052 0.2205
1 0.8692 0.5170 0.1179 0.3779
1 0.0432 0.3373 0.0863 0.3500
1 0.5832 0.2736 0.0415 0.0825
1 0.2484 0.6225 0.2335 0.6877
1 0.6075 0.5494 0.2788 0.9012
1 0.9621 0.6667 0.0758 0.6420
1 0.3557 0.5506 0.0846 0.3576
1 0.0998 0.3143 0.0801 0.3389
37 0.4366 0.1129 0.0786 0.1204
1 0.8898 0.2516 0.0557 0.1216
1 0.4840 0.4625 0.9480 0.9249
