4 0.4056 0.7079 0.3523 0.5618
27 0.6727 0.3921 0.0308 0.0793
1 0.6390 0.4417 0.0831 0.3217
1 0.1889 0.4640 0.1499 0.5326
1 0.8771 0.4225 0.1080 0.4135
1 0.9670 0.4268 0.0646 0.3648
1 0.7830 0.3899 0.0756 0.3820
1 0.5358 0.3727 0.0475 0.1853
1 0.4942 0.3936 0.0607 0.2358
1 0.8464 0.3955 0.0435 0.3416
1 0.0904 0.4358 0.0401 0.1992
1 0.6679 0.2809 0.0435 0.1258
1 0.3678 0.5547 0.3149 0.8273
1 0.8062 0.3835 0.0633 0.3499
27 0.0949 0.4180 0.0294 0.0704
31 0.9641 0.4025 0.0356 0.0794
31 0.5127 0.4034 0.0288 0.0520
4 0.1790 0.5971 0.1115 0.4117
31 0.8525 0.3977 0.0310 0.0632
31 0.5934 0.3872 0.0315 0.0637
1 0.5260 0.3531 0.0270 0.1544
1 0.5000 0.3888 0.9969 0.4684
