44 0.4935 0.5460 0.0262 0.0767
44 0.4815 0.6628 0.0476 0.1832
44 0.2027 0.8102 0.0583 0.1971
44 0.3962 0.5856 0.0401 0.2074
1 0.6972 0.6236 0.6057 0.7258
47 0.4660 0.7281 0.0434 0.0541
47 0.4333 0.6302 0.0316 0.0635
47 0.5287 0.6068 0.0258 0.0533
49 0.5291 0.7705 0.0455 0.0502
50 0.2384 0.6683 0.0478 0.0860
50 0.1676 0.7070 0.0616 0.0137
51 0.5383 0.7045 0.0464 0.0561
1 0.0203 0.4967 0.0407 0.5574
46 0.5571 0.6213 0.0485 0.1285
46 0.4945 0.5146 0.0421 0.0637
47 0.7585 0.1452 0.0246 0.0248
47 0.5031 0.6054 0.0297 0.0452
49 0.0447 0.8913 0.0879 0.0749
51 0.2225 0.6975 0.1349 0.0647
47 0.7451 0.8748 0.0520 0.0825
47 0.4513 0.6077 0.0435 0.0664
1 0.8986 0.2297 0.2027 0.3329
1 0.2996 0.4004 0.1998 0.5222
