6 0.3052 0.5938 0.3895 0.6876
6 0.0597 0.5506 0.1164 0.2067
6 0.8346 0.6184 0.3298 0.2980
10 0.4097 0.1850 0.0307 0.0990
10 0.6793 0.4313 0.0154 0.0596
1 0.0153 0.6242 0.0274 0.1291
3 0.6894 0.7128 0.2865 0.3663
3 0.5237 0.7131 0.0680 0.2840
3 0.5233 0.5938 0.0755 0.0950
1 0.4178 0.5520 0.0550 0.1235
31 0.0261 0.6142 0.0101 0.0281
1 0.5272 0.5222 0.0182 0.0498
1 0.5692 0.5382 0.0103 0.0209
1 0.5386 0.5190 0.0145 0.0577
1 0.5064 0.5234 0.0141 0.0385
1 0.5186 0.5190 0.0094 0.0524
8 0.6960 0.7160 0.3066 0.3753
1 0.5448 0.5308 0.0158 0.0388
10 0.2865 0.1456 0.0379 0.1156
