3 0.2733 0.2388 0.2456 0.1563
3 0.2665 0.3392 0.2266 0.2171
27 0.4918 0.2895 0.0791 0.1659
27 0.6380 0.5238 0.1298 0.2175
31 0.1943 0.5635 0.2034 0.3885
33 0.5834 0.8379 0.1450 0.3195
33 0.4214 0.6640 0.0970 0.2253
1 0.1414 0.5742 0.2827 0.8517
1 0.6312 0.6056 0.1586 0.5596
1 0.2853 0.6084 0.0979 0.4016
1 0.3021 0.3570 0.1154 0.3964
1 0.4000 0.3762 0.0721 0.3393
1 0.6010 0.2673 0.0465 0.1649
1 0.5402 0.3110 0.0650 0.2880
1 0.4922 0.4330 0.1547 0.6026
1 0.6661 0.2626 0.0498 0.2670
1 0.5665 0.2848 0.0379 0.1985
3 0.3673 0.2250 0.1056 0.0738
33 0.2977 0.8360 0.1137 0.3056
1 0.5478 0.1964 0.0198 0.0566
8 0.0220 0.1815 0.0439 0.0502
8 0.3530 0.1785 0.2275 0.0865
1 0.5822 0.2116 0.0240 0.1029
4 0.1268 0.3426 0.2536 0.1703
1 0.6219 0.2582 0.0750 0.1972
