22 0.2407 0.6232 0.1624 0.1722
22 0.5448 0.6085 0.0880 0.0876
1 0.2130 0.5153 0.0576 0.1242
1 0.2404 0.4967 0.0421 0.0950
1 0.2847 0.4790 0.0578 0.0928
1 0.3214 0.5012 0.0270 0.0802
1 0.4345 0.5015 0.0414 0.0873
1 0.3511 0.5032 0.0337 0.0736
1 0.6644 0.4871 0.0334 0.0578
1 0.5116 0.5455 0.0485 0.1433
22 0.5833 0.5779 0.0955 0.1073
22 0.7042 0.5675 0.1552 0.1096
22 0.8900 0.5125 0.1098 0.1496
22 0.3502 0.5540 0.2083 0.0994
1 0.6159 0.4676 0.0356 0.0552
1 0.9690 0.4373 0.0400 0.0476
1 0.9364 0.4309 0.0356 0.0568
22 0.0524 0.6295 0.1048 0.2110
22 0.3874 0.6199 0.1524 0.1291
1 0.6891 0.4793 0.0235 0.0556
1 0.8837 0.4293 0.0382 0.0714
1 0.4664 0.4824 0.9328 0.1741
