39 0.6758 0.3691 0.1514 0.1247
1 0.0691 0.5494 0.1382 0.6180
1 0.2343 0.7066 0.2130 0.4171
1 0.2271 0.3397 0.1409 0.3488
1 0.4602 0.3938 0.1655 0.2451
1 0.8993 0.0643 0.0525 0.0678
1 0.9532 0.3513 0.0936 0.2766
1 0.6573 0.0601 0.1083 0.1191
1 0.1507 0.0341 0.0855 0.0682
1 0.6480 0.5483 0.2006 0.6517
1 0.6132 0.3525 0.1388 0.3325
1 0.7578 0.2709 0.1177 0.0723
1 0.9632 0.0562 0.0725 0.1124
39 0.3226 0.4297 0.0192 0.0996
40 0.3141 0.7364 0.0503 0.0981
1 0.7556 0.3959 0.0990 0.1638
1 0.4781 0.2531 0.9531 0.5062
