82 0.0594 0.4018 0.1188 0.7271
62 0.2529 0.2846 0.1437 0.1287
62 0.9404 0.3192 0.0099 0.0320
62 0.1623 0.5016 0.1223 0.2541
62 0.6645 0.2686 0.0147 0.0294
67 0.4195 0.4662 0.2887 0.4077
59 0.5210 0.8476 0.0907 0.0887
59 0.5890 0.7398 0.0492 0.0460
59 0.7184 0.4541 0.0475 0.0402
59 0.6971 0.5330 0.0486 0.0286
1 0.2099 0.3679 0.2350 0.4891
1 0.4644 0.2131 0.1120 0.1650
1 0.5997 0.3410 0.1292 0.3954
1 0.7056 0.3290 0.1633 0.3524
1 0.6476 0.7213 0.6865 0.5348
1 0.9027 0.2275 0.0694 0.1473
1 0.8052 0.3388 0.2551 0.3315
1 0.7365 0.5468 0.4046 0.5046
3 0.8358 0.1608 0.0895 0.0400
59 0.7311 0.2721 0.0425 0.0130
59 0.3503 0.3340 0.0509 0.0153
62 0.9584 0.7353 0.0831 0.5294
