22 0.6161 0.4809 0.1728 0.2633
22 0.7473 0.4019 0.1512 0.2896
22 0.8605 0.3950 0.1503 0.1950
1 0.6271 0.2434 0.0395 0.0577
15 0.8414 0.2716 0.0712 0.0413
1 0.7407 0.1915 0.0365 0.0546
1 0.5824 0.2453 0.0386 0.0658
1 0.1274 0.6081 0.0906 0.2233
1 0.0773 0.6057 0.0422 0.1139
1 0.0283 0.6245 0.0555 0.1206
1 0.0299 0.5167 0.0599 0.0892
1 0.7052 0.1915 0.0440 0.0538
1 0.8346 0.2330 0.0259 0.0426
1 0.8693 0.2410 0.0430 0.0708
1 0.0589 0.5801 0.0334 0.0805
1 0.7786 0.2320 0.0405 0.0779
15 0.5974 0.2925 0.0998 0.0418
27 0.6993 0.2013 0.0250 0.0299
15 0.7205 0.2404 0.1083 0.0475
1 0.0115 0.5936 0.0231 0.0893
