7 0.0421 0.4194 0.0811 0.1194
1 0.3594 0.5136 0.1374 0.1507
1 0.0903 0.4458 0.0633 0.1441
1 0.2091 0.4700 0.0686 0.1067
1 0.2583 0.4641 0.0321 0.0530
1 0.1505 0.4357 0.0251 0.0631
1 0.3996 0.4611 0.0545 0.0703
1 0.2872 0.4574 0.0896 0.0977
1 0.3402 0.4712 0.0857 0.0711
85 0.3767 0.3286 0.0586 0.0367
15 0.5313 0.5416 0.1610 0.0809
15 0.4265 0.5103 0.0777 0.0569
15 0.4124 0.5620 0.0977 0.0551
33 0.8907 0.5569 0.2132 0.1414
33 0.7120 0.5129 0.1298 0.1067
33 0.6851 0.6056 0.1059 0.1232
33 0.4863 0.7282 0.1729 0.0949
33 0.5049 0.6592 0.1573 0.0695
33 0.5271 0.6101 0.1476 0.0565
33 0.8072 0.8031 0.2907 0.2034
33 0.8817 0.6809 0.2366 0.1760
33 0.7479 0.6349 0.0791 0.1276
33 0.6679 0.7186 0.1973 0.1640
33 0.8810 0.5236 0.2379 0.1177
1 0.2469 0.4452 0.0267 0.0349
1 0.2867 0.4346 0.0280 0.0218
1 0.2686 0.4295 0.0189 0.0195
15 0.2764 0.4778 0.0171 0.0036
