62 0.8304 0.7463 0.1113 0.2343
62 0.9076 0.4471 0.0681 0.0798
62 0.1007 0.6643 0.1659 0.3872
67 0.7536 0.9213 0.4927 0.1349
67 0.1102 0.4302 0.2193 0.1080
1 0.6785 0.4085 0.2035 0.5628
1 0.9654 0.2858 0.0693 0.1749
1 0.9626 0.4032 0.0748 0.2305
1 0.5663 0.2181 0.1146 0.3101
1 0.1754 0.3258 0.1148 0.1467
60 0.3952 0.4775 0.2376 0.1416
37 0.0786 0.3225 0.0331 0.0448
37 0.1921 0.4115 0.0146 0.0149
62 0.0340 0.5542 0.0666 0.1721
62 0.2031 0.4584 0.1011 0.0326
62 0.2163 0.4412 0.1328 0.0449
67 0.3624 0.5025 0.6276 0.1347
67 0.9633 0.4752 0.0735 0.0810
1 0.4890 0.5195 0.6195 0.9351
1 0.8391 0.1679 0.0464 0.0429
1 0.7443 0.2321 0.0887 0.1435
1 0.8722 0.4988 0.2556 0.6469
