64 0.9421 0.6955 0.1158 0.3618
64 0.5650 0.8915 0.1991 0.2170
62 0.1024 0.8737 0.2047 0.2526
62 0.8455 0.8404 0.1711 0.2492
32 0.5234 0.5476 0.0176 0.0873
32 0.5803 0.6140 0.0125 0.1326
32 0.6496 0.5896 0.0232 0.1076
32 0.7246 0.5716 0.0127 0.1397
32 0.3983 0.5546 0.0132 0.1342
32 0.2551 0.5260 0.0172 0.0740
47 0.3509 0.8082 0.0318 0.0662
47 0.3139 0.9295 0.0407 0.0851
47 0.3951 0.7710 0.0225 0.0433
84 0.7807 0.8975 0.1045 0.0507
84 0.2888 0.8819 0.1096 0.0365
84 0.7020 0.8067 0.0767 0.0384
1 0.2487 0.6426 0.1052 0.4726
1 0.3220 0.6374 0.0883 0.3561
1 0.5061 0.6034 0.0843 0.3708
1 0.6632 0.6199 0.0868 0.3180
1 0.5824 0.6243 0.1050 0.3168
1 0.7345 0.6198 0.0958 0.4073
1 0.3911 0.5929 0.0699 0.3777
1 0.4381 0.6107 0.0677 0.3491
1 0.8106 0.6366 0.0963 0.3818
32 0.7996 0.5608 0.0161 0.0592
47 0.6923 0.8848 0.0338 0.0508
47 0.6512 0.7890 0.0312 0.0402
47 0.7664 0.9722 0.0424 0.0556
62 0.9407 0.9521 0.1185 0.0956
31 0.1630 0.9052 0.1277 0.1895
62 0.9608 0.8663 0.0784 0.2343
62 0.0647 0.9024 0.1293 0.1952
62 0.1555 0.8074 0.1805 0.2143
84 0.3660 0.8175 0.0917 0.0362
84 0.7153 0.8292 0.1010 0.0304
47 0.3941 0.8043 0.0261 0.0232
