4 0.4203 0.5935 0.0722 0.1515
4 0.3494 0.5162 0.0253 0.0618
4 0.3047 0.4991 0.0187 0.0618
4 0.5933 0.4867 0.0272 0.0377
4 0.4776 0.4870 0.0201 0.0486
4 0.5061 0.4817 0.0171 0.0435
4 0.3981 0.5061 0.0242 0.0565
4 0.3231 0.4904 0.0205 0.0523
1 0.3473 0.4907 0.0258 0.0805
1 0.3942 0.4898 0.0258 0.0732
1 0.4143 0.5364 0.0512 0.0595
1 0.4788 0.4683 0.0219 0.0528
1 0.5103 0.4727 0.0206 0.0661
1 0.3830 0.4554 0.0190 0.0291
1 0.4348 0.5068 0.0338 0.0409
4 0.4392 0.4940 0.0198 0.0511
4 0.3796 0.4861 0.0228 0.0506
1 0.4351 0.4533 0.0087 0.0243
1 0.5989 0.4706 0.0141 0.0503
1 0.6064 0.4701 0.0105 0.0536
1 0.3274 0.4716 0.0188 0.0688
1 0.3063 0.4791 0.0322 0.0701
1 0.4259 0.4753 0.0101 0.0168
1 0.4242 0.4731 0.0641 0.0749
