1 0.6298 0.4059 0.1545 0.2981
1 0.5530 0.4394 0.0275 0.1068
1 0.5012 0.4447 0.0248 0.0877
41 0.6503 0.5642 0.1170 0.0705
1 0.7530 0.4347 0.0221 0.1003
1 0.8174 0.4577 0.0291 0.0558
1 0.9241 0.4477 0.0172 0.0653
1 0.1344 0.4333 0.0321 0.0919
3 0.4430 0.4479 0.0196 0.0115
3 0.5729 0.4509 0.0144 0.0113
1 0.0707 0.4572 0.0264 0.0491
3 0.3922 0.4528 0.0093 0.0100
1 0.3508 0.5012 0.0295 0.0815
1 0.9046 0.4290 0.0217 0.0786
1 0.5258 0.4341 0.0338 0.1045
1 0.7780 0.4371 0.0246 0.0959
3 0.2791 0.4474 0.0212 0.0137
41 0.5005 0.4668 0.0220 0.0396
41 0.7474 0.4649 0.0107 0.0370
41 0.9507 0.4816 0.0163 0.0246
41 0.8070 0.4696 0.0072 0.0314
41 0.5346 0.4839 0.0188 0.0099
1 0.2056 0.4150 0.0237 0.0768
1 0.4992 0.4709 0.9984 0.1809
