16 0.4758 0.5620 0.0222 0.0187
16 0.4412 0.5625 0.0142 0.0138
28 0.6838 0.7782 0.2299 0.1781
1 0.1558 0.7232 0.1236 0.1115
1 0.5115 0.5753 0.0287 0.0584
1 0.1387 0.5731 0.0235 0.0408
1 0.8174 0.5865 0.0607 0.1214
1 0.5653 0.7507 0.0836 0.1627
1 0.6321 0.6100 0.0268 0.0689
1 0.5874 0.5691 0.0200 0.0298
1 0.6607 0.6723 0.0659 0.0703
1 0.1490 0.5286 0.0283 0.0565
1 0.3296 0.4557 0.0074 0.0122
1 0.7218 0.5131 0.0223 0.0155
28 0.8804 0.7263 0.2392 0.1788
31 0.9569 0.8423 0.0431 0.0411
62 0.0703 0.7646 0.1177 0.0881
1 0.4083 0.5833 0.0424 0.0436
1 0.1547 0.5844 0.3094 0.2896
