43 0.7511 0.5070 0.0907 0.3767
37 0.4446 0.8987 0.0666 0.0444
37 0.1207 0.7070 0.2083 0.1430
37 0.2614 0.9839 0.0555 0.0323
37 0.0393 0.9787 0.0618 0.0385
37 0.9492 0.4352 0.0657 0.0442
37 0.4894 0.2237 0.0615 0.0447
37 0.0549 0.2592 0.0550 0.0365
37 0.1342 0.0090 0.0552 0.0179
37 0.9020 0.1847 0.1959 0.1577
1 0.9174 0.8349 0.1653 0.3303
37 0.7164 0.9031 0.0601 0.0423
37 0.9672 0.0860 0.0618 0.0417
37 0.7186 0.5758 0.0496 0.0505
1 0.6209 0.5004 0.6657 0.9896
37 0.0147 0.6703 0.0294 0.0456
37 0.5047 0.4656 0.9859 0.9281
