1 0.5271 0.3692 0.1241 0.2434
1 0.5757 0.4209 0.0488 0.2016
1 0.6052 0.4418 0.0426 0.2034
1 0.6776 0.3969 0.0500 0.2176
1 0.5406 0.4667 0.0631 0.1115
1 0.8195 0.3688 0.0738 0.1661
1 0.8955 0.4238 0.0873 0.2657
1 0.0843 0.4686 0.0757 0.3015
1 0.1585 0.4317 0.0668 0.2152
1 0.2852 0.3829 0.0610 0.1339
1 0.7473 0.3887 0.0671 0.1938
1 0.2905 0.4238 0.0549 0.0732
42 0.4012 0.5332 0.1762 0.1301
42 0.0705 0.3947 0.0709 0.4015
42 0.1578 0.3717 0.0645 0.3222
42 0.2273 0.3044 0.0630 0.1761
42 0.2885 0.2791 0.0651 0.1774
42 0.3486 0.2805 0.0559 0.1369
42 0.4112 0.3075 0.0671 0.2259
42 0.4675 0.2840 0.0588 0.1784
42 0.5224 0.3576 0.0561 0.2694
42 0.5837 0.2961 0.0573 0.1443
42 0.2011 0.5562 0.2596 0.1304
42 0.5338 0.5471 0.2065 0.0965
1 0.4066 0.3659 0.0599 0.1049
42 0.7703 0.5115 0.3004 0.1502
1 0.4984 0.4646 0.6188 0.3375
42 0.5938 0.3417 0.6875 0.3542
