1 0.5396 0.5790 0.0159 0.0647
1 0.6185 0.5504 0.0257 0.0842
1 0.5047 0.5530 0.0322 0.0734
2 0.8393 0.3194 0.1793 0.2468
2 0.7145 0.4070 0.0784 0.1604
2 0.8286 0.8521 0.1891 0.2273
2 0.8130 0.8269 0.2051 0.2745
2 0.6709 0.7503 0.0653 0.2322
2 0.6300 0.7122 0.0461 0.1738
2 0.6568 0.6939 0.1143 0.1641
2 0.7458 0.8119 0.1362 0.2928
2 0.4192 0.7642 0.1983 0.3187
2 0.6862 0.7245 0.1399 0.1983
2 0.3624 0.8306 0.3203 0.2588
2 0.6528 0.4312 0.0467 0.1271
2 0.2503 0.7080 0.0696 0.1653
2 0.4100 0.5980 0.4200 0.3568
