3 0.2449 0.5142 0.0609 0.0792
3 0.2241 0.5071 0.0913 0.0636
3 0.8263 0.4285 0.0470 0.0368
3 0.8169 0.4588 0.0423 0.0594
6 0.5331 0.4808 0.5415 0.4776
1 0.8612 0.4589 0.0403 0.0817
1 0.8604 0.4989 0.0682 0.0944
8 0.0598 0.5298 0.1197 0.1831
1 0.8912 0.4566 0.0254 0.1267
1 0.9251 0.4241 0.0291 0.0606
1 0.9731 0.4332 0.0165 0.0615
1 0.9919 0.4610 0.0163 0.1450
1 0.9863 0.4352 0.0149 0.0860
1 0.9543 0.4294 0.0149 0.0501
1 0.9285 0.4531 0.0128 0.0214
15 0.8411 0.5140 0.0323 0.0737
18 0.8700 0.5122 0.0292 0.0375
31 0.8995 0.4842 0.0221 0.0286
18 0.9534 0.4670 0.0089 0.0222
