44 0.5708 0.5522 0.0388 0.1751
28 0.3532 0.2445 0.2904 0.1213
28 0.0713 0.4353 0.1426 0.8703
77 0.4269 0.6382 0.0479 0.0219
62 0.7770 0.8322 0.4146 0.3079
62 0.3203 0.7221 0.2672 0.3545
62 0.3146 0.8672 0.5453 0.2575
1 0.5255 0.4839 0.1802 0.2370
1 0.6261 0.4788 0.0861 0.1754
1 0.7896 0.6287 0.3961 0.7124
1 0.3409 0.4971 0.1347 0.2372
1 0.7807 0.4371 0.0792 0.1148
1 0.2120 0.4614 0.0727 0.1639
47 0.4954 0.5962 0.0364 0.0559
47 0.5411 0.6100 0.0398 0.0881
47 0.6051 0.6135 0.0368 0.0529
49 0.5781 0.6636 0.0984 0.0382
49 0.6267 0.6898 0.0501 0.0081
51 0.4815 0.6543 0.0645 0.0256
1 0.2741 0.4353 0.0953 0.1351
1 0.2380 0.4354 0.0424 0.0856
1 0.4369 0.4329 0.0255 0.0631
1 0.2502 0.3924 0.0451 0.0495
28 0.3774 0.1421 0.0495 0.0901
47 0.4231 0.5243 0.0205 0.0500
50 0.7415 0.4849 0.0200 0.0160
62 0.2104 0.5363 0.0402 0.0420
62 0.2464 0.5230 0.0755 0.0516
62 0.1841 0.5040 0.0165 0.0324
64 0.0577 0.6529 0.1154 0.2912
64 0.1501 0.5394 0.0697 0.1381
1 0.4711 0.4655 0.0697 0.1379
1 0.5137 0.4420 0.0210 0.0419
31 0.3198 0.7099 0.0850 0.1611
31 0.4523 0.5732 0.0288 0.0556
62 0.9731 0.6894 0.0373 0.2578
67 0.4014 0.5347 0.1454 0.0733
47 0.5722 0.6209 0.0321 0.0541
67 0.5407 0.6481 0.4111 0.1506
