54 0.4753 0.4699 0.0340 0.0272
3 0.1001 0.2431 0.0587 0.0801
62 0.1946 0.8246 0.1812 0.3199
62 0.8806 0.7828 0.2388 0.4329
47 0.4934 0.6064 0.0353 0.0716
47 0.4751 0.7168 0.0402 0.0858
47 0.5006 0.4837 0.0204 0.0371
49 0.4558 0.4718 0.0136 0.0094
50 0.5114 0.5314 0.0331 0.0441
51 0.5157 0.9139 0.0978 0.0944
1 0.2867 0.5818 0.3447 0.5314
1 0.7812 0.6461 0.2781 0.6629
1 0.3914 0.3726 0.1677 0.2791
1 0.4645 0.2507 0.0639 0.1210
1 0.6163 0.2525 0.0702 0.1562
8 0.4109 0.2071 0.1413 0.0949
47 0.5552 0.4949 0.0285 0.0444
48 0.3960 0.8038 0.0353 0.0239
49 0.3620 0.8479 0.0156 0.1289
50 0.6282 0.7293 0.0547 0.0309
50 0.5606 0.8927 0.0763 0.0270
51 0.5170 0.5387 0.0924 0.0538
51 0.4101 0.7064 0.0504 0.0503
51 0.5972 0.8578 0.0941 0.0983
54 0.3243 0.9007 0.0767 0.0623
54 0.4682 0.3820 0.0279 0.0213
67 0.4980 0.6348 0.4972 0.7034
1 0.4126 0.3201 0.0640 0.2353
1 0.4359 0.2392 0.0313 0.0728
1 0.7871 0.5154 0.2357 0.4485
1 0.6845 0.2544 0.0844 0.1160
3 0.2436 0.2486 0.1257 0.0919
3 0.2325 0.2023 0.1053 0.0535
3 0.4086 0.2091 0.1511 0.1054
31 0.9564 0.7528 0.0778 0.1745
31 0.6730 0.9299 0.1266 0.1091
48 0.5893 0.7489 0.0173 0.0216
49 0.6315 0.6488 0.0088 0.0536
50 0.4298 0.8808 0.0195 0.0882
54 0.3315 0.8362 0.0605 0.0718
64 0.5077 0.1382 0.0894 0.2700
86 0.5117 0.7669 0.0263 0.0761
86 0.4891 0.8291 0.0495 0.0659
86 0.5360 0.3336 0.0098 0.0116
51 0.5221 0.3704 0.0651 0.0338
1 0.6455 0.3958 0.1853 0.3614
47 0.4372 0.7801 0.0459 0.0985
47 0.6029 0.3979 0.0233 0.0359
47 0.4731 0.3991 0.0221 0.0305
