3 0.8297 0.6697 0.0618 0.0382
3 0.5151 0.6885 0.0773 0.0393
6 0.6327 0.6800 0.1428 0.1473
6 0.7695 0.6267 0.0900 0.0818
6 0.5147 0.6134 0.0680 0.0633
85 0.6538 0.2790 0.0676 0.0422
85 0.7221 0.2795 0.0261 0.0386
10 0.9420 0.6357 0.0655 0.0780
31 0.6783 0.8158 0.0366 0.0739
31 0.7718 0.8129 0.0441 0.0441
1 0.7109 0.8540 0.1143 0.2055
1 0.7850 0.8526 0.0958 0.2050
1 0.3581 0.7540 0.0266 0.0475
1 0.2667 0.7939 0.0470 0.0959
1 0.3905 0.7847 0.0572 0.0918
1 0.1166 0.7576 0.0219 0.0235
1 0.3087 0.7440 0.0216 0.0219
1 0.1366 0.8049 0.0516 0.1098
1 0.0646 0.8049 0.0385 0.0880
1 0.3402 0.7900 0.0409 0.0996
1 0.1591 0.8030 0.0235 0.0822
1 0.1056 0.8070 0.0656 0.1084
3 0.7977 0.6666 0.0433 0.0317
3 0.7031 0.7026 0.0253 0.0432
3 0.8014 0.6592 0.0506 0.0361
6 0.6017 0.5994 0.0847 0.0281
10 0.7000 0.6225 0.0183 0.0269
31 0.3985 0.7715 0.0388 0.0446
6 0.9367 0.6879 0.1114 0.0785
10 0.9872 0.6309 0.0246 0.0654
31 0.2557 0.8041 0.0176 0.0128
1 0.2657 0.7463 0.0413 0.0351
1 0.2558 0.7688 0.5070 0.1437
