1 0.7557 0.3321 0.1275 0.2874
1 0.6805 0.3359 0.0978 0.2855
47 0.8122 0.4776 0.0908 0.1749
60 0.2174 0.8326 0.1247 0.0787
60 0.3647 0.7595 0.1064 0.0773
60 0.3282 0.8163 0.1192 0.0983
60 0.2031 0.7366 0.0853 0.0742
60 0.1497 0.7945 0.1113 0.1007
60 0.2590 0.7735 0.1052 0.0797
60 0.2939 0.7231 0.1166 0.0572
47 0.1610 0.0700 0.0284 0.0462
47 0.2067 0.0875 0.0241 0.0437
47 0.1998 0.0747 0.0244 0.0533
47 0.2228 0.0873 0.0188 0.0423
47 0.4556 0.3806 0.0387 0.0652
60 0.5304 0.6592 0.0642 0.0387
60 0.4664 0.6589 0.0616 0.0407
60 0.4225 0.6222 0.0562 0.0292
60 0.5770 0.6478 0.0465 0.0467
1 0.7974 0.3278 0.0807 0.2235
79 0.2225 0.5960 0.2346 0.2589
60 0.5533 0.6279 0.0545 0.0532
47 0.1245 0.0277 0.0295 0.0302
