1 0.0589 0.6510 0.1153 0.5271
1 0.6693 0.5632 0.2683 0.7049
1 0.9205 0.4663 0.0670 0.1654
1 0.8196 0.4758 0.0699 0.1671
1 0.5445 0.4912 0.0613 0.1481
1 0.2860 0.6907 0.2260 0.3846
40 0.3808 0.6534 0.0386 0.0744
39 0.6532 0.3244 0.0166 0.2132
39 0.4937 0.5453 0.0392 0.0898
62 0.6168 0.5223 0.0466 0.1071
62 0.7859 0.5035 0.0467 0.1230
15 0.1723 0.4727 0.0559 0.0652
15 0.2255 0.4747 0.0733 0.0642
62 0.5067 0.5189 0.0647 0.1032
62 0.8702 0.5078 0.0631 0.1169
62 0.7519 0.5083 0.0332 0.1144
62 0.9056 0.4779 0.0536 0.0558
