40 0.5691 0.4646 0.0449 0.0702
40 0.1587 0.6653 0.0464 0.0568
62 0.7206 0.4816 0.0314 0.0298
1 0.5276 0.7135 0.1572 0.5461
1 0.9188 0.7287 0.1624 0.5427
1 0.7598 0.4341 0.0715 0.1330
1 0.3525 0.3685 0.0793 0.1932
1 0.6579 0.3743 0.0740 0.2342
1 0.1927 0.3046 0.0627 0.2558
1 0.1190 0.3405 0.0734 0.2269
1 0.0827 0.6867 0.1613 0.5428
1 0.2471 0.3576 0.0814 0.2001
1 0.8183 0.5792 0.1262 0.4642
1 0.8991 0.1383 0.0659 0.2234
1 0.6881 0.0906 0.0336 0.1006
1 0.5787 0.1565 0.0963 0.2205
62 0.6908 0.4787 0.0201 0.0383
1 0.5000 0.4580 0.9960 0.9159
