35 0.6709 0.6601 0.1378 0.0429
35 0.8413 0.6575 0.0945 0.0155
1 0.8696 0.5667 0.0526 0.1831
1 0.3565 0.3667 0.0349 0.0389
1 0.3155 0.5876 0.1433 0.2730
1 0.4116 0.3664 0.0156 0.0298
1 0.8863 0.3630 0.0297 0.0704
1 0.4367 0.3527 0.0322 0.0580
1 0.7007 0.5453 0.0771 0.2611
1 0.8254 0.3687 0.0328 0.0526
1 0.8110 0.3354 0.0204 0.0503
1 0.2974 0.3638 0.0185 0.0303
1 0.3121 0.3412 0.0299 0.0660
1 0.1625 0.3458 0.0192 0.0292
1 0.2295 0.3215 0.0348 0.0511
35 0.2479 0.6914 0.1769 0.0584
1 0.5000 0.2740 0.9969 0.5246
