3 0.9621 0.4854 0.0759 0.1306
3 0.9190 0.4743 0.1615 0.1129
1 0.2991 0.6693 0.0594 0.3697
1 0.7270 0.7186 0.1137 0.4776
1 0.6292 0.6913 0.1131 0.4385
1 0.8433 0.6957 0.1409 0.4656
1 0.5477 0.5976 0.0448 0.2231
42 0.5949 0.6717 0.0470 0.1623
42 0.7518 0.6820 0.0505 0.1351
42 0.8870 0.6555 0.1058 0.2168
3 0.8259 0.4739 0.0650 0.0748
1 0.5299 0.5031 0.0167 0.0404
1 0.6058 0.5190 0.0178 0.0597
1 0.3516 0.5819 0.0285 0.0166
3 0.7537 0.4593 0.0233 0.0142
3 0.8006 0.4673 0.0823 0.0572
1 0.1667 0.6416 0.0222 0.0122
1 0.2197 0.6930 0.1289 0.3653
1 0.0573 0.5976 0.0072 0.0225
1 0.5916 0.5004 0.0106 0.0418
3 0.7678 0.4674 0.0330 0.0333
1 0.4795 0.5887 0.0507 0.2595
1 0.3750 0.5972 0.7125 0.2857
