67 0.3778 0.5955 0.1859 0.1438
67 0.8891 0.5839 0.1285 0.0342
73 0.1659 0.4773 0.0250 0.0348
73 0.3802 0.5101 0.1052 0.0856
1 0.2250 0.5219 0.1482 0.2360
1 0.3185 0.4696 0.0718 0.1359
1 0.5080 0.5020 0.0379 0.0631
1 0.5548 0.5032 0.1044 0.1210
1 0.7769 0.5696 0.1023 0.1967
1 0.6568 0.5061 0.0344 0.0746
1 0.9792 0.5239 0.0282 0.0467
62 0.6708 0.6214 0.0928 0.1683
62 0.5424 0.6538 0.0690 0.0870
62 0.8154 0.6183 0.0214 0.0586
62 0.4768 0.6098 0.0487 0.1544
62 0.6121 0.6338 0.0443 0.0929
1 0.8939 0.5254 0.0273 0.0415
1 0.7200 0.5029 0.0392 0.0568
1 0.4363 0.5229 0.1185 0.3030
1 0.8790 0.5259 0.0144 0.0301
67 0.6665 0.5433 0.1452 0.0162
67 0.8403 0.5587 0.0306 0.0295
1 0.8329 0.5067 0.0363 0.0612
1 0.0942 0.4928 0.0300 0.0430
27 0.6243 0.5222 0.0323 0.0328
62 0.3425 0.6197 0.0403 0.0164
62 0.1428 0.5840 0.0599 0.1032
62 0.2878 0.5975 0.1327 0.1328
1 0.1523 0.4883 0.0391 0.0820
