21 0.3276 0.4464 0.1210 0.4198
21 0.5484 0.6355 0.3588 0.7118
21 0.0472 0.3545 0.0938 0.3338
21 0.2686 0.2907 0.0601 0.2150
1 0.9135 0.5022 0.1729 0.4165
1 0.3775 0.2152 0.0358 0.1827
1 0.4184 0.2091 0.0354 0.1584
1 0.4855 0.2459 0.0576 0.1226
1 0.4571 0.2518 0.0317 0.1011
1 0.3399 0.2038 0.0490 0.1605
1 0.4416 0.2099 0.0148 0.0701
1 0.6543 0.2484 0.0410 0.1203
1 0.8066 0.5375 0.1242 0.4832
67 0.8334 0.6267 0.1105 0.2592
8 0.5661 0.2237 0.0909 0.1685
1 0.2871 0.1589 0.0320 0.1038
15 0.9030 0.8087 0.1941 0.2671
