62 0.5005 0.5415 0.4064 0.0783
62 0.9639 0.5918 0.0723 0.2781
62 0.0275 0.5791 0.0543 0.3538
62 0.0667 0.4335 0.1074 0.1003
62 0.8230 0.4472 0.0392 0.1161
67 0.8832 0.4417 0.1114 0.1612
1 0.5039 0.6114 0.4921 0.7461
1 0.7334 0.3772 0.1668 0.2660
1 0.6775 0.3354 0.0833 0.1288
1 0.6328 0.3153 0.0354 0.0881
1 0.8421 0.3838 0.0905 0.2403
1 0.9743 0.2986 0.0513 0.0833
47 0.6572 0.3894 0.0176 0.0454
51 0.1992 0.9790 0.1440 0.0420
58 0.5431 0.6749 0.1567 0.1197
1 0.0944 0.3966 0.1685 0.2270
1 0.0897 0.3328 0.0460 0.0403
62 0.9846 0.3818 0.0288 0.0972
62 0.0806 0.5547 0.1386 0.3458
62 0.7500 0.5055 0.1558 0.2941
62 0.3419 0.4854 0.0891 0.0612
62 0.3247 0.4104 0.0306 0.0988
67 0.1539 0.4268 0.0475 0.0209
67 0.6795 0.4122 0.0469 0.0312
47 0.1559 0.4047 0.0164 0.0384
62 0.3693 0.3653 0.0236 0.0261
1 0.4315 0.2689 0.0818 0.0834
62 0.9635 0.4933 0.0730 0.3087
47 0.1994 0.9804 0.1491 0.0386
62 0.4813 0.6625 0.9625 0.6583
