16 0.2824 0.9086 0.0499 0.0886
16 0.2883 0.7463 0.0645 0.0563
16 0.3686 0.7472 0.0438 0.0469
16 0.3781 0.9069 0.0613 0.0854
1 0.4829 0.5944 0.1298 0.4876
1 0.6918 0.5996 0.1078 0.4689
1 0.1652 0.5921 0.2828 0.8159
1 0.5646 0.3673 0.0172 0.0640
1 0.3651 0.3759 0.0225 0.0786
1 0.5296 0.4314 0.0273 0.0840
1 0.0254 0.4553 0.0230 0.0576
16 0.9386 0.7057 0.0541 0.0643
16 0.3425 0.6627 0.0192 0.0403
28 0.6799 0.3333 0.2145 0.1374
28 0.4739 0.3398 0.1830 0.1400
28 0.2044 0.1331 0.4087 0.1364
28 0.5229 0.3962 0.0365 0.0216
16 0.0127 0.8284 0.0236 0.0564
16 0.7418 0.6896 0.0573 0.0660
16 0.6428 0.7109 0.0441 0.0463
16 0.5738 0.6727 0.0407 0.0477
16 0.0306 0.8697 0.0534 0.0467
16 0.9140 0.7502 0.0659 0.0666
16 0.8181 0.6846 0.0483 0.0496
31 0.5310 0.5488 0.0587 0.1819
1 0.4188 0.4387 0.0295 0.0861
1 0.9478 0.3478 0.0294 0.0826
28 0.0227 0.4220 0.0240 0.0117
31 0.5236 0.4505 0.0186 0.0221
31 0.9413 0.3486 0.0175 0.0193
16 0.3891 0.7698 0.7750 0.4562
