52 0.2527 0.4159 0.3561 0.8220
52 0.6336 0.4953 0.3297 0.9200
52 0.9195 0.4529 0.1609 0.9012
52 0.0257 0.1841 0.0494 0.3661
44 0.2413 0.9174 0.0428 0.1652
44 0.2036 0.8912 0.0360 0.1248
44 0.2807 0.9127 0.0473 0.1739
44 0.3945 0.9065 0.0484 0.1600
44 0.4324 0.9111 0.0327 0.1778
44 0.0824 0.4989 0.0435 0.2007
44 0.0793 0.9636 0.0415 0.0727
44 0.0374 0.5025 0.0471 0.1987
44 0.4562 0.4906 0.0625 0.1812
44 0.4295 0.6946 0.0611 0.1286
44 0.4690 0.9066 0.0404 0.1867
44 0.1261 0.5294 0.0428 0.1383
44 0.3158 0.9047 0.0405 0.1877
44 0.2555 0.6953 0.5109 0.6047
