32 0.6593 0.5144 0.0513 0.1110
62 0.0993 0.5672 0.1922 0.2190
67 0.5000 0.7963 1.0000 0.3860
1 0.2663 0.4663 0.4241 0.3933
1 0.7925 0.4697 0.4114 0.3865
49 0.6939 0.7043 0.1665 0.0319
49 0.0739 0.7450 0.0425 0.1057
84 0.9719 0.3546 0.0563 0.0321
84 0.9628 0.4184 0.0743 0.0403
50 0.8806 0.7498 0.2388 0.0574
51 0.4331 0.8648 0.1117 0.0774
84 0.9783 0.2824 0.0433 0.0271
84 0.9714 0.3270 0.0571 0.0297
84 0.9666 0.3642 0.0667 0.0298
84 0.9806 0.3879 0.0388 0.0340
84 0.9737 0.4069 0.0527 0.0351
84 0.9758 0.3422 0.0435 0.0273
84 0.9694 0.4331 0.0612 0.0345
84 0.9784 0.3158 0.0431 0.0144
1 0.5199 0.3800 0.3442 0.5247
51 0.7768 0.8162 0.2993 0.1844
