35 0.5082 0.8422 0.2393 0.1466
35 0.5865 0.7298 0.1382 0.1191
35 0.1447 0.2466 0.0375 0.0121
1 0.3186 0.2453 0.0857 0.1874
1 0.3954 0.2081 0.0472 0.1253
1 0.5183 0.6101 0.2916 0.5551
1 0.8435 0.2469 0.0476 0.1175
1 0.8928 0.2328 0.0354 0.1176
1 0.9301 0.2509 0.0495 0.1658
1 0.9742 0.2461 0.0324 0.1491
1 0.2287 0.1479 0.0163 0.0459
1 0.5523 0.4301 0.2515 0.6572
1 0.9894 0.2398 0.0204 0.1078
1 0.1328 0.1923 0.0291 0.1050
1 0.1561 0.1783 0.0255 0.0622
35 0.9448 0.2564 0.0222 0.1437
35 0.0954 0.2364 0.0506 0.0068
1 0.8664 0.2299 0.0395 0.1202
35 0.0209 0.1825 0.0287 0.0090
35 0.8405 0.3021 0.0641 0.0197
35 0.3253 0.3438 0.0991 0.0136
35 0.3897 0.2783 0.0623 0.0041
1 0.5031 0.1740 0.9906 0.1146
