6 0.6296 0.4253 0.2380 0.4000
1 0.1792 0.7281 0.1054 0.4854
1 0.3255 0.5133 0.0235 0.1082
1 0.8501 0.4880 0.0436 0.0550
1 0.0745 0.4860 0.0172 0.0638
1 0.4007 0.4634 0.0161 0.0448
1 0.0550 0.5028 0.0187 0.0955
1 0.4540 0.4634 0.0077 0.0325
8 0.6275 0.4444 0.2333 0.3593
1 0.3584 0.4762 0.0119 0.0469
1 0.7849 0.4820 0.0257 0.0535
1 0.1506 0.5179 0.0282 0.0691
1 0.1434 0.4806 0.0177 0.0652
4 0.3982 0.5067 0.0282 0.0680
27 0.2021 0.6812 0.0990 0.2641
31 0.1991 0.6818 0.0993 0.2699
1 0.1708 0.5012 0.0200 0.0994
31 0.3256 0.5008 0.0204 0.0499
