67 0.4086 0.8302 0.8140 0.3379
1 0.3922 0.5057 0.3485 0.5527
1 0.6680 0.5479 0.4552 0.7157
46 0.5337 0.8567 0.0648 0.2411
46 0.6674 0.9274 0.0805 0.1453
46 0.2924 0.7661 0.0583 0.2096
46 0.3525 0.7738 0.0584 0.2111
46 0.5736 0.8517 0.1750 0.2697
47 0.4346 0.8488 0.0474 0.1781
47 0.2423 0.8215 0.0464 0.1714
48 0.5565 0.8802 0.0300 0.0322
48 0.7237 0.9165 0.0855 0.0512
49 0.5434 0.8466 0.0862 0.0539
46 0.0197 0.7350 0.0393 0.0957
46 0.1001 0.7280 0.0595 0.1204
47 0.5985 0.9243 0.0521 0.1499
1 0.8880 0.7133 0.2240 0.5734
47 0.1759 0.8265 0.0642 0.0835
48 0.0418 0.7989 0.0244 0.0207
1 0.9439 0.4165 0.1121 0.1662
1 0.0888 0.4858 0.1777 0.5547
48 0.3509 0.8402 0.0918 0.0328
50 0.7249 0.9108 0.0891 0.0416
