1 0.3471 0.6156 0.2559 0.7432
1 0.6459 0.5551 0.2528 0.8809
84 0.4647 0.5365 0.0065 0.0917
84 0.4608 0.3761 0.0679 0.0133
84 0.4761 0.5362 0.0053 0.0909
84 0.4371 0.5270 0.0135 0.1010
84 0.5043 0.5430 0.0087 0.0949
84 0.4540 0.5308 0.0249 0.1059
63 0.1406 0.8366 0.2810 0.3267
75 0.2453 0.6116 0.0445 0.0753
84 0.4705 0.5365 0.0059 0.0935
84 0.4278 0.5283 0.0124 0.0981
84 0.4876 0.5396 0.0099 0.0924
84 0.4981 0.5401 0.0136 0.0967
84 0.4980 0.5511 0.0050 0.0710
84 0.4581 0.3498 0.0569 0.0262
62 0.1419 0.8386 0.2818 0.3229
75 0.3398 0.6638 0.0340 0.0639
75 0.7295 0.5858 0.0238 0.1296
75 0.6835 0.5185 0.0180 0.0431
63 0.5196 0.8930 0.1154 0.2140
84 0.4613 0.3858 0.0659 0.0107
84 0.5141 0.5458 0.0187 0.1083
