51 0.9491 0.5548 0.0993 0.3060
51 0.7663 0.8679 0.3899 0.2642
53 0.7341 0.6805 0.0916 0.1288
53 0.7775 0.7492 0.0928 0.1433
53 0.7681 0.6949 0.3676 0.2433
53 0.5589 0.6281 0.2588 0.1474
53 0.2579 0.3192 0.1057 0.1206
1 0.8627 0.1601 0.0707 0.1550
1 0.8651 0.2595 0.1229 0.1461
51 0.5087 0.8116 0.1788 0.3742
53 0.2725 0.1838 0.1054 0.1354
53 0.2606 0.2665 0.1155 0.1067
53 0.2328 0.3924 0.1354 0.1141
53 0.0944 0.2430 0.1205 0.1315
53 0.2420 0.1061 0.1015 0.1422
53 0.1222 0.1312 0.1265 0.1325
53 0.1494 0.3521 0.1141 0.1833
53 0.0832 0.3848 0.1402 0.1581
53 0.5000 0.2635 0.9969 0.5129
