53 0.7743 0.8148 0.0648 0.0910
53 0.5974 0.1185 0.0385 0.0463
53 0.9214 0.1437 0.0411 0.0452
53 0.8187 0.1604 0.0366 0.0315
53 0.7661 0.7579 0.0891 0.0897
53 0.7563 0.6863 0.0556 0.0580
53 0.3720 0.6605 0.0440 0.0489
55 0.1447 0.3930 0.0189 0.0342
61 0.9171 0.7787 0.1657 0.3483
61 0.7534 0.6211 0.1258 0.1297
53 0.5730 0.5816 0.0509 0.0716
53 0.9775 0.6183 0.0449 0.0551
53 0.1815 0.5322 0.0513 0.0595
61 0.3958 0.7805 0.4094 0.3267
61 0.5815 0.6779 0.2357 0.2649
61 0.5961 0.3161 0.1801 0.0861
61 0.3637 0.1695 0.2603 0.3390
61 0.8129 0.2200 0.1068 0.1436
61 0.7832 0.8542 0.3867 0.2682
61 0.4145 0.6239 0.1277 0.1618
61 0.1993 0.6235 0.2004 0.2387
53 0.9619 0.6535 0.0761 0.0650
53 0.5859 0.6003 0.0438 0.0548
53 0.6214 0.5927 0.0448 0.0523
61 0.9107 0.2082 0.1076 0.1726
61 0.5133 0.2938 0.9703 0.4000
