3 0.7184 0.8294 0.0585 0.0707
3 0.3962 0.7795 0.0269 0.0337
3 0.5479 0.7839 0.0283 0.0369
3 0.1288 0.8400 0.1438 0.0634
3 0.4818 0.7910 0.0439 0.0729
3 0.4237 0.7783 0.0288 0.0324
3 0.5686 0.8057 0.0412 0.0302
10 0.4813 0.6528 0.0115 0.0331
10 0.3882 0.6221 0.0139 0.0358
8 0.9433 0.8454 0.1133 0.1472
8 0.4161 0.7961 0.0955 0.0702
8 0.4400 0.7725 0.0240 0.0407
8 0.3689 0.8457 0.1892 0.1118
8 0.5069 0.8047 0.0878 0.0586
8 0.3230 0.7742 0.0775 0.0340
8 0.3478 0.7715 0.0484 0.0426
1 0.6332 0.7699 0.0097 0.0223
1 0.5872 0.7749 0.0141 0.0316
