2 0.9187 0.7449 0.1480 0.1826
3 0.9819 0.5085 0.0355 0.1078
1 0.3114 0.7206 0.2231 0.5369
1 0.0791 0.7094 0.1540 0.5758
1 0.4959 0.6879 0.1158 0.4174
1 0.3934 0.5068 0.0681 0.1150
1 0.4317 0.5149 0.0910 0.2027
1 0.4039 0.7332 0.0780 0.3722
55 0.5552 0.5549 0.0125 0.0148
55 0.5901 0.5674 0.0150 0.0140
55 0.5873 0.5621 0.0681 0.0305
31 0.0883 0.6439 0.1332 0.2593
1 0.1640 0.6543 0.0587 0.3609
31 0.4602 0.6743 0.0181 0.0415
55 0.5519 0.5619 0.0148 0.0243
1 0.0691 0.4419 0.0384 0.0463
1 0.2543 0.4908 0.0447 0.0835
55 0.5641 0.5552 0.0059 0.0106
3 0.1715 0.4670 0.0399 0.0405
1 0.2116 0.7004 0.1174 0.5063
