4 0.4687 0.4683 0.6314 0.9366
1 0.8222 0.4027 0.1701 0.6989
1 0.0329 0.3772 0.0628 0.6644
1 0.6889 0.1322 0.0267 0.1564
1 0.7140 0.1492 0.0372 0.1604
1 0.7194 0.1439 0.0184 0.1630
1 0.7363 0.1386 0.0261 0.1684
1 0.7534 0.1426 0.0307 0.1756
1 0.7837 0.1201 0.0408 0.1454
1 0.8818 0.0983 0.0429 0.1019
1 0.6456 0.1392 0.0583 0.1881
3 0.8216 0.0528 0.0619 0.0449
8 0.2625 0.2185 0.4951 0.4302
8 0.9440 0.1736 0.1121 0.2697
1 0.6126 0.0962 0.0475 0.1073
1 0.8695 0.0676 0.0144 0.0293
31 0.7973 0.3064 0.0582 0.0404
1 0.8518 0.0671 0.0209 0.0421
1 0.5969 0.1000 0.0906 0.1482
