62 0.7784 0.6250 0.2706 0.4574
62 0.9679 0.7016 0.0612 0.5705
62 0.8661 0.4539 0.0667 0.1962
62 0.7879 0.4346 0.1014 0.1506
62 0.0890 0.5099 0.1279 0.2853
62 0.6770 0.4106 0.0779 0.0865
67 0.1828 0.8449 0.3478 0.2935
1 0.5667 0.5886 0.5307 0.8144
1 0.2660 0.4955 0.4177 0.6689
46 0.4406 0.7365 0.0639 0.2294
46 0.1415 0.8176 0.0742 0.2610
46 0.1985 0.6584 0.0426 0.1656
46 0.6098 0.9061 0.0900 0.1825
46 0.5034 0.8986 0.0841 0.1892
46 0.7329 0.9213 0.0957 0.1574
46 0.2432 0.6599 0.0457 0.1428
51 0.2373 0.7881 0.1240 0.1213
31 0.2511 0.5187 0.1484 0.2742
46 0.0956 0.6674 0.0528 0.1793
46 0.2603 0.9174 0.0949 0.1639
62 0.1149 0.3763 0.0755 0.0812
62 0.5793 0.3863 0.0411 0.0837
62 0.9604 0.5882 0.0792 0.4353
62 0.1760 0.3657 0.0411 0.0818
46 0.1442 0.6447 0.0506 0.1168
