44 0.7172 0.2491 0.0196 0.1178
44 0.7368 0.2642 0.0247 0.0978
44 0.7600 0.2617 0.0244 0.1043
44 0.7802 0.2626 0.0208 0.1025
44 0.8012 0.2657 0.0215 0.1019
44 0.8363 0.1479 0.0185 0.0996
44 0.9067 0.1615 0.0215 0.0951
44 0.8716 0.1539 0.0210 0.0955
44 0.8884 0.1606 0.0196 0.0890
44 0.8435 0.2710 0.0193 0.1032
44 0.8512 0.1508 0.0156 0.0956
82 0.4994 0.5652 0.2960 0.7556
44 0.7052 0.2680 0.0069 0.0904
64 0.5110 0.0937 0.1152 0.1791
46 0.7559 0.0586 0.0224 0.0775
46 0.7858 0.0442 0.0219 0.0558
46 0.8814 0.0668 0.0216 0.0876
46 0.8506 0.0516 0.0245 0.0732
46 0.7968 0.1571 0.0156 0.0649
46 0.7829 0.1561 0.0189 0.0607
46 0.7291 0.1489 0.0245 0.0535
46 0.7598 0.1579 0.0177 0.0506
46 0.8079 0.1576 0.0137 0.0652
46 0.7411 0.0539 0.0251 0.0753
46 0.8982 0.0638 0.0219 0.0600
46 0.8659 0.0576 0.0135 0.0662
44 0.8536 0.2700 0.0163 0.1085
46 0.7437 0.1541 0.0159 0.0476
46 0.7836 0.2427 0.1797 0.4854
44 0.8930 0.2698 0.0547 0.1146
