1 0.9118 0.7761 0.0820 0.1633
1 0.9661 0.7734 0.0679 0.1585
1 0.8455 0.7771 0.0855 0.1486
1 0.8208 0.7125 0.0288 0.0379
10 0.4485 0.2937 0.0539 0.0996
10 0.6837 0.5470 0.0579 0.1000
10 0.5777 0.4949 0.0731 0.1056
10 0.6172 0.3655 0.0567 0.1041
10 0.7390 0.4210 0.0531 0.0968
10 0.4174 0.3863 0.0622 0.0970
10 0.4086 0.5596 0.0489 0.0900
10 0.3290 0.4245 0.0855 0.1320
10 0.5240 0.2577 0.0693 0.1097
10 0.2893 0.4986 0.0675 0.0913
10 0.3529 0.5910 0.0952 0.1188
10 0.5768 0.5989 0.1018 0.1054
10 0.6532 0.3145 0.0483 0.0375
10 0.5327 0.4250 0.5841 0.4188
