44 0.4521 0.7577 0.2289 0.2768
44 0.6456 0.6002 0.2102 0.3288
44 0.8551 0.7663 0.2899 0.2966
44 0.6560 0.9237 0.2544 0.1527
44 0.2304 0.9014 0.2632 0.1971
50 0.0718 0.2339 0.1213 0.1310
58 0.3057 0.4444 0.3121 0.0370
58 0.3351 0.3613 0.2726 0.0507
58 0.7517 0.3740 0.3110 0.0425
58 0.3517 0.3106 0.2670 0.0432
58 0.3518 0.2732 0.2232 0.0390
58 0.3668 0.2581 0.2212 0.0286
58 0.3709 0.2447 0.2184 0.0249
58 0.7419 0.3457 0.2930 0.0423
44 0.2892 0.6097 0.2169 0.2837
58 0.3446 0.3311 0.2756 0.0472
58 0.4031 0.2409 0.2113 0.0300
58 0.7326 0.3223 0.2866 0.0344
