62 0.4255 0.8777 0.1907 0.2446
62 0.1361 0.8459 0.1855 0.2819
62 0.2892 0.6358 0.0535 0.1149
1 0.8761 0.6327 0.0880 0.2662
1 0.4629 0.5831 0.0270 0.0382
1 0.8002 0.6921 0.0917 0.1348
1 0.4611 0.7236 0.0634 0.0644
1 0.1380 0.6824 0.0692 0.0696
1 0.2879 0.5648 0.0229 0.0329
1 0.5982 0.5866 0.0681 0.0899
1 0.7296 0.5038 0.0152 0.0415
28 0.1367 0.4679 0.2734 0.2898
28 0.5839 0.5152 0.1862 0.1725
28 0.2793 0.4872 0.0759 0.0557
62 0.9486 0.6263 0.0540 0.0876
62 0.4730 0.6454 0.0723 0.0997
62 0.1755 0.6371 0.0548 0.0883
62 0.2179 0.6254 0.0415 0.1085
62 0.7647 0.6413 0.0288 0.1086
62 0.6810 0.6533 0.0585 0.1132
62 0.7315 0.6462 0.0393 0.1155
1 0.6863 0.5805 0.0215 0.0310
28 0.3946 0.5656 0.0386 0.2318
28 0.4405 0.5059 0.0619 0.0423
28 0.7658 0.5280 0.1165 0.0627
28 0.9021 0.4781 0.1958 0.1056
28 0.7098 0.4582 0.0571 0.0321
28 0.3866 0.4974 0.0801 0.0455
28 0.3260 0.5046 0.0575 0.0788
28 0.6764 0.5205 0.1068 0.0570
28 0.4584 0.4752 0.0380 0.0253
62 0.0894 0.6587 0.0926 0.1085
1 0.7351 0.5863 0.0515 0.0375
1 0.7434 0.5031 0.0113 0.0336
28 0.4232 0.4715 0.0570 0.0341
62 0.5334 0.7298 0.0899 0.1038
1 0.1618 0.8804 0.2624 0.2393
1 0.5987 0.6748 0.0934 0.1383
28 0.7969 0.4988 0.3406 0.1332
1 0.5633 0.6554 0.7203 0.3575
