37 0.2894 0.3492 0.0206 0.0302
1 0.5338 0.8023 0.0538 0.2931
1 0.4087 0.7588 0.0700 0.2833
1 0.3510 0.6846 0.0938 0.2397
1 0.4773 0.1801 0.0416 0.0536
1 0.0794 0.5910 0.0735 0.2220
1 0.4898 0.4495 0.0637 0.2250
1 0.5474 0.5377 0.0780 0.2296
1 0.5705 0.6571 0.0797 0.2517
1 0.9376 0.7090 0.0658 0.2695
1 0.2397 0.5970 0.0731 0.2069
1 0.7211 0.3683 0.0477 0.1378
62 0.1580 0.2112 0.0227 0.0246
62 0.3754 0.2004 0.0288 0.0683
62 0.1848 0.2099 0.0242 0.0212
62 0.2626 0.2171 0.0273 0.0268
62 0.4458 0.0431 0.0375 0.0472
62 0.4158 0.2337 0.0288 0.0262
62 0.4762 0.2455 0.0262 0.0347
62 0.9692 0.2822 0.0328 0.0355
62 0.7802 0.2993 0.0309 0.0353
62 0.2911 0.2186 0.0258 0.0225
62 0.1309 0.2127 0.0288 0.0291
1 0.3841 0.3913 0.0709 0.1959
1 0.5875 0.5521 0.0812 0.2686
62 0.4858 0.0682 0.0209 0.0121
62 0.2370 0.2157 0.0229 0.0238
62 0.5102 0.3736 0.9766 0.7472
1 0.5016 0.2323 0.9938 0.4647
