3 0.0419 0.7763 0.0839 0.2279
3 0.1655 0.7183 0.0940 0.1145
3 0.0660 0.6711 0.0499 0.0576
3 0.9729 0.7409 0.0542 0.1663
3 0.1567 0.6520 0.0721 0.0721
6 0.5097 0.5266 0.5852 0.6944
1 0.8886 0.6387 0.0306 0.0661
1 0.9121 0.7191 0.0499 0.2337
1 0.3875 0.6202 0.0276 0.0542
1 0.3447 0.6245 0.0170 0.0515
1 0.8346 0.6933 0.0377 0.1820
1 0.3107 0.6133 0.0337 0.0863
31 0.8880 0.7396 0.0274 0.0528
1 0.8500 0.6896 0.0216 0.1681
1 0.8000 0.6830 0.0285 0.1900
1 0.9519 0.6970 0.0456 0.2223
3 0.0920 0.6523 0.0649 0.0775
