62 0.6734 0.4514 0.0736 0.1401
67 0.6981 0.7659 0.6038 0.4449
1 0.2619 0.4989 0.5239 0.9976
1 0.7059 0.3848 0.0926 0.2285
47 0.5639 0.6243 0.0634 0.1304
48 0.9346 0.8719 0.1309 0.0764
48 0.4123 0.2126 0.2138 0.2137
49 0.8902 0.9134 0.1636 0.1613
49 0.9193 0.5735 0.0994 0.0117
51 0.7151 0.5285 0.0577 0.0515
56 0.7644 0.7982 0.0578 0.0822
84 0.8569 0.7185 0.2838 0.2042
1 0.3607 0.3657 0.0915 0.2442
1 0.9614 0.2696 0.0772 0.2359
47 0.3205 0.5702 0.0475 0.0834
47 0.6208 0.5288 0.0440 0.0882
47 0.7153 0.5280 0.0575 0.0529
62 0.4718 0.4542 0.0400 0.0638
62 0.4931 0.4309 0.0427 0.1089
1 0.8420 0.3348 0.2561 0.4674
62 0.9801 0.4702 0.0380 0.1786
