64 0.6226 0.2175 0.3597 0.4205
44 0.6217 0.5430 0.0356 0.2548
47 0.1304 0.8054 0.0865 0.1135
47 0.2320 0.7812 0.0847 0.1058
47 0.4724 0.9037 0.0503 0.0745
61 0.8129 0.5203 0.1588 0.1369
47 0.2134 0.6407 0.0359 0.0400
62 0.0660 0.5467 0.1277 0.3504
67 0.5000 0.7944 1.0000 0.4112
86 0.3940 0.4577 0.0261 0.0481
61 0.7969 0.7580 0.1690 0.1333
62 0.6856 0.5053 0.1763 0.2719
64 0.4449 0.4182 0.1835 0.7428
64 0.9437 0.5718 0.1127 0.3011
86 0.4727 0.7065 0.1403 0.1870
16 0.9184 0.2845 0.1632 0.2435
1 0.1239 0.5574 0.2074 0.4259
