2 0.6673 0.7755 0.0815 0.1655
3 0.3027 0.7543 0.4155 0.2435
3 0.8520 0.7078 0.2960 0.3165
3 0.8905 0.6155 0.1225 0.1053
3 0.0307 0.7521 0.0613 0.1211
3 0.7213 0.6071 0.0406 0.0582
6 0.4758 0.5714 0.3676 0.4172
1 0.2286 0.7354 0.1634 0.3820
1 0.5500 0.7161 0.1075 0.3484
1 0.6657 0.6810 0.0847 0.3038
1 0.8165 0.6003 0.0852 0.1683
1 0.7444 0.6317 0.0362 0.1304
1 0.1150 0.7186 0.0431 0.1245
10 0.6210 0.2593 0.0210 0.0814
10 0.6820 0.2452 0.0237 0.0839
1 0.5867 0.5540 0.0456 0.0579
1 0.3042 0.7062 0.0392 0.0690
1 0.3771 0.6946 0.0607 0.0658
2 0.1550 0.8967 0.3100 0.2065
2 0.7448 0.6690 0.0130 0.0599
2 0.1188 0.7351 0.0321 0.0755
3 0.7524 0.6261 0.0494 0.0684
3 0.1395 0.7331 0.0276 0.0886
3 0.6967 0.6341 0.0404 0.0750
10 0.6703 0.4844 0.0202 0.0576
1 0.9153 0.5562 0.0156 0.0234
2 0.8408 0.6454 0.0356 0.0452
6 0.8280 0.5620 0.0270 0.0404
2 0.5518 0.8021 0.1275 0.2566
