16 0.5238 0.5999 0.0207 0.0154
16 0.4096 0.6288 0.0133 0.0231
16 0.4124 0.6208 0.0264 0.0182
16 0.5430 0.6065 0.0181 0.0164
16 0.5661 0.6131 0.0111 0.0183
16 0.6231 0.5906 0.0116 0.0133
16 0.6474 0.5947 0.0189 0.0122
16 0.7718 0.6022 0.0160 0.0127
16 0.8173 0.5978 0.0212 0.0146
16 0.4674 0.6007 0.0175 0.0115
16 0.6915 0.6024 0.0224 0.0161
16 0.7288 0.5982 0.0180 0.0123
16 0.8839 0.5963 0.0201 0.0175
16 0.5869 0.5943 0.0175 0.0110
9 0.5207 0.5119 0.0703 0.0077
9 0.7508 0.4719 0.4904 0.0764
1 0.2344 0.6875 0.3071 0.6056
1 0.8539 0.6258 0.0321 0.1182
9 0.1851 0.4604 0.0913 0.0352
9 0.4622 0.4703 0.1057 0.0409
9 0.4544 0.5110 0.0669 0.0114
9 0.5528 0.4474 0.0755 0.0179
18 0.8549 0.6566 0.0527 0.0535
9 0.1304 0.4412 0.0376 0.0314
9 0.5722 0.4258 0.0782 0.0215
16 0.5828 0.6156 0.4469 0.0688
