16 0.7603 0.4390 0.0341 0.0159
62 0.4114 0.8305 0.0715 0.0813
62 0.1892 0.6030 0.0373 0.0531
28 0.4592 0.5803 0.2057 0.0947
28 0.2577 0.4981 0.0966 0.0351
28 0.3364 0.5236 0.0772 0.0709
28 0.4525 0.5258 0.1179 0.0463
28 0.4911 0.5097 0.0692 0.0357
28 0.7349 0.5058 0.1342 0.0492
37 0.4150 0.6584 0.0331 0.0418
42 0.5096 0.8169 0.0917 0.0150
42 0.0617 0.7930 0.1153 0.0334
1 0.1061 0.5817 0.0112 0.0157
1 0.5087 0.7770 0.1600 0.0648
1 0.7484 0.6650 0.0768 0.2621
1 0.8789 0.6761 0.0600 0.1184
1 0.8559 0.5522 0.0132 0.0351
1 0.9133 0.5431 0.0175 0.0422
1 0.8927 0.5509 0.0385 0.0430
1 0.9716 0.5508 0.0234 0.1139
1 0.6843 0.6178 0.0598 0.1048
1 0.2686 0.5703 0.0242 0.0655
62 0.4913 0.7907 0.0468 0.0393
62 0.9580 0.6350 0.0597 0.0641
62 0.8595 0.6874 0.0588 0.0925
62 0.6690 0.6268 0.0458 0.0848
1 0.9687 0.6337 0.0627 0.0713
1 0.3300 0.6392 0.0442 0.0650
27 0.8435 0.7161 0.0454 0.0517
31 0.0468 0.7391 0.0285 0.0394
31 0.3578 0.6588 0.0498 0.0248
42 0.2237 0.7628 0.0458 0.0302
62 0.5633 0.5663 0.0487 0.0579
62 0.2687 0.5860 0.0220 0.0671
62 0.4794 0.7949 0.0768 0.1221
62 0.8144 0.6820 0.0341 0.0581
62 0.6493 0.5799 0.0305 0.0501
1 0.3769 0.8097 0.1197 0.1275
28 0.5991 0.5001 0.0808 0.0299
28 0.1852 0.5520 0.0799 0.0333
62 0.6989 0.5679 0.0256 0.0386
1 0.5000 0.6219 0.9969 0.2562
