16 0.2729 0.4871 0.0218 0.0669
16 0.3044 0.5358 0.0200 0.0377
16 0.5521 0.5176 0.0459 0.0516
16 0.6326 0.3447 0.0528 0.0631
16 0.6603 0.4676 0.0390 0.0436
16 0.4257 0.3114 0.1028 0.1266
16 0.5275 0.6677 0.0644 0.0968
16 0.8014 0.5676 0.0834 0.0926
16 0.9509 0.2783 0.0981 0.1276
16 0.5824 0.2342 0.0747 0.0859
16 0.7270 0.3038 0.0612 0.1241
16 0.7990 0.3665 0.0625 0.0727
16 0.8326 0.5224 0.0783 0.0758
16 0.7599 0.8628 0.0495 0.0744
85 0.1010 0.5373 0.0324 0.0496
16 0.3858 0.1685 0.0375 0.1021
16 0.5422 0.4988 0.9125 0.9977
