3 0.1628 0.6210 0.0808 0.0864
6 0.5191 0.4854 0.6573 0.7416
8 0.9238 0.5873 0.1525 0.4036
1 0.5368 0.2435 0.0548 0.0639
1 0.4017 0.2889 0.0252 0.0433
1 0.3667 0.3044 0.0322 0.0386
1 0.4339 0.2760 0.0384 0.0583
1 0.4374 0.5504 0.0442 0.0527
2 0.0180 0.6225 0.0206 0.0541
8 0.1038 0.5977 0.0833 0.0920
8 0.0232 0.5552 0.0464 0.0755
8 0.1851 0.5729 0.0665 0.0529
1 0.2490 0.3415 0.0144 0.0321
1 0.4698 0.2653 0.0250 0.0565
1 0.3154 0.3239 0.0192 0.0295
1 0.2723 0.3348 0.0243 0.0404
1 0.1841 0.5661 0.0179 0.0280
3 0.0145 0.5938 0.0285 0.0398
1 0.1771 0.5633 0.0074 0.0227
1 0.2013 0.5844 0.0120 0.0594
