8 0.8577 0.4564 0.1819 0.2559
8 0.4289 0.6255 0.3523 0.4697
33 0.3772 0.6158 0.0712 0.0351
33 0.3589 0.6559 0.0529 0.0612
33 0.4275 0.5835 0.0356 0.0408
33 0.4692 0.5935 0.0541 0.0445
33 0.4341 0.5192 0.0728 0.0523
33 0.5325 0.5665 0.0310 0.0628
33 0.5263 0.5735 0.0214 0.0534
33 0.5450 0.5498 0.0385 0.0671
33 0.2985 0.6737 0.0704 0.0193
33 0.3931 0.7078 0.0530 0.0908
33 0.4389 0.6525 0.0621 0.0472
1 0.8781 0.4600 0.0413 0.0565
1 0.5241 0.4359 0.0264 0.0297
33 0.5769 0.5322 0.0127 0.0638
33 0.3634 0.5758 0.0572 0.0320
33 0.4250 0.6093 0.2940 0.3280
