2 0.8900 0.9280 0.0592 0.0354
85 0.7091 0.2732 0.0612 0.0275
85 0.3093 0.2838 0.0616 0.0303
27 0.7367 0.9032 0.0368 0.0363
27 0.7849 0.9107 0.0269 0.0229
1 0.5079 0.9152 0.0247 0.0530
1 0.5473 0.9134 0.0281 0.0537
1 0.6613 0.9134 0.0325 0.0547
1 0.3490 0.9132 0.0273 0.0469
1 0.7055 0.9138 0.0316 0.0536
1 0.5330 0.9088 0.0209 0.0598
1 0.8523 0.9176 0.0527 0.0856
1 0.8027 0.9195 0.0478 0.0805
1 0.7444 0.9173 0.0473 0.0801
1 0.5133 0.8818 0.0134 0.0150
1 0.5939 0.9178 0.0290 0.0554
2 0.6379 0.9279 0.0264 0.0152
1 0.4815 0.9129 0.0288 0.0500
1 0.4565 0.9144 0.0362 0.0502
1 0.5337 0.9047 0.7349 0.0906
