72 0.8065 0.1719 0.2107 0.2629
73 0.8041 0.5135 0.1790 0.2185
76 0.7923 0.5487 0.1235 0.0825
84 0.1815 0.0739 0.3630 0.1479
84 0.2710 0.6389 0.0407 0.1361
84 0.5752 0.1462 0.0151 0.1538
84 0.6400 0.3873 0.0155 0.1204
84 0.3093 0.7897 0.0614 0.0943
84 0.1736 0.7092 0.0587 0.0828
84 0.1997 0.6727 0.0725 0.0966
84 0.3215 0.6034 0.0407 0.1619
84 0.3632 0.5831 0.0354 0.1461
84 0.3859 0.5693 0.0213 0.1549
84 0.3646 0.7168 0.0386 0.0549
84 0.3356 0.7638 0.0533 0.0879
84 0.2938 0.7988 0.0696 0.0936
84 0.2324 0.6485 0.0712 0.1409
65 0.5811 0.7383 0.8262 0.4870
72 0.8127 0.4842 0.1568 0.1509
84 0.5289 0.4688 0.9391 0.9375
