3 0.9415 0.6984 0.1171 0.2903
1 0.3358 0.5225 0.3256 0.6225
1 0.5865 0.5175 0.2784 0.5738
1 0.7706 0.5639 0.2035 0.6210
1 0.5578 0.3223 0.0707 0.1298
1 0.0450 0.3373 0.0899 0.2119
1 0.4705 0.3030 0.0611 0.0747
1 0.8562 0.3078 0.0621 0.0678
1 0.2135 0.3003 0.1400 0.1474
14 0.6170 0.5064 0.1554 0.2665
14 0.7869 0.5157 0.1628 0.2584
1 0.8991 0.3693 0.0653 0.1545
1 0.1690 0.3270 0.0632 0.2016
1 0.2976 0.2679 0.0762 0.0837
1 0.4336 0.2970 0.0537 0.0552
32 0.6200 0.3531 0.0346 0.0407
32 0.7147 0.3745 0.0411 0.0328
4 0.2175 0.6174 0.4298 0.3870
1 0.0905 0.3332 0.0614 0.2005
1 0.6745 0.5992 0.6462 0.6859
