32 0.5310 0.5939 0.0314 0.4115
32 0.1878 0.6021 0.0198 0.0759
1 0.5173 0.5848 0.3539 0.8303
1 0.1910 0.5971 0.2270 0.4634
1 0.8381 0.6135 0.2429 0.4225
1 0.6604 0.1326 0.0876 0.1313
1 0.3120 0.1952 0.1094 0.2667
1 0.7323 0.5244 0.0759 0.2854
1 0.6774 0.3723 0.0729 0.1870
1 0.0712 0.3475 0.1425 0.2503
77 0.2129 0.6357 0.0294 0.0222
77 0.0472 0.0888 0.0259 0.0629
1 0.1390 0.1959 0.1488 0.3896
1 0.8606 0.7678 0.2424 0.2995
1 0.6419 0.2533 0.0980 0.1819
77 0.7545 0.7506 0.0318 0.0346
1 0.1955 0.3351 0.0703 0.0938
1 0.8358 0.1729 0.0761 0.2161
1 0.4992 0.4321 0.9984 0.8642
