1 0.7498 0.9661 0.1242 0.0671
47 0.7295 0.7411 0.0512 0.0917
47 0.9381 0.5765 0.0578 0.1284
47 0.9407 0.4281 0.0553 0.1259
47 0.7788 0.5364 0.0565 0.1458
60 0.7405 0.9088 0.0345 0.0209
60 0.3043 0.4454 0.1071 0.1604
60 0.9499 0.9025 0.0317 0.0243
60 0.9487 0.8886 0.0373 0.0354
60 0.7399 0.8659 0.0306 0.0310
60 0.8743 0.9030 0.0204 0.0280
60 0.8864 0.9047 0.0158 0.0257
60 0.8932 0.8943 0.0257 0.0456
60 0.9135 0.8848 0.0113 0.0178
60 0.6109 0.8854 0.0230 0.0195
60 0.6014 0.9029 0.0136 0.0149
60 0.8919 0.6179 0.0759 0.0783
