28 0.2947 0.8700 0.0963 0.0369
38 0.4916 0.0932 0.0706 0.0913
38 0.5597 0.3317 0.0273 0.0128
38 0.5029 0.2428 0.0065 0.0051
38 0.7990 0.2921 0.0280 0.0180
38 0.4682 0.5060 0.0130 0.0139
1 0.1891 0.9554 0.0425 0.0876
1 0.9530 0.9494 0.0451 0.1012
1 0.3954 0.9833 0.0372 0.0334
1 0.4491 0.9566 0.0301 0.0869
1 0.4983 0.9453 0.0392 0.1094
1 0.6668 0.9155 0.0159 0.0656
1 0.8166 0.9346 0.0150 0.0786
1 0.3697 0.8706 0.0145 0.0387
1 0.4540 0.8560 0.0082 0.0338
1 0.7084 0.9398 0.0345 0.0876
1 0.5675 0.9216 0.0190 0.0370
1 0.6335 0.9340 0.0190 0.0663
28 0.4152 0.8275 0.0279 0.0111
38 0.5523 0.3010 0.2416 0.0580
38 0.1947 0.3799 0.0081 0.0118
38 0.0387 0.4574 0.0222 0.0178
38 0.5418 0.4389 0.0147 0.0182
38 0.2941 0.3483 0.0181 0.0204
28 0.4706 0.8258 0.0165 0.0130
31 0.1841 0.9254 0.0057 0.0113
38 0.5630 0.5096 0.0194 0.0143
38 0.2042 0.5481 0.0289 0.0150
1 0.7751 0.9771 0.0543 0.0458
28 0.8585 0.9806 0.0630 0.0388
28 0.0346 0.8620 0.0224 0.0143
38 0.1982 0.5191 0.0120 0.0085
1 0.8047 0.8888 0.1531 0.1241
38 0.6609 0.4040 0.5219 0.4988
