6 0.6375 0.5054 0.4392 0.6800
10 0.4038 0.4437 0.0312 0.0294
1 0.9752 0.7165 0.0449 0.1607
1 0.3313 0.6882 0.0603 0.2792
1 0.2624 0.6944 0.0789 0.3101
1 0.1977 0.6935 0.0628 0.3264
1 0.1715 0.6932 0.0664 0.3498
1 0.1319 0.7104 0.0559 0.3343
1 0.0318 0.7130 0.0637 0.4062
1 0.0188 0.7118 0.0376 0.3872
1 0.9527 0.6654 0.0335 0.1341
1 0.5060 0.3937 0.0527 0.0656
6 0.8874 0.6203 0.0706 0.1749
1 0.0928 0.7162 0.0820 0.3525
1 0.3749 0.6918 0.0513 0.2388
1 0.9895 0.6494 0.0210 0.1007
1 0.1781 0.7222 0.2719 0.2593
