67 0.3386 0.9513 0.6412 0.0973
67 0.1098 0.3686 0.2196 0.0737
1 0.9587 0.1644 0.0811 0.0930
1 0.2661 0.1647 0.1135 0.0934
50 0.5172 0.5078 0.1098 0.0480
51 0.2029 0.3450 0.1900 0.0694
52 0.7406 0.8361 0.4671 0.1726
1 0.1024 0.1676 0.1272 0.1167
1 0.2052 0.2109 0.1588 0.2067
47 0.3123 0.3204 0.0611 0.0776
50 0.1986 0.3533 0.0926 0.0264
50 0.2163 0.3508 0.0251 0.0531
51 0.0949 0.2175 0.0450 0.0172
67 0.0913 0.2362 0.1220 0.0209
1 0.7670 0.1562 0.1438 0.1146
1 0.4824 0.5112 0.9648 0.9326
1 0.8908 0.1686 0.1296 0.1044
67 0.8896 0.9584 0.2208 0.0469
