1 0.5184 0.5787 0.1267 0.6719
1 0.8035 0.6370 0.0773 0.4201
1 0.4010 0.6088 0.0711 0.4392
1 0.2822 0.6580 0.0543 0.2064
1 0.1012 0.5929 0.0694 0.3790
38 0.5703 0.2443 0.2586 0.0629
38 0.2816 0.3016 0.0308 0.0473
38 0.6502 0.1301 0.0443 0.0393
38 0.3618 0.2822 0.0113 0.0161
1 0.0241 0.5895 0.0456 0.3708
1 0.6331 0.6626 0.0322 0.1392
1 0.1482 0.6159 0.0407 0.3065
38 0.3256 0.4425 0.0059 0.0139
1 0.3334 0.6129 0.0785 0.2933
1 0.9441 0.6768 0.0657 0.2969
1 0.7038 0.6587 0.0202 0.1190
38 0.7789 0.3802 0.0102 0.0185
38 0.7369 0.5745 0.0134 0.0280
38 0.7307 0.2216 0.0277 0.0192
38 0.7831 0.3816 0.0050 0.0156
38 0.4442 0.3714 0.0189 0.0138
