62 0.9536 0.5548 0.0927 0.2188
62 0.2118 0.7443 0.1758 0.3677
62 0.5506 0.5436 0.1374 0.0861
62 0.4202 0.8411 0.2330 0.3178
62 0.7576 0.8238 0.2358 0.3523
62 0.8679 0.5972 0.1506 0.2313
62 0.9563 0.3878 0.0689 0.1297
62 0.8009 0.3616 0.0359 0.0660
67 0.9747 0.3590 0.0506 0.0194
1 0.7032 0.4831 0.1343 0.5573
34 0.7082 0.3787 0.0804 0.1077
67 0.9822 0.4931 0.0355 0.0392
28 0.9113 0.2482 0.0283 0.1069
28 0.7938 0.2493 0.1182 0.1383
28 0.8261 0.2356 0.0431 0.1426
62 0.9120 0.3853 0.0531 0.0921
62 0.8717 0.3413 0.0267 0.0543
62 0.8572 0.3271 0.0186 0.0315
67 0.9406 0.3533 0.0298 0.0117
67 0.4840 0.6343 0.3315 0.1395
28 0.9275 0.0469 0.1449 0.0657
62 0.8450 0.3564 0.0260 0.0440
62 0.7990 0.3151 0.0240 0.0114
62 0.8383 0.4278 0.1672 0.2531
