1 0.5344 0.7933 0.0643 0.3075
1 0.3449 0.7846 0.0578 0.2574
1 0.2106 0.7769 0.0743 0.3439
1 0.3948 0.7850 0.0528 0.2257
1 0.7758 0.7881 0.0402 0.2191
1 0.6734 0.7842 0.0402 0.1839
38 0.8064 0.2462 0.3873 0.1136
38 0.0815 0.1195 0.1020 0.0537
38 0.6667 0.7073 0.0938 0.1866
38 0.0173 0.6094 0.0346 0.1459
38 0.4416 0.7997 0.0547 0.1169
38 0.1988 0.8027 0.1236 0.2950
38 0.7520 0.7836 0.0304 0.2192
1 0.9298 0.7836 0.0253 0.1466
1 0.0150 0.7270 0.0210 0.0427
1 0.8459 0.7720 0.0405 0.1864
1 0.7168 0.7804 0.0525 0.1961
1 0.8661 0.7107 0.0097 0.0181
38 0.3379 0.7882 0.0972 0.2531
38 0.4537 0.5287 0.1633 0.1798
38 0.9317 0.7919 0.0917 0.1289
38 0.9234 0.6386 0.1532 0.1321
1 0.9092 0.7236 0.0225 0.0302
38 0.6789 0.5518 0.0165 0.0197
1 0.2983 0.7567 0.0261 0.1294
38 0.5328 0.7173 0.1656 0.4533
1 0.4688 0.7839 0.8844 0.2827
