37 0.6322 0.6944 0.0088 0.0104
40 0.7121 0.7148 0.0399 0.0382
1 0.3959 0.4915 0.0243 0.0338
1 0.6461 0.5984 0.0497 0.1860
1 0.9349 0.5468 0.0291 0.0522
1 0.9641 0.5451 0.0266 0.0555
1 0.9874 0.5457 0.0245 0.0483
1 0.3348 0.5768 0.0313 0.0596
1 0.1665 0.5647 0.0528 0.0961
1 0.2094 0.5549 0.0415 0.1111
1 0.1159 0.5665 0.0429 0.0975
1 0.6667 0.8148 0.1293 0.3265
1 0.0565 0.5697 0.0455 0.1011
1 0.2649 0.4176 0.0295 0.0474
40 0.6306 0.5951 0.0162 0.0255
1 0.0229 0.5686 0.0360 0.0968
1 0.5000 0.3646 0.9969 0.4750
