64 0.9773 0.4043 0.0222 0.0791
62 0.9400 0.6452 0.0858 0.3640
62 0.8749 0.5076 0.0740 0.2225
62 0.7985 0.5745 0.1021 0.3290
67 0.9085 0.5595 0.1447 0.3596
90 0.3815 0.4616 0.0196 0.0070
44 0.4681 0.4031 0.0109 0.0874
44 0.1647 0.4177 0.0105 0.0491
47 0.3735 0.6388 0.0295 0.0698
47 0.5029 0.5201 0.0462 0.0993
50 0.1816 0.5179 0.0137 0.0180
50 0.1808 0.4539 0.0202 0.0360
51 0.4399 0.6493 0.0304 0.0828
81 0.2881 0.4889 0.0758 0.0246
81 0.2164 0.5046 0.0761 0.0362
44 0.4432 0.4080 0.0118 0.0691
46 0.4598 0.1452 0.0107 0.0552
47 0.4845 0.1565 0.0124 0.0308
47 0.4924 0.2267 0.0086 0.0183
67 0.4989 0.7355 0.4317 0.5290
47 0.4765 0.1583 0.0043 0.0319
44 0.3254 0.4386 0.0154 0.0761
51 0.4587 0.2902 0.0158 0.0173
