16 0.8081 0.1272 0.0321 0.0227
16 0.8089 0.1948 0.0167 0.0292
16 0.8518 0.6702 0.0255 0.0508
16 0.8044 0.4974 0.0183 0.0369
16 0.8053 0.6618 0.0422 0.0461
16 0.8593 0.6526 0.0181 0.0324
16 0.7251 0.3352 0.0209 0.0221
16 0.7176 0.3626 0.0142 0.0180
16 0.9177 0.1122 0.0178 0.0323
16 0.7026 0.3597 0.0183 0.0224
1 0.5492 0.6551 0.1251 0.6629
1 0.1321 0.6489 0.1934 0.6854
1 0.9209 0.6652 0.1581 0.6472
1 0.0476 0.6823 0.0800 0.6072
1 0.2642 0.7457 0.1289 0.4854
1 0.4311 0.5302 0.1099 0.3517
16 0.8617 0.3850 0.0117 0.0162
16 0.8600 0.2885 0.0131 0.0278
31 0.8894 0.7372 0.1001 0.3917
31 0.2067 0.6881 0.0341 0.3663
16 0.8684 0.1219 0.0121 0.0263
18 0.0296 0.7043 0.0509 0.1746
85 0.5241 0.8977 0.0070 0.0162
1 0.2689 0.4079 0.0314 0.1494
1 0.0187 0.5211 0.0375 0.2543
16 0.9160 0.2916 0.0215 0.0185
16 0.7797 0.5806 0.3906 0.8333
