10 0.3151 0.3518 0.0477 0.0937
10 0.3231 0.5392 0.0478 0.0930
31 0.0233 0.7803 0.0467 0.0743
3 0.2014 0.7020 0.0912 0.0452
3 0.2821 0.7001 0.0650 0.0330
3 0.3784 0.7020 0.0917 0.0439
1 0.0194 0.8464 0.0327 0.1448
3 0.0500 0.7053 0.0487 0.0525
3 0.5265 0.6936 0.0743 0.0534
3 0.9629 0.6938 0.0642 0.0395
3 0.4555 0.6944 0.0737 0.0327
3 0.4971 0.6866 0.0257 0.0206
3 0.9047 0.6954 0.0297 0.0403
3 0.7685 0.6998 0.0399 0.0481
3 0.4022 0.6799 0.1017 0.0191
3 0.3222 0.6849 0.0498 0.0153
3 0.0072 0.6820 0.0130 0.0225
1 0.0268 0.7264 0.0527 0.1119
3 0.5333 0.6950 0.7360 0.0820
