36 0.5727 0.6895 0.4460 0.0386
36 0.1306 0.7876 0.2612 0.3977
27 0.6879 0.3774 0.0798 0.0971
27 0.7936 0.3493 0.0620 0.1038
1 0.5383 0.4084 0.3100 0.5939
1 0.1119 0.5955 0.2205 0.8090
1 0.7407 0.3680 0.0668 0.2133
1 0.9481 0.4040 0.0931 0.3424
1 0.8195 0.2715 0.0522 0.0939
1 0.2366 0.4247 0.0814 0.1156
1 0.3123 0.4301 0.0648 0.1017
1 0.3706 0.4155 0.0555 0.1351
1 0.8055 0.4087 0.0952 0.3213
1 0.8658 0.4006 0.0853 0.3451
1 0.6020 0.3877 0.0762 0.1791
1 0.6813 0.4248 0.0649 0.0985
1 0.1797 0.4123 0.0464 0.1238
1 0.5648 0.3458 0.8672 0.3125
