7 0.6579 0.4584 0.2030 0.3575
7 0.4770 0.4679 0.1684 0.3084
1 0.2279 0.5188 0.0318 0.1484
1 0.1678 0.5167 0.0316 0.1796
1 0.4444 0.5585 0.0338 0.1605
1 0.1131 0.5268 0.0292 0.1786
1 0.2578 0.4921 0.0241 0.1261
33 0.2396 0.5420 0.0161 0.0403
33 0.2591 0.5635 0.0290 0.0858
33 0.3938 0.5356 0.0075 0.0373
33 0.1242 0.5613 0.0251 0.1067
1 0.3014 0.5021 0.0167 0.1355
1 0.0172 0.5201 0.0344 0.2286
1 0.3715 0.4937 0.0252 0.0957
1 0.3177 0.5113 0.0250 0.1356
1 0.2068 0.5025 0.0214 0.1198
1 0.0478 0.5130 0.0318 0.1753
