2 0.1719 0.8312 0.2354 0.3376
2 0.5741 0.8475 0.3268 0.3051
3 0.4531 0.6627 0.0790 0.0703
3 0.3364 0.6724 0.0612 0.0566
1 0.5972 0.6130 0.2747 0.7687
1 0.1406 0.5798 0.2772 0.7955
1 0.3057 0.6674 0.0219 0.0692
1 0.4010 0.6621 0.0073 0.0312
3 0.7805 0.6631 0.0502 0.0370
3 0.8652 0.6609 0.2696 0.0403
11 0.4691 0.8936 0.2344 0.2128
27 0.6475 0.5465 0.1908 0.3230
27 0.1435 0.4674 0.0800 0.2427
1 0.8629 0.6564 0.0174 0.0392
3 0.2860 0.6651 0.0198 0.0287
3 0.2610 0.6665 0.0444 0.0891
1 0.0217 0.5519 0.0435 0.1403
