72 0.2437 0.4844 0.2327 0.2046
63 0.5823 0.9017 0.8323 0.1763
1 0.3708 0.6764 0.1382 0.4450
1 0.1552 0.6473 0.1561 0.3582
1 0.8933 0.6820 0.1517 0.3079
1 0.6160 0.6297 0.1129 0.3793
85 0.7109 0.1315 0.0962 0.1363
84 0.0415 0.2990 0.0180 0.0729
84 0.0657 0.2989 0.0202 0.0764
1 0.0941 0.8744 0.1882 0.2512
1 0.9402 0.5798 0.1195 0.1617
1 0.9355 0.7717 0.1289 0.1407
62 0.1053 0.7899 0.2073 0.3843
84 0.0595 0.4745 0.0494 0.0808
84 0.3971 0.3907 0.0435 0.0592
84 0.3957 0.4669 0.0391 0.0511
84 0.4576 0.4709 0.0448 0.0380
84 0.4623 0.3028 0.0106 0.0599
84 0.4741 0.2990 0.0052 0.0347
84 0.0500 0.2137 0.0061 0.0591
84 0.0605 0.2166 0.0075 0.0574
84 0.0661 0.2171 0.0061 0.0583
84 0.0536 0.3026 0.0085 0.0682
84 0.0435 0.3898 0.0058 0.0546
64 0.7764 0.5832 0.0618 0.0950
