39 0.5463 0.2584 0.0947 0.1798
40 0.1955 0.7604 0.0885 0.1282
1 0.1797 0.1413 0.0958 0.2010
1 0.1205 0.7394 0.2410 0.4256
1 0.4456 0.5640 0.3862 0.7775
1 0.4757 0.1341 0.0525 0.1921
1 0.2633 0.1415 0.1086 0.1905
1 0.9201 0.1074 0.0770 0.1869
1 0.3706 0.1184 0.1491 0.2359
1 0.4336 0.1507 0.1083 0.1714
1 0.1354 0.1457 0.0793 0.1975
1 0.9519 0.1791 0.0583 0.0532
1 0.7619 0.0699 0.0414 0.0756
1 0.0439 0.1223 0.0841 0.2447
1 0.6920 0.1261 0.1318 0.1783
32 0.9111 0.1317 0.0273 0.0935
1 0.4562 0.1273 0.9125 0.2500
