1 0.5657 0.5971 0.0137 0.0328
1 0.6552 0.5714 0.0107 0.0406
1 0.8152 0.7008 0.0202 0.0487
1 0.8065 0.6940 0.0109 0.0638
1 0.5053 0.5892 0.0126 0.0265
1 0.6137 0.6087 0.0098 0.0391
1 0.6338 0.5556 0.0093 0.0317
1 0.0620 0.6002 0.0061 0.0190
1 0.0565 0.5472 0.0061 0.0113
38 0.6253 0.2324 0.0329 0.0615
38 0.4142 0.2457 0.0214 0.0442
38 0.5353 0.0538 0.0395 0.0634
38 0.0477 0.1383 0.0352 0.0632
38 0.1445 0.3400 0.0174 0.0355
38 0.2220 0.3528 0.0141 0.0334
38 0.1841 0.3373 0.0350 0.0356
38 0.3465 0.2823 0.0251 0.0361
38 0.9061 0.1978 0.0406 0.0949
38 0.3196 0.2849 0.0180 0.0379
38 0.7361 0.2842 0.0307 0.0649
38 0.1849 0.2816 0.0192 0.0305
1 0.4249 0.5863 0.0074 0.0264
1 0.4767 0.5471 0.0034 0.0182
1 0.9132 0.5926 0.0112 0.0279
1 0.6988 0.5547 0.0052 0.0239
38 0.4256 0.4013 0.0275 0.0801
1 0.4550 0.5841 0.9060 0.1778
38 0.3900 0.3381 0.7800 0.2635
