46 0.6809 0.7929 0.1643 0.2533
47 0.8700 0.3944 0.0634 0.0887
59 0.2808 0.8052 0.5616 0.3649
1 0.4419 0.4000 0.6322 0.5393
1 0.8408 0.2616 0.3185 0.2876
1 0.0914 0.4449 0.1768 0.3550
1 0.1974 0.2480 0.1744 0.2229
1 0.3582 0.1183 0.1263 0.0372
1 0.5728 0.2192 0.1504 0.1947
1 0.4572 0.1728 0.0587 0.0578
1 0.5258 0.1630 0.0761 0.1196
47 0.5870 0.3260 0.0465 0.0270
47 0.6719 0.3261 0.0612 0.0652
67 0.8146 0.4236 0.3708 0.1910
67 0.6697 0.8214 0.6502 0.3348
1 0.7876 0.6377 0.4248 0.1720
1 0.0386 0.2079 0.0772 0.1342
49 0.7636 0.4303 0.0943 0.0155
