63 0.6745 0.3098 0.4497 0.1906
1 0.3986 0.4711 0.4002 0.6592
1 0.4658 0.2867 0.1191 0.2319
1 0.1711 0.3697 0.1301 0.4003
1 0.6343 0.2460 0.0808 0.1155
1 0.8390 0.2394 0.0862 0.1090
1 0.9542 0.3011 0.0916 0.2562
77 0.5909 0.2638 0.0317 0.1314
47 0.5213 0.8872 0.0949 0.2223
73 0.6933 0.7121 0.2650 0.3506
1 0.1259 0.2629 0.0544 0.1817
27 0.6784 0.2451 0.0704 0.0887
62 0.4329 0.3882 0.0840 0.1317
67 0.6234 0.3228 0.2795 0.0470
67 0.0598 0.3607 0.0927 0.1236
67 0.5452 0.8876 0.5376 0.1933
73 0.9663 0.5349 0.0673 0.2272
73 0.8747 0.8209 0.2506 0.3582
62 0.1072 0.4476 0.0167 0.0985
62 0.0499 0.3186 0.0285 0.0058
67 0.0617 0.4835 0.1234 0.1251
1 0.8827 0.3038 0.0359 0.0296
1 0.9050 0.2281 0.0670 0.1130
47 0.0884 0.3271 0.0303 0.0381
