6 0.2279 0.7378 0.4500 0.3791
31 0.5629 0.8265 0.0202 0.0698
31 0.6904 0.8907 0.0286 0.0829
1 0.3305 0.8463 0.0206 0.2122
1 0.3542 0.8528 0.0394 0.2315
1 0.3964 0.8369 0.0427 0.2553
1 0.5162 0.8381 0.0505 0.2593
1 0.5520 0.8331 0.0350 0.2222
1 0.5849 0.8444 0.0385 0.2538
1 0.6190 0.8416 0.0362 0.2850
1 0.4714 0.8283 0.0360 0.2261
1 0.6582 0.8373 0.0324 0.2538
27 0.3015 0.7943 0.0234 0.0954
27 0.3175 0.8183 0.0104 0.0642
31 0.3350 0.8162 0.0163 0.1011
33 0.6961 0.8977 0.0211 0.0719
1 0.2983 0.8328 0.0292 0.2444
1 0.5991 0.8323 0.0217 0.2547
31 0.6426 0.8502 0.0110 0.0341
1 0.6717 0.8275 0.0450 0.2883
