1 0.9629 0.9067 0.0139 0.0469
1 0.9200 0.9196 0.0091 0.0229
1 0.7681 0.9124 0.0098 0.0344
1 0.7432 0.9097 0.0074 0.0333
9 0.6851 0.9468 0.0333 0.0136
1 0.4290 0.9092 0.0080 0.0231
1 0.2850 0.9168 0.0081 0.0339
1 0.6422 0.9117 0.0089 0.0236
9 0.6576 0.8905 0.0242 0.0111
38 0.8068 0.4833 0.0454 0.1136
38 0.6733 0.4201 0.0348 0.0895
38 0.5123 0.2902 0.0409 0.0687
38 0.5624 0.7012 0.0250 0.0809
1 0.5674 0.9160 0.0077 0.0223
1 0.7047 0.9138 0.0104 0.0347
1 0.0396 0.9545 0.0658 0.0909
1 0.3075 0.9152 0.0067 0.0289
38 0.8416 0.1244 0.0666 0.1356
38 0.2481 0.6334 0.0318 0.0485
38 0.1245 0.7732 0.0177 0.0420
38 0.1504 0.7621 0.0137 0.0257
38 0.2883 0.7046 0.0248 0.0568
38 0.5181 0.7801 0.0159 0.0300
28 0.4176 0.8999 0.0126 0.0655
28 0.2716 0.8808 0.0123 0.0553
28 0.5005 0.9039 0.0212 0.0197
1 0.8173 0.9217 0.0119 0.0487
38 0.1089 0.7985 0.0150 0.0369
1 0.7595 0.9125 0.0078 0.0319
1 0.3570 0.9144 0.6820 0.0631
