32 0.3281 0.2932 0.0387 0.1079
67 0.3142 0.8973 0.5138 0.2055
1 0.5253 0.5978 0.3014 0.7775
1 0.3815 0.4986 0.2302 0.7154
1 0.3003 0.3640 0.1787 0.6337
1 0.9175 0.5822 0.1650 0.8356
1 0.5388 0.1298 0.1191 0.1839
84 0.7796 0.7377 0.0711 0.0910
1 0.1639 0.1690 0.1116 0.1850
46 0.2303 0.8454 0.0704 0.1215
46 0.1815 0.7828 0.0665 0.0952
46 0.0968 0.7994 0.0656 0.1074
46 0.2386 0.7727 0.0658 0.0367
1 0.7838 0.1808 0.0706 0.1408
1 0.8567 0.2110 0.0559 0.1375
1 0.0831 0.1722 0.0448 0.1418
1 0.1780 0.4202 0.1398 0.5775
1 0.7345 0.5596 0.2673 0.8790
1 0.6198 0.1753 0.1306 0.2646
