16 0.1596 0.7522 0.0920 0.1918
16 0.5652 0.5082 0.0429 0.1313
16 0.6393 0.5245 0.0477 0.0887
16 0.6832 0.5111 0.0437 0.0793
16 0.3538 0.5256 0.0518 0.0928
16 0.4028 0.4669 0.0329 0.0500
16 0.4309 0.4458 0.0167 0.0449
16 0.4704 0.5003 0.0747 0.0856
16 0.4622 0.4130 0.0228 0.0457
16 0.4486 0.3638 0.0164 0.0207
16 0.4390 0.4318 0.0153 0.0370
16 0.4506 0.4503 0.0172 0.0303
16 0.6475 0.4615 0.0412 0.0671
16 0.6099 0.4311 0.0293 0.0465
16 0.5345 0.4193 0.0393 0.0398
16 0.4488 0.4002 0.0093 0.0210
16 0.4907 0.4304 0.0159 0.0352
16 0.6044 0.4940 0.0481 0.0869
16 0.5172 0.4625 0.4156 0.2272
