44 0.0826 0.3187 0.0241 0.0496
62 0.0725 0.5240 0.0990 0.2213
67 0.5000 0.7207 1.0000 0.5586
1 0.2767 0.4196 0.3388 0.8381
1 0.3943 0.4587 0.1934 0.5516
1 0.5710 0.2556 0.2784 0.5113
64 0.9129 0.6944 0.1742 0.3191
54 0.5621 0.5145 0.1277 0.0968
46 0.8315 0.2501 0.0351 0.0789
47 0.0959 0.3835 0.0357 0.0578
49 0.7474 0.5486 0.1588 0.0781
49 0.4338 0.6814 0.1963 0.0717
50 0.7424 0.2888 0.0219 0.0741
51 0.9215 0.2534 0.1166 0.0946
47 0.8992 0.8978 0.1770 0.1685
50 0.7584 0.2665 0.0341 0.0967
54 0.5136 0.6371 0.1930 0.1263
81 0.7472 0.4045 0.3268 0.1598
1 0.0467 0.2583 0.0666 0.0851
48 0.7230 0.3171 0.0045 0.0228
48 0.7596 0.3171 0.0157 0.0290
67 0.0955 0.1779 0.1870 0.1013
67 0.0737 0.3620 0.1470 0.1867
50 0.7445 0.3250 0.0223 0.0191
51 0.8865 0.8964 0.1550 0.1797
51 0.8109 0.3376 0.0524 0.0490
62 0.0184 0.5031 0.0321 0.1028
62 0.0916 0.7636 0.1792 0.2909
50 0.7263 0.2910 0.0067 0.0552
