54 0.4389 0.7979 0.1828 0.1663
62 0.1400 0.5179 0.1378 0.2697
62 0.0901 0.6014 0.1802 0.3176
67 0.5423 0.9067 0.9049 0.1461
67 0.8381 0.5001 0.1527 0.0818
1 0.4974 0.4730 0.5813 0.9236
1 0.9524 0.5786 0.0951 0.4921
67 0.0989 0.4408 0.1977 0.0465
31 0.0463 0.3166 0.0455 0.0764
1 0.0548 0.3346 0.0829 0.1722
1 0.1137 0.3131 0.0475 0.1060
1 0.8623 0.4379 0.1326 0.0590
67 0.2527 0.3806 0.0689 0.0227
60 0.4460 0.7936 0.1843 0.1770
62 0.0376 0.4065 0.0722 0.0374
62 0.1595 0.4021 0.1290 0.0769
62 0.8908 0.6596 0.1157 0.2473
