41 0.4430 0.3664 0.0250 0.1007
41 0.6950 0.3952 0.0163 0.0658
41 0.7578 0.4066 0.0163 0.0454
15 0.7877 0.4118 0.0999 0.0292
41 0.6522 0.3944 0.0167 0.0595
41 0.6280 0.3877 0.0240 0.0661
41 0.5718 0.3799 0.0064 0.0360
1 0.6520 0.3604 0.0242 0.1371
1 0.5942 0.3433 0.0239 0.1154
1 0.5622 0.3618 0.0275 0.1109
1 0.6711 0.3600 0.0260 0.1410
1 0.7906 0.3868 0.0267 0.1008
1 0.7056 0.3587 0.0327 0.1453
1 0.7314 0.3771 0.0316 0.0838
1 0.5006 0.3156 0.1397 0.2130
15 0.6139 0.3774 0.0170 0.0403
15 0.2141 0.3726 0.0979 0.0494
1 0.1458 0.3347 0.0566 0.1727
1 0.6335 0.3445 0.0181 0.1032
41 0.6034 0.3803 0.0131 0.0475
