18 0.2917 0.8426 0.1803 0.2950
1 0.6482 0.6467 0.6220 0.7065
84 0.4247 0.2938 0.0078 0.0785
84 0.4093 0.2952 0.0076 0.0751
84 0.4347 0.2929 0.0165 0.0868
84 0.4503 0.2944 0.0155 0.1097
1 0.0545 0.9092 0.1090 0.1255
84 0.4174 0.2933 0.0080 0.0743
84 0.3942 0.2944 0.0079 0.0686
84 0.4653 0.2832 0.0132 0.0835
84 0.4607 0.3002 0.0064 0.0996
84 0.4456 0.3052 0.0112 0.0978
1 0.8284 0.3622 0.3290 0.4617
73 0.4646 0.6724 0.3306 0.4162
84 0.4745 0.2729 0.0122 0.0646
84 0.4026 0.2998 0.0114 0.0954
84 0.3853 0.2884 0.0107 0.0624
1 0.4353 0.1721 0.0187 0.0504
1 0.4611 0.1708 0.0182 0.0558
1 0.4489 0.1714 0.0153 0.0519
1 0.4280 0.5960 0.0290 0.1101
1 0.4023 0.6257 0.0465 0.1301
1 0.4207 0.1672 0.0241 0.0617
1 0.2814 0.0448 0.0254 0.0788
84 0.4839 0.2687 0.0112 0.0539
84 0.0648 0.4198 0.1266 0.1938
