64 0.7744 0.2787 0.4497 0.4778
44 0.9588 0.5905 0.0825 0.2661
67 0.5015 0.6346 0.9970 0.7226
1 0.2694 0.3279 0.4244 0.5350
1 0.5708 0.2015 0.2431 0.2842
47 0.6447 0.4176 0.0734 0.0788
61 0.5156 0.5383 0.2461 0.1326
61 0.6293 0.6836 0.3019 0.1541
86 0.8354 0.4272 0.1842 0.1818
1 0.9487 0.4176 0.1027 0.1360
49 0.7701 0.7913 0.1943 0.0342
50 0.5222 0.3864 0.1144 0.0318
50 0.5815 0.4268 0.0455 0.0542
51 0.7321 0.9618 0.2553 0.0763
61 0.5297 0.8219 0.3217 0.1480
62 0.0763 0.4847 0.1526 0.2511
1 0.3675 0.2089 0.2175 0.2893
49 0.4618 0.7041 0.2966 0.0603
50 0.4989 0.3521 0.0864 0.0238
51 0.3637 0.6649 0.2441 0.1548
62 0.4916 0.1893 0.0746 0.0859
