37 0.7536 0.3955 0.1132 0.0873
1 0.5658 0.5342 0.2611 0.5584
1 0.2906 0.6598 0.2304 0.2574
1 0.3790 0.5132 0.6682 0.6090
1 0.7981 0.6876 0.4037 0.6247
1 0.1543 0.3910 0.3086 0.5438
1 0.0667 0.3279 0.1334 0.4615
1 0.4802 0.6569 0.2165 0.2770
1 0.4271 0.2342 0.1800 0.1360
1 0.5497 0.1428 0.1273 0.1345
1 0.5508 0.2038 0.1538 0.1329
32 0.4118 0.2589 0.0209 0.0397
32 0.7936 0.3468 0.0169 0.0480
1 0.7236 0.6329 0.1260 0.2470
1 0.7944 0.3100 0.2283 0.1591
1 0.9256 0.2803 0.1273 0.2156
1 0.5000 0.2742 0.9958 0.5484
