82 0.1361 0.4745 0.0359 0.3937
62 0.5227 0.7328 0.0787 0.5141
78 0.5525 0.3620 0.1264 0.1683
80 0.4566 0.5249 0.0249 0.0437
47 0.3398 0.5297 0.0155 0.0424
47 0.3255 0.5410 0.0117 0.0187
47 0.3125 0.5303 0.0186 0.0395
81 0.2097 0.5436 0.0970 0.0116
84 0.5628 0.1301 0.0396 0.0595
47 0.3121 0.5002 0.0167 0.0062
47 0.3137 0.4616 0.0210 0.0045
47 0.3126 0.4865 0.0171 0.0072
47 0.3128 0.4799 0.0168 0.0074
47 0.3137 0.4670 0.0166 0.0063
62 0.7824 0.5168 0.0732 0.0721
62 0.4777 0.7167 0.0523 0.4783
62 0.6951 0.5272 0.0484 0.0657
79 0.5183 0.6755 0.1769 0.4115
67 0.7302 0.7764 0.3947 0.4472
