62 0.2760 0.5852 0.2970 0.3423
62 0.7138 0.5896 0.2209 0.3645
1 0.5110 0.4820 0.2585 0.5653
1 0.9029 0.6047 0.1942 0.5090
75 0.4670 0.6156 0.1313 0.0919
1 0.3881 0.6091 0.2520 0.7818
1 0.2120 0.5535 0.1513 0.6485
1 0.0233 0.8524 0.0467 0.1060
84 0.6768 0.1686 0.0217 0.0729
84 0.0480 0.1063 0.0435 0.1475
84 0.0106 0.1189 0.0211 0.1306
84 0.0176 0.4463 0.0316 0.1365
84 0.0361 0.1126 0.0351 0.1533
84 0.0851 0.5644 0.0222 0.1113
84 0.0296 0.5998 0.0547 0.1090
84 0.0317 0.6089 0.0365 0.1032
84 0.0189 0.1077 0.0378 0.1495
84 0.0201 0.6128 0.0398 0.1171
84 0.7617 0.0544 0.0325 0.0731
84 0.6788 0.1695 0.0188 0.0709
62 0.4241 0.4584 0.0141 0.0105
84 0.8690 0.3183 0.0140 0.0828
1 0.3536 0.1766 0.0565 0.0987
1 0.7156 0.5425 0.1864 0.5440
62 0.4931 0.5600 0.1325 0.1861
84 0.5062 0.2552 0.9844 0.5104
