37 0.2741 0.5524 0.0192 0.0157
37 0.7173 0.4678 0.0177 0.0112
37 0.1406 0.2436 0.0106 0.0061
1 0.3960 0.6417 0.5243 0.5416
1 0.5934 0.4055 0.1120 0.1603
1 0.3446 0.3722 0.0759 0.1380
1 0.7164 0.3659 0.0667 0.1232
1 0.9302 0.3686 0.0517 0.1232
1 0.0997 0.4335 0.0750 0.1061
1 0.1749 0.3724 0.0882 0.1030
43 0.7406 0.7577 0.2223 0.1513
43 0.3185 0.3901 0.0238 0.0347
3 0.5935 0.3301 0.1003 0.0429
37 0.6997 0.2701 0.0102 0.0069
1 0.5155 0.3419 0.0652 0.0732
43 0.1074 0.3858 0.0507 0.0143
43 0.6969 0.2969 0.0286 0.0214
43 0.8982 0.3862 0.0377 0.0352
