16 0.0472 0.6674 0.0544 0.0305
16 0.1452 0.6737 0.1000 0.0301
16 0.4636 0.7193 0.0939 0.0713
16 0.4576 0.7179 0.0288 0.0275
16 0.4301 0.6369 0.0434 0.0257
16 0.7096 0.5780 0.0335 0.0354
16 0.6831 0.5970 0.0289 0.0300
16 0.6328 0.6773 0.0238 0.0183
16 0.7959 0.5747 0.0231 0.0298
16 0.8632 0.5323 0.0177 0.0278
16 0.5596 0.6997 0.0431 0.0310
16 0.7483 0.5929 0.0396 0.0464
9 0.4011 0.4483 0.7045 0.1910
1 0.9354 0.4458 0.0109 0.0436
16 0.2882 0.6349 0.0358 0.0239
9 0.8184 0.4344 0.0382 0.0311
9 0.7758 0.4269 0.0594 0.0239
16 0.5359 0.6177 0.8938 0.2021
