7 0.3575 0.3242 0.7066 0.2269
7 0.9178 0.5800 0.1644 0.2134
7 0.8819 0.4451 0.2317 0.0880
9 0.4066 0.1895 0.1180 0.0360
9 0.5586 0.2104 0.0916 0.0406
31 0.4714 0.9201 0.0153 0.0180
1 0.5238 0.9352 0.0350 0.0685
1 0.3870 0.9428 0.0307 0.0988
1 0.8669 0.3572 0.0176 0.0426
1 0.3683 0.9180 0.0286 0.0802
1 0.3392 0.9136 0.0308 0.1110
1 0.3034 0.8672 0.0316 0.0923
28 0.2289 0.8111 0.0493 0.0322
28 0.1158 0.7177 0.0454 0.0342
28 0.1303 0.6710 0.0359 0.0365
28 0.2727 0.7664 0.0402 0.0363
31 0.4701 0.7926 0.0070 0.0126
31 0.5450 0.8251 0.0092 0.0194
1 0.8627 0.7298 0.0338 0.1175
1 0.6958 0.9355 0.0253 0.0725
1 0.7001 0.5998 0.0176 0.0264
1 0.4364 0.7752 0.0261 0.0934
1 0.4586 0.7739 0.0242 0.0836
1 0.7893 0.6752 0.0278 0.0571
28 0.6180 0.9077 0.0585 0.0443
28 0.6726 0.9826 0.0591 0.0347
28 0.5371 0.7865 0.0422 0.0325
28 0.5238 0.8361 0.0439 0.0320
28 0.2111 0.8416 0.0488 0.0350
28 0.1823 0.8161 0.0453 0.0303
28 0.1228 0.7290 0.0435 0.0323
28 0.1452 0.7754 0.0445 0.0276
1 0.9105 0.7139 0.0301 0.0741
9 0.3476 0.1755 0.0401 0.0396
28 0.4825 0.8350 0.0428 0.0414
1 0.4992 0.5697 0.9984 0.8446
28 0.5852 0.8267 0.7703 0.3426
