3 0.6086 0.6301 0.6764 0.3191
3 0.2575 0.5105 0.3369 0.2557
6 0.7517 0.3820 0.3236 0.1483
1 0.1878 0.5888 0.1107 0.3659
1 0.3871 0.4716 0.0382 0.0923
1 0.4591 0.7238 0.1842 0.5524
1 0.6463 0.3760 0.0236 0.0504
1 0.6784 0.4164 0.0117 0.0225
1 0.5762 0.7294 0.1143 0.5412
1 0.3586 0.4939 0.0654 0.1194
1 0.0829 0.5835 0.0973 0.3710
1 0.5080 0.4369 0.0454 0.0750
1 0.6414 0.4379 0.0459 0.0809
1 0.5998 0.4334 0.0471 0.0796
1 0.7248 0.4353 0.0221 0.0393
1 0.7519 0.4717 0.0467 0.0715
1 0.4203 0.6052 0.8406 0.6146
