28 0.5667 0.2592 0.2457 0.1026
3 0.2500 0.3699 0.0754 0.0711
3 0.0627 0.3413 0.1253 0.1342
1 0.2327 0.2892 0.0195 0.0784
15 0.8476 0.6097 0.3044 0.2764
15 0.4119 0.5242 0.1475 0.2074
15 0.7096 0.4806 0.1624 0.1520
15 0.1459 0.4999 0.2889 0.2422
31 0.5776 0.5946 0.1000 0.1643
1 0.2194 0.2893 0.0136 0.0757
1 0.0995 0.2931 0.0323 0.0452
1 0.2513 0.2868 0.0182 0.0505
15 0.7715 0.5657 0.2779 0.2187
15 0.3732 0.4288 0.2215 0.0843
15 0.9235 0.4522 0.1510 0.0908
15 0.9872 0.4846 0.0255 0.0460
15 0.6267 0.4659 0.0834 0.1159
28 0.9018 0.3033 0.1903 0.0831
28 0.6291 0.3088 0.1323 0.0531
28 0.7394 0.3191 0.1680 0.1203
28 0.9947 0.3394 0.0106 0.0157
1 0.5605 0.5547 0.2497 0.6827
1 0.1379 0.3014 0.0293 0.0469
