64 0.6385 0.2838 0.0706 0.0702
3 0.6991 0.4494 0.4019 0.2642
6 0.1547 0.3290 0.1909 0.1634
8 0.5368 0.5416 0.7938 0.4719
10 0.5024 0.2292 0.0653 0.1510
10 0.9935 0.2987 0.0129 0.0522
10 0.0775 0.2929 0.0238 0.0869
27 0.0756 0.4537 0.0249 0.0517
1 0.0115 0.4107 0.0230 0.0766
1 0.0959 0.4774 0.0352 0.1790
1 0.9014 0.3926 0.0227 0.0840
1 0.0724 0.4581 0.0363 0.1751
1 0.1262 0.4856 0.0364 0.1670
1 0.8794 0.3917 0.0233 0.0746
1 0.9275 0.4005 0.0169 0.0702
1 0.9500 0.3712 0.0120 0.0364
1 0.0302 0.4672 0.0445 0.1689
1 0.0489 0.4708 0.0236 0.1547
1 0.1466 0.4841 0.0209 0.1628
3 0.9319 0.5206 0.1359 0.1748
1 0.9888 0.3929 0.0170 0.0748
10 0.0111 0.3102 0.0222 0.0447
10 0.7833 0.3003 0.0206 0.0582
10 0.3363 0.2922 0.0206 0.0524
10 0.2605 0.3050 0.0176 0.0323
1 0.9352 0.3879 0.0137 0.0624
1 0.5617 0.4125 0.7359 0.1250
