62 0.1172 0.7968 0.2345 0.3469
62 0.4736 0.8157 0.6013 0.3470
1 0.5494 0.5547 0.5225 0.8674
1 0.8547 0.5801 0.2292 0.7585
1 0.6489 0.1772 0.1281 0.3506
1 0.1534 0.3730 0.3067 0.7371
54 0.6295 0.6977 0.2039 0.3034
1 0.3501 0.1827 0.0808 0.1686
1 0.2796 0.2411 0.0229 0.0592
1 0.7045 0.2588 0.0451 0.1253
1 0.7211 0.1584 0.0242 0.0799
47 0.7284 0.4252 0.0499 0.0939
62 0.0557 0.9656 0.1114 0.0687
62 0.8723 0.8313 0.0941 0.3109
67 0.7536 0.4851 0.0718 0.0705
1 0.7707 0.2472 0.1317 0.3294
1 0.9162 0.2927 0.1675 0.5804
1 0.8341 0.1132 0.0435 0.0875
44 0.9481 0.8018 0.1039 0.3688
