42 0.7626 0.8077 0.1028 0.1512
1 0.4332 0.6397 0.0310 0.1977
1 0.3948 0.6413 0.0358 0.1967
1 0.7648 0.7912 0.0493 0.3274
1 0.9163 0.6816 0.0080 0.0293
1 0.9415 0.6810 0.0088 0.0433
1 0.3178 0.6248 0.0142 0.1351
1 0.5483 0.5856 0.0063 0.0304
1 0.0447 0.7651 0.0636 0.1694
38 0.4513 0.3797 0.0180 0.0416
38 0.3596 0.0524 0.0455 0.1015
1 0.4744 0.7516 0.0906 0.1013
1 0.5114 0.5887 0.0058 0.0528
1 0.5233 0.5827 0.0085 0.0661
38 0.8249 0.5067 0.0075 0.0318
38 0.7686 0.5318 0.0077 0.0209
38 0.7282 0.5269 0.0075 0.0216
42 0.4255 0.8855 0.0898 0.0709
1 0.5166 0.5808 0.0047 0.0184
38 0.1167 0.7294 0.2335 0.2396
1 0.5133 0.5859 0.1391 0.0703
