56 0.3690 0.7887 0.1883 0.1444
56 0.3908 0.6494 0.1049 0.1177
56 0.7651 0.3435 0.0611 0.0894
56 0.9034 0.2020 0.1306 0.1023
56 0.3781 0.2594 0.0813 0.0962
56 0.7769 0.1881 0.0714 0.0815
56 0.0548 0.7776 0.1096 0.1906
56 0.5693 0.6788 0.0698 0.0612
56 0.8117 0.4172 0.0594 0.0729
56 0.6358 0.3635 0.0756 0.0607
59 0.5901 0.3910 0.7075 0.3640
59 0.3313 0.7899 0.6626 0.3933
59 0.4308 0.0539 0.2034 0.0944
59 0.6476 0.1588 0.2339 0.2095
1 0.1457 0.1409 0.1618 0.2817
56 0.5766 0.3933 0.1481 0.0899
59 0.8268 0.3086 0.3463 0.4472
62 0.0393 0.0886 0.0787 0.1772
67 0.4996 0.5004 0.9962 0.9663
56 0.2298 0.8511 0.0900 0.1055
47 0.9458 0.0853 0.1084 0.1706
56 0.5109 0.3078 0.0536 0.0961
56 0.6547 0.3674 0.6875 0.7207
