28 0.2466 0.3728 0.3243 0.1171
28 0.0821 0.4149 0.1631 0.2220
28 0.4291 0.3321 0.0965 0.0512
28 0.6084 0.4169 0.3236 0.3573
28 0.8440 0.3411 0.1176 0.0897
28 0.9029 0.3530 0.1735 0.0665
28 0.9145 0.2709 0.1290 0.1088
62 0.7660 0.5574 0.1199 0.1757
1 0.1145 0.5232 0.1549 0.1661
1 0.4314 0.7992 0.2889 0.0852
1 0.0605 0.7843 0.1210 0.1085
1 0.1855 0.7788 0.2670 0.1252
1 0.2437 0.4775 0.1029 0.1202
1 0.2636 0.4489 0.0192 0.0354
1 0.8933 0.4733 0.0412 0.1003
62 0.4921 0.4573 0.0321 0.0624
1 0.3308 0.6083 0.1289 0.1918
1 0.5168 0.6863 0.1340 0.1271
1 0.8038 0.3852 0.0505 0.1751
1 0.6713 0.4328 0.0452 0.1026
1 0.3697 0.7870 0.2487 0.0905
62 0.0763 0.5376 0.0999 0.1420
62 0.2335 0.4968 0.0758 0.1302
62 0.4302 0.6499 0.0924 0.2019
62 0.3531 0.4877 0.1087 0.1171
62 0.6784 0.4353 0.0643 0.0906
62 0.8602 0.4534 0.0344 0.0444
62 0.3033 0.6495 0.0906 0.1824
1 0.5362 0.4530 0.0276 0.0325
62 0.6649 0.5569 0.1220 0.1693
62 0.9358 0.4761 0.0505 0.0915
62 0.9769 0.4957 0.0462 0.0593
1 0.5437 0.4177 0.8063 0.2604
