62 0.9112 0.8971 0.1775 0.1595
73 0.5142 0.5749 0.2025 0.2269
73 0.3497 0.6360 0.2242 0.2382
73 0.7197 0.5742 0.2090 0.2674
73 0.9112 0.6359 0.1775 0.2472
74 0.1848 0.7417 0.0726 0.0532
74 0.6035 0.6821 0.0638 0.0401
76 0.3593 0.6987 0.1968 0.1179
76 0.5223 0.6358 0.1926 0.0827
76 0.7109 0.6520 0.1950 0.1007
76 0.9136 0.6925 0.1492 0.0748
84 0.0415 0.9459 0.0827 0.1082
84 0.1838 0.9072 0.1068 0.1201
84 0.4307 0.4476 0.0754 0.0486
72 0.7374 0.4421 0.2981 0.2854
72 0.0830 0.6536 0.1659 0.3685
76 0.8295 0.6066 0.0410 0.0487
84 0.1062 0.8521 0.2098 0.1515
