28 0.4718 0.6276 0.1107 0.0708
28 0.6296 0.6070 0.0490 0.0282
28 0.7872 0.6089 0.0812 0.0452
28 0.8570 0.5978 0.0722 0.0475
28 0.2711 0.6225 0.0896 0.0511
31 0.5134 0.7172 0.0241 0.0628
31 0.8088 0.6692 0.0212 0.0513
1 0.6609 0.7463 0.0830 0.2882
1 0.8017 0.7050 0.0465 0.1539
1 0.4936 0.7553 0.0523 0.2464
1 0.4438 0.7538 0.0613 0.2381
1 0.3436 0.7658 0.0644 0.1681
1 0.5434 0.6591 0.0234 0.0953
1 0.6980 0.6551 0.0168 0.0697
1 0.1260 0.7560 0.0613 0.2015
1 0.0783 0.7355 0.0500 0.2078
28 0.4041 0.6143 0.0447 0.0197
28 0.1330 0.6420 0.0966 0.0587
28 0.3577 0.6462 0.1068 0.0831
28 0.5184 0.6040 0.0466 0.0339
28 0.3378 0.6021 0.0513 0.0147
1 0.2721 0.7437 0.0573 0.2065
1 0.1779 0.7095 0.0429 0.2537
1 0.4125 0.6674 0.0174 0.0900
27 0.3444 0.7065 0.0309 0.0378
33 0.5986 0.6835 0.0259 0.0333
33 0.6005 0.6677 0.0236 0.0172
33 0.5970 0.6457 0.0240 0.0103
33 0.5982 0.6541 0.0203 0.0130
1 0.5742 0.6255 0.0124 0.0447
27 0.3698 0.7103 0.0122 0.0376
28 0.1917 0.6209 0.0645 0.0833
28 0.5587 0.6112 0.0216 0.0071
31 0.2856 0.6711 0.0091 0.0291
31 0.1990 0.6803 0.0169 0.0602
1 0.6977 0.6837 0.3797 0.1775
