6 0.3675 0.1496 0.7332 0.2769
8 0.8587 0.1360 0.1930 0.0750
1 0.8399 0.8352 0.1597 0.3295
1 0.1629 0.8817 0.3255 0.2367
1 0.5197 0.4098 0.1835 0.3786
1 0.6626 0.3644 0.0558 0.2340
1 0.7730 0.3222 0.0514 0.2142
1 0.7896 0.2096 0.0164 0.0343
1 0.9222 0.3651 0.0477 0.1891
1 0.8025 0.3106 0.0346 0.1999
1 0.8269 0.3438 0.0561 0.2044
1 0.3528 0.3322 0.0408 0.1192
1 0.8720 0.3223 0.0488 0.1848
1 0.7324 0.3098 0.0450 0.1161
1 0.6899 0.2827 0.0360 0.0900
41 0.4960 0.5736 0.0707 0.0580
1 0.5000 0.3126 0.9969 0.6112
