33 0.3243 0.7121 0.2504 0.2097
33 0.3965 0.5779 0.0669 0.0922
1 0.6345 0.6663 0.2983 0.6450
1 0.9441 0.7933 0.1118 0.3865
1 0.2994 0.5441 0.1412 0.5838
1 0.1493 0.5080 0.1309 0.6085
1 0.6582 0.2133 0.0846 0.1721
1 0.7702 0.5657 0.1618 0.6315
1 0.8992 0.6305 0.0777 0.3427
1 0.9309 0.5411 0.0910 0.2406
1 0.2149 0.4079 0.0691 0.5416
1 0.5848 0.3584 0.1382 0.3798
1 0.3497 0.1528 0.0792 0.2786
27 0.9631 0.5463 0.0693 0.1571
31 0.0535 0.4642 0.0772 0.1670
33 0.2521 0.5703 0.0379 0.0805
33 0.0297 0.7879 0.0595 0.1467
1 0.8122 0.2965 0.0406 0.1056
31 0.5959 0.3149 0.0656 0.0710
31 0.1862 0.5027 0.0612 0.1040
33 0.8513 0.6727 0.0974 0.2026
33 0.0473 0.7035 0.0946 0.1678
1 0.0211 0.1869 0.0414 0.1971
27 0.0456 0.6945 0.0875 0.1585
1 0.6830 0.3867 0.0820 0.1813
