18 0.9729 0.7331 0.0542 0.1781
20 0.4298 0.7616 0.0363 0.2734
20 0.3376 0.5802 0.0218 0.1176
20 0.3487 0.4777 0.0078 0.0200
20 0.2870 0.4829 0.0155 0.0347
1 0.4757 0.4139 0.0575 0.3041
20 0.3090 0.5752 0.0366 0.1231
20 0.2750 0.5827 0.0328 0.1128
20 0.1720 0.6034 0.0209 0.0913
20 0.2343 0.5855 0.0187 0.1005
18 0.4294 0.7569 0.0411 0.2763
20 0.3665 0.5872 0.0304 0.1024
20 0.3962 0.5832 0.0287 0.1460
27 0.4804 0.3649 0.0268 0.1093
20 0.3594 0.5250 0.0111 0.0228
20 0.2484 0.5931 0.0212 0.0935
8 0.2355 0.4750 0.0735 0.0988
20 0.1951 0.5956 0.0243 0.1043
19 0.7418 0.6277 0.0957 0.6066
19 0.6428 0.6388 0.0709 0.4427
19 0.4779 0.5705 0.0401 0.2941
19 0.5577 0.6270 0.0742 0.3856
20 0.2898 0.5304 0.4391 0.2850
