37 0.4954 0.4639 0.0055 0.0079
43 0.6268 0.5013 0.0673 0.0923
1 0.6968 0.6305 0.0860 0.2698
1 0.9042 0.5361 0.0360 0.1733
1 0.4981 0.4793 0.0292 0.0425
1 0.3099 0.5665 0.0489 0.1172
1 0.4201 0.5121 0.0275 0.0465
1 0.3681 0.4728 0.0313 0.0647
1 0.1876 0.5230 0.0293 0.0464
1 0.8102 0.9283 0.1406 0.1434
1 0.0292 0.9218 0.0583 0.1559
1 0.4422 0.5132 0.0184 0.0479
1 0.2691 0.1966 0.0225 0.0517
15 0.2119 0.5376 0.0209 0.0112
1 0.9305 0.5951 0.0525 0.1433
1 0.8231 0.2648 0.0323 0.0493
62 0.0763 0.4639 0.0247 0.0247
62 0.0582 0.4314 0.0243 0.0166
62 0.0244 0.4161 0.0281 0.0441
62 0.0378 0.3873 0.0273 0.0407
62 0.0551 0.3585 0.0277 0.0417
64 0.2269 0.6002 0.0438 0.0664
64 0.0880 0.5997 0.0504 0.0841
64 0.3576 0.5879 0.0355 0.0696
64 0.4776 0.5822 0.0425 0.0617
62 0.6315 0.1800 0.0258 0.0198
62 0.9491 0.2160 0.0296 0.0556
62 0.9223 0.1780 0.0295 0.0244
1 0.4992 0.3091 0.9984 0.6183
