1 0.7796 0.6974 0.1799 0.5730
1 0.5675 0.6551 0.1205 0.5584
1 0.4932 0.6079 0.1189 0.5615
1 0.3996 0.6416 0.1050 0.6155
1 0.2979 0.6546 0.1495 0.6864
1 0.6538 0.6514 0.1315 0.5987
35 0.5567 0.9627 0.3523 0.0746
35 0.2889 0.9731 0.0911 0.0539
27 0.8391 0.6514 0.0853 0.3270
27 0.6443 0.4947 0.0990 0.0929
35 0.4563 0.9241 0.0624 0.0801
27 0.2686 0.5195 0.1040 0.2545
27 0.5594 0.5293 0.0694 0.1379
27 0.5518 0.4384 0.0709 0.0523
27 0.4816 0.4420 0.0745 0.0617
27 0.3987 0.4926 0.0960 0.1253
27 0.4842 0.4850 0.0535 0.1481
35 0.6028 0.9522 0.0827 0.0755
