6 0.3363 0.6583 0.3262 0.3991
6 0.6374 0.6266 0.3104 0.2316
6 0.8711 0.6132 0.1547 0.1323
1 0.8995 0.6628 0.0368 0.1173
1 0.9531 0.6616 0.0290 0.1194
1 0.8425 0.6552 0.0262 0.0936
1 0.0835 0.7486 0.0640 0.2170
1 0.0194 0.6991 0.0361 0.1647
3 0.0957 0.6612 0.0365 0.0636
3 0.1161 0.6582 0.0324 0.0565
1 0.0588 0.7016 0.0363 0.1678
3 0.0448 0.6695 0.0358 0.0838
3 0.1521 0.6602 0.0580 0.0658
3 0.1593 0.6330 0.0521 0.0316
3 0.1550 0.6511 0.0547 0.0416
1 0.1057 0.6256 0.0085 0.0110
1 0.1022 0.6252 0.0052 0.0125
1 0.9101 0.6795 0.0109 0.0748
