1 0.0913 0.5954 0.0806 0.2290
1 0.2820 0.5866 0.0742 0.2341
1 0.4151 0.5965 0.0579 0.2078
1 0.7701 0.5696 0.0546 0.2442
1 0.8443 0.5797 0.0665 0.2358
1 0.7171 0.5903 0.0758 0.2273
1 0.3436 0.1800 0.0307 0.0705
15 0.1910 0.6203 0.2547 0.1712
15 0.5151 0.6128 0.2424 0.1704
1 0.1624 0.5828 0.0989 0.2429
1 0.5267 0.5883 0.0782 0.2269
2 0.2297 0.1709 0.0161 0.0447
15 0.7279 0.1877 0.0622 0.0517
31 0.8465 0.5764 0.0460 0.0351
64 0.0561 0.2645 0.0554 0.0534
64 0.0984 0.2230 0.0397 0.0404
64 0.1422 0.1798 0.0320 0.0348
1 0.6009 0.5863 0.0600 0.2484
15 0.8047 0.5784 0.2381 0.1071
27 0.7136 0.6585 0.0468 0.0903
28 0.3240 0.1109 0.0478 0.1911
28 0.4502 0.0718 0.0325 0.1062
28 0.4670 0.0829 0.0268 0.1332
28 0.6519 0.0916 0.0362 0.1605
28 0.4169 0.1088 0.0369 0.1836
31 0.8213 0.5909 0.0125 0.0313
31 0.4733 0.5931 0.0326 0.0354
32 0.7656 0.5180 0.0076 0.0376
64 0.1686 0.1549 0.0256 0.0223
67 0.5197 0.2116 0.0607 0.0473
67 0.7021 0.1949 0.0415 0.0084
67 0.9432 0.1997 0.0501 0.0253
67 0.8482 0.2091 0.0693 0.0455
67 0.7929 0.1744 0.0302 0.0222
67 0.6670 0.1767 0.0122 0.0149
67 0.4781 0.1623 0.0445 0.0073
1 0.9046 0.5793 0.0740 0.2541
1 0.3185 0.1770 0.0488 0.0597
27 0.6175 0.6739 0.0657 0.0639
1 0.4634 0.5891 0.0637 0.2232
31 0.1417 0.6015 0.0356 0.0417
