1 0.4741 0.9532 0.0051 0.0272
1 0.8069 0.9763 0.0097 0.0475
3 0.5604 0.9630 0.0335 0.0226
3 0.4497 0.9430 0.0271 0.0185
6 0.9143 0.9637 0.0717 0.0726
38 0.2438 0.4585 0.0202 0.0276
38 0.0339 0.4846 0.0569 0.0706
38 0.3802 0.3049 0.0353 0.0368
38 0.6040 0.4677 0.2808 0.2581
38 0.4721 0.6397 0.1211 0.1710
38 0.2814 0.6388 0.1671 0.1202
38 0.6201 0.7229 0.0219 0.0383
38 0.3232 0.7694 0.2110 0.2118
38 0.8110 0.5683 0.0491 0.0336
38 0.8633 0.2061 0.2728 0.3991
38 0.6521 0.6304 0.0308 0.0415
38 0.1151 0.8000 0.1046 0.1470
1 0.4604 0.9608 0.0051 0.0070
1 0.5494 0.9680 0.0031 0.0096
1 0.3983 0.9379 0.0052 0.0155
1 0.3673 0.9396 0.0068 0.0185
1 0.5716 0.9868 0.0078 0.0252
1 0.7829 0.9878 0.0068 0.0241
1 0.1876 0.9394 0.0103 0.0423
3 0.3202 0.9301 0.0105 0.0174
3 0.3440 0.9327 0.0070 0.0098
3 0.4287 0.9363 0.0276 0.0241
3 0.3624 0.9354 0.0085 0.0128
38 0.1606 0.7807 0.0601 0.0977
38 0.3844 0.4765 0.6312 0.9363
