62 0.4790 0.8816 0.3440 0.2103
62 0.1850 0.5751 0.0896 0.2233
62 0.5495 0.4995 0.1399 0.1917
62 0.4016 0.3963 0.0246 0.0809
1 0.4320 0.4442 0.1794 0.3043
1 0.6090 0.4876 0.1334 0.4324
1 0.8618 0.4742 0.1998 0.6660
47 0.0407 0.5022 0.0261 0.0453
73 0.1139 0.4803 0.0928 0.0768
73 0.4880 0.4030 0.0981 0.0799
74 0.7969 0.4898 0.0136 0.0199
74 0.0224 0.5056 0.0167 0.0199
76 0.6943 0.4706 0.0626 0.0308
76 0.7527 0.4733 0.0790 0.0227
27 0.5798 0.4940 0.0884 0.1494
72 0.7682 0.4038 0.1012 0.1259
74 0.0427 0.9573 0.0741 0.0451
1 0.0905 0.4938 0.1273 0.3568
62 0.0323 0.6221 0.0105 0.1097
62 0.4398 0.5427 0.0126 0.0702
84 0.1039 0.6882 0.1073 0.0537
85 0.8781 0.2625 0.0122 0.0155
85 0.5955 0.4521 0.0038 0.0058
77 0.9107 0.2229 0.0280 0.0360
