64 0.7192 0.1516 0.3226 0.2601
67 0.4831 0.7706 0.8817 0.4494
1 0.8133 0.6157 0.3226 0.5650
1 0.4754 0.5423 0.4906 0.3409
1 0.4608 0.4966 0.1697 0.2938
1 0.3625 0.4614 0.1359 0.1481
1 0.6888 0.4213 0.0909 0.1281
46 0.1152 0.6219 0.0487 0.0529
46 0.1701 0.5992 0.0435 0.0526
46 0.2194 0.5998 0.0432 0.0533
46 0.1204 0.5786 0.0434 0.0357
50 0.4424 0.6299 0.0159 0.0168
50 0.4888 0.6229 0.0308 0.0178
50 0.2620 0.5522 0.0279 0.0132
51 0.6525 0.8936 0.2849 0.1104
54 0.2614 0.7253 0.0856 0.0285
55 0.5911 0.7797 0.1146 0.0276
55 0.4492 0.7691 0.0644 0.0206
55 0.4708 0.7437 0.0591 0.0243
55 0.4929 0.7317 0.0454 0.0207
55 0.5526 0.7951 0.0569 0.0254
61 0.2297 0.7091 0.1744 0.0607
62 0.9631 0.7757 0.0738 0.2768
64 0.4575 0.2741 0.1780 0.1123
47 0.4225 0.6542 0.0435 0.0469
47 0.4599 0.6459 0.0585 0.0489
50 0.4596 0.6061 0.0229 0.0343
53 0.5157 0.7907 0.0365 0.0222
53 0.4543 0.7812 0.0184 0.0172
53 0.5000 0.7871 0.0292 0.0321
53 0.4825 0.7900 0.0168 0.0292
55 0.5831 0.7668 0.0690 0.0177
55 0.6063 0.7613 0.0790 0.0320
55 0.4672 0.7587 0.0637 0.0256
55 0.5947 0.7483 0.0439 0.0138
55 0.5981 0.6041 0.0613 0.0285
54 0.7688 0.6429 0.0750 0.0371
