1 0.1306 0.4968 0.2579 0.9843
1 0.8733 0.4949 0.2534 0.9819
51 0.4895 0.9042 0.1480 0.1492
59 0.2833 0.9200 0.2402 0.1542
51 0.5014 0.7473 0.1228 0.0765
51 0.5472 0.7052 0.1114 0.0863
51 0.4979 0.7998 0.1346 0.0891
51 0.4534 0.5857 0.0895 0.0590
51 0.4345 0.6595 0.0727 0.0583
67 0.4835 0.7782 0.6642 0.4013
1 0.3103 0.4289 0.3313 0.8579
51 0.3747 0.8288 0.0748 0.0864
51 0.2834 0.9195 0.2591 0.1610
51 0.6497 0.5634 0.0418 0.0669
59 0.6867 0.9247 0.2240 0.1247
59 0.3838 0.7316 0.1445 0.0820
59 0.6631 0.6469 0.1425 0.0726
59 0.6574 0.7864 0.1839 0.1054
1 0.6744 0.4654 0.5155 0.6874
51 0.5462 0.6222 0.1086 0.0696
