44 0.6992 0.6584 0.0420 0.1210
82 0.0860 0.6828 0.1652 0.6112
85 0.3005 0.2098 0.0596 0.0820
62 0.5901 0.6620 0.1421 0.3404
62 0.4379 0.6410 0.1566 0.2562
67 0.7003 0.8135 0.2174 0.3416
51 0.0330 0.3815 0.0659 0.0548
51 0.7510 0.7740 0.0897 0.0878
84 0.5839 0.2381 0.0534 0.0159
84 0.6421 0.2424 0.0604 0.0349
84 0.5880 0.2513 0.0627 0.0165
44 0.2599 0.2572 0.0540 0.1415
44 0.0941 0.0603 0.0267 0.1005
47 0.1492 0.2688 0.0185 0.0508
72 0.3450 0.4069 0.0300 0.1166
47 0.1109 0.2576 0.0249 0.0831
47 0.1316 0.2648 0.0232 0.0603
