3 0.1975 0.2519 0.1010 0.0339
3 0.4392 0.2488 0.0437 0.0227
3 0.1139 0.2596 0.0889 0.0413
1 0.6491 0.4809 0.4708 0.7820
41 0.6301 0.8847 0.3774 0.1753
1 0.1193 0.2361 0.0235 0.0586
1 0.5251 0.2405 0.0098 0.0386
1 0.5455 0.2450 0.0165 0.0329
1 0.7903 0.2104 0.0285 0.0500
1 0.8328 0.2396 0.0158 0.0452
1 0.8528 0.2456 0.0318 0.0656
1 0.8697 0.2599 0.0266 0.0813
3 0.2593 0.2502 0.0450 0.0192
3 0.3153 0.2483 0.0633 0.0263
3 0.4059 0.2512 0.0543 0.0259
3 0.4718 0.2484 0.0579 0.0259
3 0.0113 0.2518 0.0226 0.0454
13 0.9425 0.2110 0.0144 0.0317
