1 0.0987 0.5959 0.0658 0.2910
1 0.6520 0.6654 0.0670 0.2642
1 0.7290 0.6518 0.0504 0.1892
1 0.7489 0.6970 0.0916 0.1352
1 0.7822 0.6717 0.0512 0.1569
1 0.1108 0.7365 0.1475 0.1726
1 0.2494 0.6858 0.0401 0.0883
1 0.1545 0.6729 0.0382 0.1379
1 0.4655 0.6410 0.0236 0.0497
28 0.3271 0.5535 0.2275 0.0849
28 0.5355 0.6098 0.1180 0.0439
28 0.2324 0.6058 0.0960 0.0764
28 0.1612 0.6029 0.0677 0.0500
28 0.2930 0.6285 0.0254 0.0343
1 0.9040 0.6963 0.0265 0.0590
1 0.8754 0.6854 0.0261 0.0529
1 0.8369 0.6754 0.0099 0.0148
28 0.4760 0.6124 0.0597 0.0558
28 0.3519 0.6104 0.0533 0.0313
28 0.3871 0.6438 0.0730 0.0614
28 0.6035 0.6176 0.0360 0.0405
28 0.6859 0.6333 0.0182 0.0107
1 0.9885 0.6670 0.0230 0.1827
1 0.4984 0.6573 0.9938 0.2896
