1 0.7041 0.5726 0.1905 0.4648
1 0.1460 0.4484 0.0571 0.0716
42 0.4847 0.7284 0.5621 0.4393
62 0.8427 0.8794 0.2494 0.2090
62 0.6100 0.4450 0.0233 0.0351
42 0.2028 0.6767 0.4057 0.2510
42 0.9506 0.5840 0.0988 0.2274
42 0.9432 0.5269 0.0905 0.1158
42 0.4147 0.7254 0.5779 0.4005
42 0.3096 0.7258 0.4695 0.3627
42 0.1308 0.5946 0.2617 0.1425
42 0.1355 0.5670 0.2710 0.1235
42 0.3867 0.7000 0.5396 0.3558
42 0.3604 0.6584 0.6273 0.4545
42 0.8793 0.5380 0.0921 0.1772
42 0.5834 0.5167 0.2229 0.0980
62 0.8084 0.9052 0.2299 0.1636
62 0.5792 0.4465 0.0742 0.0802
42 0.0659 0.4959 0.1318 0.1392
42 0.8133 0.4875 0.3703 0.3000
