6 0.3973 0.5270 0.4858 0.6494
10 0.1301 0.4995 0.0201 0.0647
10 0.0922 0.5119 0.0124 0.0585
31 0.7310 0.7590 0.0105 0.0421
1 0.7043 0.7424 0.0514 0.2474
1 0.7875 0.7233 0.0132 0.1677
1 0.6801 0.6549 0.0408 0.1067
1 0.7645 0.7473 0.0442 0.2468
1 0.1264 0.6300 0.0261 0.0905
1 0.9519 0.6541 0.0543 0.0630
1 0.1454 0.6285 0.0133 0.0768
1 0.0243 0.6211 0.0337 0.0858
10 0.1043 0.5114 0.0135 0.0562
85 0.0131 0.3474 0.0261 0.0422
1 0.8238 0.6479 0.0453 0.0548
1 0.0102 0.6243 0.0177 0.0626
1 0.1348 0.6221 0.0086 0.0632
31 0.6471 0.7002 0.0173 0.0562
1 0.6149 0.6509 0.0336 0.0908
31 0.6655 0.7466 0.0424 0.0788
