7 0.5840 0.5135 0.5203 0.9146
1 0.2178 0.6245 0.0646 0.2619
1 0.1020 0.6611 0.0575 0.1731
1 0.8294 0.5064 0.0240 0.2563
1 0.0923 0.6623 0.0599 0.1926
1 0.4055 0.3039 0.0779 0.1142
10 0.8882 0.4340 0.0267 0.0839
10 0.8713 0.5242 0.0207 0.0392
15 0.0352 0.7078 0.0666 0.1677
15 0.1461 0.7093 0.0433 0.0745
1 0.6804 0.2742 0.0658 0.1104
1 0.9791 0.6840 0.0245 0.1478
1 0.9915 0.6829 0.0169 0.1158
1 0.0774 0.6711 0.0465 0.1662
15 0.1682 0.6926 0.0447 0.0827
1 0.0577 0.6739 0.0747 0.2078
1 0.7332 0.0642 0.0355 0.1285
