44 0.5774 0.7072 0.0418 0.1516
44 0.5293 0.6808 0.0379 0.1292
77 0.6038 0.3935 0.0390 0.0273
62 0.0820 0.8663 0.1639 0.2674
62 0.4605 0.9233 0.1121 0.1535
62 0.9053 0.9317 0.0769 0.1365
47 0.6605 0.7238 0.0506 0.0933
47 0.6280 0.7775 0.0480 0.0654
1 0.3215 0.7067 0.3404 0.5641
1 0.5422 0.4112 0.2630 0.5483
1 0.8646 0.3194 0.2708 0.3922
1 0.1027 0.5584 0.2053 0.8427
1 0.8384 0.6342 0.3232 0.3457
1 0.7367 0.7933 0.4827 0.4135
31 0.6675 0.7076 0.0996 0.0936
47 0.4897 0.6793 0.0441 0.0785
47 0.1794 0.3686 0.0429 0.0458
47 0.6156 0.7357 0.0348 0.0758
1 0.1346 0.4973 0.1551 0.7306
47 0.7155 0.4384 0.0362 0.0384
47 0.6082 0.6795 0.0198 0.0327
62 0.5992 0.9408 0.0426 0.0840
67 0.5742 0.7732 0.3277 0.2624
1 0.5855 0.5475 0.2329 0.2883
