19 0.5041 0.5707 0.3015 0.3837
1 0.4759 0.4568 0.1017 0.2699
1 0.9596 0.5552 0.0647 0.2310
1 0.3198 0.5624 0.0332 0.2003
1 0.2501 0.5085 0.0328 0.0967
1 0.5370 0.4150 0.0738 0.1457
1 0.2321 0.4660 0.0277 0.0515
1 0.2256 0.5199 0.0263 0.0791
1 0.1955 0.5551 0.0377 0.1510
28 0.9318 0.5748 0.0279 0.0843
32 0.9588 0.5069 0.0070 0.0626
31 0.0187 0.5242 0.0164 0.0483
31 0.0419 0.5648 0.0173 0.0415
1 0.0254 0.5354 0.0307 0.1497
1 0.2746 0.5421 0.0285 0.1549
19 0.6391 0.5987 0.1142 0.2925
31 0.2971 0.5308 0.0222 0.0365
1 0.9239 0.5388 0.0356 0.1971
31 0.2779 0.5362 0.0211 0.0537
31 0.1774 0.5083 0.0112 0.0244
1 0.2897 0.5575 0.0346 0.1462
