72 0.5070 0.4818 0.1289 0.1504
73 0.2469 0.5728 0.0342 0.0449
73 0.4562 0.6610 0.0353 0.0458
73 0.3914 0.7407 0.0387 0.0696
73 0.3254 0.9573 0.1589 0.0629
1 0.3678 0.7951 0.2144 0.4093
1 0.4516 0.5790 0.0834 0.1194
1 0.1838 0.6826 0.2300 0.2417
1 0.7333 0.8009 0.3057 0.3982
1 0.7937 0.6317 0.0863 0.1744
1 0.9093 0.6282 0.1440 0.2275
1 0.7950 0.5539 0.0704 0.0991
1 0.6376 0.5280 0.0467 0.0660
1 0.6260 0.6443 0.1005 0.2021
1 0.7180 0.5331 0.0324 0.0693
62 0.2544 0.7842 0.0972 0.2191
62 0.6278 0.7253 0.0990 0.1200
62 0.9110 0.7503 0.1434 0.1848
62 0.1297 0.9393 0.2594 0.1214
73 0.7035 0.6028 0.1158 0.0519
1 0.6951 0.5718 0.0677 0.1121
1 0.9464 0.9127 0.1072 0.1747
62 0.4613 0.6764 0.0544 0.1200
62 0.8270 0.9368 0.2593 0.1260
62 0.6142 0.5231 0.0143 0.0107
62 0.4262 0.7227 0.0941 0.1267
62 0.5533 0.5986 0.0479 0.1101
62 0.0466 0.8740 0.0932 0.0922
62 0.8061 0.7218 0.0808 0.1125
1 0.6666 0.5160 0.0354 0.0657
62 0.6432 0.5704 0.0275 0.0198
73 0.2340 0.5859 0.0414 0.0481
62 0.5586 0.5867 0.3891 0.0913
1 0.4375 0.5761 0.4250 0.3326
