72 0.4222 0.7165 0.4206 0.5299
44 0.1804 0.8277 0.0931 0.3081
84 0.7224 0.3893 0.0116 0.1263
84 0.8544 0.3942 0.0960 0.1684
84 0.6706 0.3928 0.0125 0.1287
84 0.6804 0.3927 0.0102 0.1303
84 0.6923 0.3951 0.0128 0.1260
84 0.6940 0.7595 0.0587 0.1520
84 0.7033 0.3901 0.0176 0.1304
84 0.7352 0.3918 0.1441 0.1306
84 0.7037 0.9461 0.2444 0.0854
88 0.4342 0.0794 0.0965 0.1417
51 0.3492 0.2241 0.0810 0.0635
74 0.2329 0.9759 0.0722 0.0473
84 0.2299 0.2486 0.1095 0.0141
84 0.2281 0.2601 0.1111 0.0141
84 0.2310 0.2740 0.1075 0.0126
88 0.8108 0.1644 0.0797 0.1471
84 0.2315 0.2869 0.1074 0.0139
44 0.4389 0.2155 0.0544 0.1764
84 0.7310 0.8467 0.1900 0.3013
