10 0.3328 0.1517 0.0300 0.0831
10 0.3905 0.4170 0.0203 0.0448
10 0.4901 0.4929 0.0076 0.0284
10 0.1633 0.4892 0.0101 0.0344
1 0.2556 0.6607 0.2204 0.6741
1 0.3887 0.5794 0.0099 0.0584
3 0.8613 0.7258 0.2773 0.5258
3 0.8032 0.6216 0.2029 0.3851
3 0.7018 0.6029 0.0435 0.1087
3 0.6168 0.5946 0.0663 0.0613
3 0.4230 0.5761 0.0835 0.0477
10 0.1567 0.1236 0.0210 0.0844
3 0.0374 0.5751 0.0737 0.0452
3 0.5498 0.5897 0.0738 0.0544
3 0.6041 0.5740 0.0516 0.0356
3 0.6667 0.6002 0.0408 0.0797
3 0.0666 0.5726 0.0577 0.0456
3 0.6846 0.6049 0.0352 0.0878
