3 0.6315 0.4722 0.0469 0.0504
6 0.5146 0.7841 0.2728 0.4314
6 0.1062 0.7031 0.1741 0.2620
6 0.3432 0.5890 0.1183 0.2082
1 0.7209 0.8687 0.1143 0.2519
1 0.4963 0.8438 0.1080 0.2899
6 0.6329 0.4068 0.0987 0.0789
1 0.7467 0.6603 0.0149 0.1251
1 0.9482 0.7283 0.0463 0.1880
1 0.5178 0.4952 0.0167 0.0902
1 0.5859 0.4447 0.0173 0.0617
1 0.5514 0.8922 0.0607 0.2156
2 0.7196 0.5501 0.0340 0.0510
6 0.2336 0.6717 0.0818 0.2346
6 0.2870 0.6212 0.0866 0.2272
6 0.4252 0.5292 0.0818 0.1357
6 0.4325 0.4905 0.0780 0.1307
6 0.4606 0.4825 0.0740 0.1316
6 0.5757 0.4101 0.0481 0.0750
6 0.5474 0.4433 0.0540 0.0991
1 0.6345 0.9278 0.0845 0.1443
1 0.6306 0.5939 0.0156 0.0213
3 0.6065 0.5169 0.0618 0.0766
3 0.6633 0.4782 0.0297 0.0612
3 0.6542 0.4301 0.0394 0.0355
3 0.6457 0.3394 0.0170 0.0073
3 0.4789 0.4842 0.0529 0.1247
3 0.6330 0.4903 0.0481 0.0456
8 0.6321 0.4803 0.0445 0.0651
8 0.7168 0.5111 0.0763 0.1167
8 0.6527 0.4343 0.0349 0.0322
8 0.6933 0.3887 0.0311 0.0463
1 0.7902 0.6065 0.0343 0.1407
1 0.7783 0.6245 0.0267 0.0592
1 0.7763 0.6794 0.0217 0.1033
6 0.3849 0.5422 0.0962 0.1363
