1 0.0435 0.6899 0.0840 0.5933
1 0.0692 0.4490 0.0336 0.1207
1 0.2338 0.4459 0.0522 0.1496
1 0.6023 0.4868 0.0791 0.2796
1 0.2766 0.5075 0.0413 0.2073
1 0.3157 0.4744 0.0650 0.2033
55 0.8229 0.8430 0.0671 0.1023
55 0.6950 0.8483 0.0687 0.0968
31 0.1203 0.5053 0.0261 0.0933
53 0.5982 0.6642 0.0637 0.0667
53 0.6207 0.6410 0.0388 0.0695
53 0.5755 0.6315 0.0569 0.0696
53 0.3361 0.6480 0.0225 0.0331
53 0.3409 0.6152 0.0185 0.0314
53 0.3953 0.6111 0.0202 0.0217
1 0.1784 0.4284 0.0385 0.0881
1 0.3613 0.4433 0.0283 0.0644
27 0.0731 0.6460 0.1461 0.3444
31 0.2207 0.4532 0.0135 0.0817
31 0.2724 0.6331 0.0338 0.1300
55 0.8745 0.9369 0.0836 0.1164
55 0.9262 0.8369 0.0733 0.0878
55 0.3538 0.9475 0.0778 0.1049
55 0.1855 0.9316 0.0820 0.1203
55 0.9207 0.7633 0.0543 0.0733
55 0.7260 0.9417 0.0777 0.1167
55 0.8803 0.8092 0.0411 0.0671
55 0.9001 0.8251 0.0253 0.0707
55 0.8012 0.9305 0.0670 0.1057
1 0.2384 0.5491 0.0432 0.2329
1 0.2129 0.4365 0.0347 0.1260
1 0.5389 0.4572 0.0430 0.1323
1 0.1445 0.4792 0.0565 0.1550
55 0.5670 0.9549 0.0888 0.0903
55 0.5636 0.8585 0.0718 0.1056
1 0.7652 0.4215 0.0224 0.0405
53 0.3975 0.6558 0.0544 0.0402
55 0.6078 0.8993 0.6937 0.1967
1 0.3937 0.4813 0.6062 0.2553
