24 0.3333 0.6217 0.1077 0.1966
24 0.4201 0.5757 0.0843 0.2801
24 0.5692 0.6270 0.1154 0.1605
24 0.7254 0.5750 0.0972 0.2402
21 0.2181 0.4161 0.1280 0.0959
21 0.5023 0.4247 0.0366 0.0529
21 0.5372 0.4191 0.0413 0.0363
21 0.5999 0.4111 0.0678 0.0735
21 0.7420 0.4171 0.0619 0.0839
21 0.8159 0.3922 0.0427 0.0720
21 0.2454 0.4646 0.1710 0.0771
21 0.0650 0.3880 0.0942 0.0873
21 0.8921 0.4162 0.0415 0.0481
21 0.7716 0.4707 0.0707 0.0735
21 0.6479 0.3974 0.0457 0.0749
21 0.9479 0.4468 0.0624 0.1247
21 0.4534 0.3882 0.0834 0.0797
21 0.5297 0.5644 0.9031 0.4309
