44 0.0473 0.7265 0.0866 0.2791
1 0.2725 0.3483 0.1550 0.1595
1 0.3992 0.3371 0.1254 0.1406
1 0.1343 0.3547 0.1740 0.2004
47 0.7179 0.5301 0.0307 0.0546
49 0.1929 0.7060 0.1459 0.0243
79 0.6905 0.7590 0.1188 0.3327
84 0.8183 0.3018 0.0063 0.0271
84 0.8313 0.2736 0.0029 0.0271
1 0.6176 0.3573 0.1234 0.2376
1 0.0272 0.3773 0.0543 0.1729
47 0.5043 0.3887 0.0295 0.0323
47 0.4824 0.3923 0.0202 0.0281
47 0.3736 0.3951 0.0196 0.0442
47 0.2897 0.4107 0.0238 0.0538
84 0.1800 0.9161 0.1591 0.1194
84 0.8244 0.2721 0.0033 0.0255
84 0.8267 0.3017 0.0612 0.0263
1 0.7968 0.5241 0.4063 0.9235
47 0.4827 0.3738 0.0184 0.0104
51 0.3362 0.5765 0.0896 0.0635
84 0.8007 0.2688 0.0059 0.0269
84 0.8200 0.2723 0.0065 0.0282
84 0.8358 0.2698 0.0066 0.0299
51 0.4598 0.6521 0.1481 0.0698
78 0.5658 0.7980 0.1105 0.1687
