62 0.8424 0.7798 0.1030 0.4135
62 0.1223 0.6483 0.0612 0.1768
67 0.4152 0.7955 0.8305 0.3826
1 0.4223 0.5371 0.1492 0.2696
1 0.7103 0.5618 0.1910 0.3326
1 0.8207 0.3753 0.1671 0.4180
1 0.1254 0.4607 0.1313 0.5573
1 0.2536 0.4217 0.1329 0.4685
1 0.2311 0.5614 0.1629 0.3124
1 0.5036 0.4258 0.1149 0.3213
1 0.4454 0.3752 0.0864 0.2709
1 0.6829 0.3981 0.1163 0.3436
1 0.5869 0.3474 0.1118 0.2774
32 0.7997 0.3662 0.0293 0.1466
32 0.1677 0.3726 0.0340 0.1212
32 0.4469 0.3847 0.0169 0.1076
32 0.3738 0.4335 0.0224 0.1541
32 0.6876 0.3939 0.0171 0.1223
32 0.5835 0.3539 0.0155 0.0992
32 0.2521 0.3551 0.0201 0.1131
62 0.3334 0.6086 0.0388 0.1414
62 0.6548 0.5591 0.0127 0.0407
1 0.5751 0.5293 0.1483 0.2491
1 0.3582 0.4640 0.1258 0.4337
