38 0.4284 0.2052 0.0603 0.0501
38 0.6806 0.4374 0.0486 0.0374
38 0.5388 0.3546 0.0240 0.0189
38 0.2266 0.0982 0.0591 0.0815
1 0.3204 0.7337 0.0608 0.2492
1 0.5554 0.7800 0.0720 0.2900
1 0.4450 0.7513 0.0480 0.2536
1 0.5118 0.7002 0.0378 0.1653
1 0.4869 0.6804 0.0219 0.1617
1 0.3679 0.7226 0.0425 0.1948
1 0.6157 0.6183 0.0121 0.0246
1 0.2866 0.7080 0.0433 0.2536
1 0.1597 0.7450 0.0813 0.2719
1 0.5645 0.6647 0.0294 0.0988
1 0.4165 0.6901 0.0227 0.1503
1 0.3906 0.6940 0.0259 0.1238
27 0.4190 0.7236 0.0202 0.0563
27 0.3604 0.6967 0.0297 0.0695
38 0.6773 0.5173 0.0271 0.0591
38 0.8687 0.3363 0.0522 0.0331
38 0.7192 0.4842 0.0112 0.0222
38 0.7760 0.4475 0.0184 0.0149
38 0.6000 0.4443 0.0079 0.0143
38 0.4625 0.4347 0.0102 0.0189
38 0.4925 0.4564 0.0105 0.0146
38 0.5588 0.4407 0.0170 0.0209
1 0.7777 0.6449 0.0210 0.0645
38 0.6716 0.3212 0.0273 0.0575
38 0.3430 0.2529 0.5734 0.5058
