62 0.9113 0.9118 0.1774 0.1548
62 0.1616 0.9472 0.1907 0.0862
62 0.9732 0.4938 0.0535 0.0919
62 0.8204 0.4496 0.1236 0.1060
62 0.6562 0.4134 0.1027 0.0676
62 0.1035 0.4353 0.0970 0.0630
47 0.2802 0.4870 0.0295 0.0536
74 0.4542 0.7173 0.7128 0.1191
1 0.7058 0.2369 0.1136 0.3640
1 0.5351 0.2270 0.0893 0.2786
1 0.4506 0.2555 0.0949 0.2976
1 0.3424 0.2541 0.0990 0.3365
1 0.2199 0.2551 0.1062 0.3933
1 0.9517 0.2528 0.0966 0.4292
1 0.1104 0.2716 0.1044 0.4127
1 0.6199 0.2444 0.0743 0.2883
1 0.2914 0.2403 0.0722 0.2608
1 0.7669 0.2258 0.0615 0.3624
62 0.1660 0.3147 0.0384 0.0681
62 0.3791 0.3246 0.0176 0.0797
62 0.0665 0.3808 0.0385 0.1027
73 0.4390 0.8109 0.3287 0.3596
73 0.8527 0.5452 0.1619 0.1983
73 0.2671 0.6697 0.2376 0.2876
73 0.0935 0.5706 0.1869 0.2228
73 0.0895 0.4976 0.1349 0.1227
73 0.3674 0.4067 0.1276 0.0998
73 0.7078 0.4572 0.1250 0.1239
73 0.6483 0.7476 0.3001 0.3299
73 0.5731 0.4332 0.1282 0.0895
84 0.6748 0.6443 0.0809 0.0913
1 0.8640 0.2979 0.1340 0.3273
47 0.6947 0.5346 0.0309 0.0662
47 0.1892 0.4877 0.0277 0.0673
73 0.9361 0.5101 0.1277 0.1201
73 0.0245 0.5234 0.0405 0.1360
73 0.2433 0.4341 0.1550 0.1074
1 0.0347 0.2801 0.0693 0.3844
84 0.6919 0.6832 0.0660 0.0731
62 0.2785 0.3959 0.1047 0.0594
62 0.5471 0.3969 0.1035 0.0787
73 0.4617 0.3979 0.0891 0.0625
