1 0.4400 0.5056 0.4423 0.9663
1 0.6424 0.6047 0.2029 0.5698
39 0.8247 0.3134 0.3478 0.1208
40 0.3696 0.5742 0.1484 0.2135
1 0.1743 0.6725 0.3466 0.6550
15 0.1490 0.1026 0.2877 0.0545
15 0.8218 0.6875 0.2815 0.2266
15 0.9228 0.4822 0.1539 0.0189
15 0.8873 0.4390 0.2253 0.0156
15 0.8269 0.4147 0.2627 0.0661
15 0.7507 0.3606 0.2507 0.0599
15 0.1672 0.2533 0.1750 0.0338
62 0.1124 0.1151 0.0213 0.0472
62 0.1525 0.1165 0.0159 0.0381
62 0.2257 0.1326 0.0189 0.0444
62 0.1491 0.2197 0.0206 0.0540
62 0.0956 0.2699 0.0345 0.0528
62 0.2050 0.2718 0.0144 0.0403
62 0.1971 0.3248 0.0174 0.0527
62 0.2213 0.3295 0.0286 0.0581
