64 0.0940 0.7310 0.1779 0.1245
64 0.6992 0.6052 0.0582 0.0465
64 0.7422 0.6049 0.0594 0.0543
64 0.7406 0.5174 0.0447 0.0319
28 0.6448 0.5234 0.0783 0.0175
28 0.5034 0.5376 0.1111 0.0490
28 0.4568 0.4991 0.1030 0.0270
28 0.5243 0.5082 0.0493 0.0139
28 0.5480 0.5214 0.0636 0.0213
85 0.6651 0.4525 0.0303 0.0249
1 0.4729 0.6105 0.0679 0.1282
1 0.5334 0.5911 0.0541 0.0942
1 0.5949 0.5801 0.0586 0.0770
1 0.6392 0.5784 0.0437 0.1092
15 0.7785 0.6239 0.1070 0.0941
33 0.4328 0.6608 0.0639 0.0607
1 0.4539 0.5497 0.0309 0.0795
15 0.4265 0.5779 0.0345 0.0502
28 0.5974 0.5344 0.0544 0.0212
28 0.5638 0.5431 0.0283 0.0195
28 0.5880 0.5207 0.0390 0.0112
31 0.5087 0.5867 0.0168 0.0208
1 0.5559 0.5716 0.0085 0.0224
31 0.5733 0.5606 0.0140 0.0160
