37 0.5598 0.0825 0.0255 0.0211
43 0.3074 0.3815 0.1187 0.1360
1 0.3767 0.5823 0.3143 0.6612
1 0.7714 0.2617 0.1338 0.1268
1 0.6383 0.2668 0.1127 0.1362
1 0.8451 0.1693 0.1474 0.1536
1 0.0545 0.2889 0.0965 0.0773
1 0.0472 0.2475 0.0945 0.1159
1 0.7848 0.3005 0.1120 0.0749
1 0.8899 0.2641 0.1258 0.1551
1 0.0149 0.1873 0.0297 0.0590
1 0.6749 0.3060 0.1093 0.0626
1 0.1492 0.2614 0.1289 0.1330
1 0.9600 0.2327 0.0801 0.1940
62 0.0445 0.2338 0.0880 0.0255
62 0.8938 0.0547 0.0517 0.0333
1 0.6411 0.2116 0.1269 0.1295
1 0.4987 0.4800 0.9973 0.9560
