72 0.3750 0.1102 0.1369 0.1692
62 0.6555 0.7662 0.1696 0.3426
62 0.8275 0.8082 0.1933 0.3583
62 0.2619 0.9030 0.2182 0.1702
63 0.4692 0.5852 0.3429 0.3793
1 0.1971 0.4143 0.1620 0.3536
1 0.1904 0.3064 0.0798 0.1780
1 0.3549 0.3749 0.0775 0.1305
1 0.5597 0.3884 0.0323 0.0577
1 0.8523 0.5364 0.2327 0.3899
1 0.6651 0.5351 0.1509 0.4314
1 0.7068 0.3229 0.0788 0.1708
1 0.2926 0.7235 0.0940 0.3590
1 0.4803 0.8831 0.2022 0.2292
1 0.6289 0.3155 0.1084 0.2123
1 0.1511 0.9124 0.3021 0.1483
1 0.3678 0.1124 0.0834 0.1034
51 0.1520 0.7739 0.0428 0.0535
62 0.1896 0.5475 0.0778 0.1440
