1 0.5073 0.3921 0.8595 0.7708
64 0.4705 0.6912 0.6983 0.6021
49 0.6925 0.9090 0.1373 0.1820
51 0.3160 0.2487 0.0657 0.0629
86 0.4260 0.9278 0.2107 0.1443
67 0.5000 0.8271 1.0000 0.3146
47 0.2068 0.2530 0.0263 0.0538
47 0.2690 0.2634 0.0338 0.0375
50 0.8098 0.0394 0.0109 0.0787
50 0.8572 0.0485 0.0137 0.0703
50 0.8703 0.0408 0.0118 0.0746
50 0.8814 0.0490 0.0170 0.0707
50 0.8055 0.1308 0.0166 0.1005
50 0.8171 0.1467 0.0113 0.0680
50 0.8528 0.1337 0.0182 0.0906
50 0.8914 0.1544 0.0180 0.0685
50 0.8767 0.1521 0.0159 0.0733
50 0.8329 0.0453 0.0189 0.0714
50 0.8286 0.1366 0.0129 0.0837
50 0.8651 0.1363 0.0134 0.0850
47 0.2330 0.2534 0.0281 0.0465
50 0.8941 0.0479 0.0157 0.0649
50 0.8063 0.1604 0.1000 0.3208
