1 0.8270 0.5955 0.1402 0.4674
60 0.1789 0.5985 0.0373 0.0284
60 0.5125 0.4591 0.0257 0.0165
60 0.3116 0.5734 0.0386 0.0287
60 0.3302 0.6125 0.0462 0.0350
60 0.1448 0.6924 0.0498 0.0396
60 0.5313 0.4481 0.0248 0.0185
60 0.1426 0.6392 0.0446 0.0302
60 0.1265 0.6257 0.0323 0.0309
60 0.1942 0.6164 0.0422 0.0305
60 0.2163 0.5869 0.0368 0.0272
60 0.2341 0.5996 0.0455 0.0305
60 0.2421 0.5643 0.0352 0.0223
1 0.7651 0.4929 0.4698 0.9835
31 0.8101 0.8495 0.0985 0.3011
60 0.4549 0.4597 0.0271 0.0170
60 0.5406 0.4375 0.1625 0.1211
