20 0.4744 0.6278 0.0427 0.0336
20 0.3902 0.6624 0.0252 0.0265
20 0.2697 0.5795 0.0252 0.0300
20 0.2266 0.5186 0.0332 0.0305
20 0.2512 0.5180 0.0297 0.0221
20 0.1588 0.5697 0.0427 0.0403
20 0.1329 0.5711 0.0255 0.0318
20 0.4346 0.6312 0.0343 0.0346
1 0.4032 0.7512 0.0448 0.0884
20 0.2589 0.6431 0.0330 0.0418
20 0.3123 0.6650 0.0311 0.0259
20 0.5145 0.7133 0.0241 0.0305
20 0.2199 0.4976 0.0170 0.0094
20 0.5089 0.6239 0.0257 0.0312
20 0.4050 0.5540 0.0348 0.0341
20 0.3750 0.6274 0.0204 0.0256
20 0.4919 0.7247 0.0250 0.0336
20 0.5551 0.6042 0.0335 0.0460
20 0.3427 0.6380 0.5040 0.3080
