28 0.5211 0.4876 0.5355 0.2387
28 0.8488 0.6155 0.1395 0.1212
28 0.2480 0.6215 0.1099 0.1154
28 0.0790 0.6557 0.1499 0.1449
28 0.1383 0.5737 0.1108 0.0313
28 0.9834 0.5890 0.0332 0.1594
1 0.4001 0.7891 0.3636 0.4216
1 0.6868 0.8112 0.2208 0.3551
1 0.8667 0.8122 0.1132 0.3311
1 0.5196 0.6385 0.0466 0.1102
1 0.0681 0.8358 0.0921 0.2647
1 0.1407 0.7410 0.0725 0.3247
1 0.2485 0.7393 0.0917 0.1815
27 0.2711 0.7031 0.0482 0.0566
31 0.9792 0.6609 0.0417 0.0404
1 0.9852 0.7315 0.0296 0.1132
1 0.9636 0.6040 0.0271 0.0843
31 0.2684 0.8852 0.0335 0.2295
1 0.3040 0.5996 0.0172 0.0353
27 0.2708 0.8948 0.0312 0.2104
27 0.1306 0.6946 0.0350 0.0397
27 0.4278 0.6433 0.0191 0.0658
28 0.1769 0.6162 0.0485 0.0578
