44 0.1074 0.5825 0.0310 0.1073
44 0.3422 0.5172 0.0212 0.0859
44 0.2209 0.5274 0.0234 0.0908
67 0.5163 0.8739 0.7725 0.2313
1 0.5614 0.5102 0.2335 0.5504
54 0.3913 0.8770 0.0923 0.0801
49 0.7867 0.5579 0.0096 0.0306
49 0.4412 0.8019 0.1379 0.0691
78 0.8761 0.2780 0.2388 0.2421
81 0.0708 0.6621 0.1417 0.0683
44 0.3660 0.5158 0.0230 0.0876
49 0.7819 0.4931 0.0138 0.0405
49 0.8021 0.4947 0.0124 0.0376
58 0.2395 0.5846 0.0138 0.0166
58 0.2305 0.5796 0.0162 0.0153
79 0.5505 0.6246 0.3030 0.3338
44 0.5197 0.8746 0.0797 0.2254
47 0.4431 0.5405 0.0430 0.0641
47 0.8890 0.5830 0.0304 0.0477
49 0.7696 0.5026 0.0114 0.0388
49 0.8162 0.5109 0.0161 0.0434
49 0.7810 0.5574 0.0080 0.0279
51 0.3862 0.5596 0.0504 0.0273
