37 0.4666 0.6564 0.0239 0.0356
37 0.1614 0.5286 0.0108 0.0211
37 0.1765 0.5596 0.0167 0.0285
1 0.3647 0.5916 0.0557 0.1824
1 0.4745 0.5525 0.0667 0.1690
1 0.6273 0.5803 0.0915 0.1929
1 0.1712 0.5226 0.1860 0.7282
1 0.5733 0.5439 0.0387 0.1361
1 0.6875 0.5450 0.1606 0.7037
1 0.3852 0.4459 0.0347 0.1334
39 0.6598 0.2557 0.0635 0.2015
1 0.8918 0.5496 0.1247 0.2928
1 0.2403 0.5933 0.0897 0.1858
1 0.6134 0.5407 0.0491 0.1392
31 0.3929 0.4336 0.0083 0.0203
1 0.3087 0.5976 0.0818 0.1967
1 0.5294 0.5667 0.0970 0.1825
1 0.7578 0.6077 0.0402 0.1218
1 0.4305 0.4578 0.8484 0.4801
