1 0.7802 0.4795 0.1869 0.7195
1 0.3685 0.3574 0.0595 0.2549
1 0.4482 0.3676 0.0637 0.2799
1 0.5885 0.4052 0.1424 0.3133
1 0.8941 0.2161 0.0673 0.2084
1 0.7155 0.0622 0.0530 0.0847
1 0.6820 0.0596 0.0352 0.0876
39 0.6782 0.5950 0.0790 0.2303
39 0.4208 0.4683 0.0099 0.0631
1 0.4071 0.0912 0.0405 0.0659
1 0.3416 0.1147 0.0214 0.0522
62 0.2354 0.3427 0.0814 0.1165
1 0.7205 0.2380 0.0472 0.0928
1 0.6770 0.2550 0.0794 0.1157
40 0.7731 0.5006 0.0394 0.0517
77 0.8797 0.1626 0.0068 0.0172
1 0.9699 0.2529 0.0602 0.1447
62 0.7250 0.1270 0.0207 0.0280
62 0.3974 0.1442 0.0125 0.0128
62 0.2736 0.1726 0.0083 0.0128
1 0.4301 0.0934 0.0262 0.0437
1 0.6023 0.0854 0.6891 0.1708
