28 0.7410 0.3024 0.1964 0.1416
28 0.8803 0.3852 0.2258 0.1805
28 0.5162 0.2844 0.2741 0.2302
28 0.2022 0.2612 0.3944 0.2292
1 0.3256 0.5831 0.1376 0.5550
1 0.3883 0.5526 0.1009 0.4963
1 0.5011 0.5511 0.1196 0.5209
1 0.6142 0.5500 0.1213 0.5482
1 0.1234 0.6056 0.1494 0.5775
1 0.7617 0.6029 0.1280 0.5252
1 0.8582 0.6096 0.1580 0.5857
1 0.2315 0.5673 0.1382 0.6206
27 0.9803 0.7033 0.0395 0.1081
34 0.9041 0.8514 0.0384 0.0227
34 0.9110 0.8629 0.0501 0.0256
1 0.7009 0.5649 0.1118 0.4922
34 0.9657 0.6900 0.0084 0.0224
