18 0.4374 0.5008 0.0820 0.1785
34 0.4197 0.4792 0.0461 0.0537
34 0.5263 0.7751 0.0428 0.0161
34 0.6137 0.7903 0.0412 0.0401
34 0.8798 0.5988 0.0351 0.0118
1 0.6733 0.5663 0.1082 0.4494
1 0.0699 0.5124 0.0796 0.1798
1 0.1602 0.4902 0.0745 0.1309
1 0.2551 0.4018 0.0621 0.1585
1 0.8476 0.3730 0.0962 0.3461
1 0.3660 0.3815 0.0413 0.0923
1 0.3674 0.3182 0.0217 0.0357
1 0.4779 0.2427 0.0541 0.1258
1 0.9416 0.3084 0.0416 0.1393
1 0.9655 0.2700 0.0291 0.0971
1 0.7604 0.4150 0.0653 0.2528
1 0.7186 0.3021 0.0610 0.1394
1 0.1068 0.4737 0.0405 0.1722
1 0.4914 0.2570 0.9672 0.5000
