19 0.3640 0.8771 0.2227 0.2459
19 0.0888 0.8775 0.1730 0.2315
19 0.0736 0.3592 0.0732 0.2016
19 0.5862 0.8755 0.1681 0.2489
20 0.1457 0.6252 0.2072 0.1971
20 0.3379 0.1342 0.1685 0.2125
20 0.8520 0.3893 0.2138 0.2397
1 0.5915 0.1404 0.1762 0.2203
1 0.0743 0.3535 0.0789 0.2042
13 0.1044 0.1304 0.1695 0.2411
20 0.8602 0.6234 0.0604 0.0828
20 0.6306 0.2121 0.0560 0.0718
20 0.9342 0.1287 0.1222 0.0978
16 0.5792 0.4238 0.1731 0.2768
16 0.4181 0.4243 0.1128 0.2096
19 0.1971 0.8896 0.1059 0.2004
19 0.9067 0.8734 0.0285 0.0516
20 0.8567 0.1096 0.0937 0.0930
20 0.7272 0.1668 0.0489 0.0813
51 0.0621 0.6980 0.1158 0.0971
