3 0.0446 0.6996 0.0582 0.0851
6 0.4744 0.5348 0.5545 0.7640
1 0.2074 0.6843 0.0218 0.1126
1 0.1778 0.6902 0.0229 0.1066
1 0.8217 0.6864 0.0196 0.0556
1 0.7688 0.6947 0.0155 0.0813
1 0.8975 0.6922 0.0131 0.0708
1 0.9187 0.6897 0.0132 0.0554
1 0.9604 0.6947 0.0138 0.0644
1 0.2259 0.6689 0.0121 0.0511
1 0.2533 0.3962 0.0264 0.0404
1 0.1100 0.6522 0.0147 0.0441
1 0.1655 0.6581 0.0152 0.0503
1 0.8332 0.7023 0.0204 0.0686
1 0.1278 0.6572 0.0143 0.0485
1 0.1443 0.6550 0.0119 0.0447
1 0.9811 0.6880 0.0222 0.0995
3 0.0730 0.6696 0.0669 0.0495
3 0.0111 0.6948 0.0222 0.1272
8 0.0220 0.6073 0.0431 0.0833
1 0.5578 0.5354 0.8750 0.4083
