1 0.6915 0.4719 0.2890 0.7640
1 0.3640 0.4843 0.2964 0.8202
1 0.6424 0.2327 0.0742 0.1414
31 0.2389 0.3595 0.0445 0.0738
31 0.4854 0.2979 0.0168 0.0588
33 0.2185 0.8749 0.2003 0.1969
33 0.5896 0.8644 0.2042 0.2148
33 0.6001 0.6273 0.1859 0.1776
33 0.2433 0.6573 0.1829 0.2584
33 0.6005 0.7252 0.1485 0.1059
1 0.5846 0.2302 0.0439 0.1208
1 0.0503 0.2434 0.0338 0.1164
1 0.2699 0.2790 0.0687 0.2335
1 0.5171 0.2299 0.0354 0.1202
1 0.4552 0.2887 0.0677 0.2631
33 0.2245 0.2804 0.0292 0.0597
1 0.2051 0.2414 0.0531 0.1309
