1 0.7310 0.4221 0.3712 0.4366
1 0.6395 0.2542 0.0257 0.0421
1 0.4643 0.2740 0.0221 0.0747
41 0.6075 0.6765 0.3056 0.1350
41 0.4592 0.5710 0.0346 0.0219
1 0.3097 0.3537 0.0130 0.0269
27 0.9320 0.3622 0.0334 0.0644
1 0.4591 0.4815 0.0946 0.1723
1 0.7359 0.2447 0.0321 0.0838
1 0.4416 0.2973 0.0165 0.1091
1 0.4278 0.2868 0.0157 0.0811
1 0.4066 0.2771 0.0151 0.0659
1 0.4004 0.3252 0.0419 0.0700
1 0.5229 0.2784 0.0214 0.0896
1 0.3525 0.3047 0.0214 0.0954
1 0.3229 0.3002 0.0269 0.1041
1 0.6297 0.3173 0.6906 0.1944
