32 0.1614 0.4309 0.0199 0.0829
32 0.4122 0.4820 0.0250 0.1704
32 0.7724 0.4030 0.0169 0.0701
32 0.8979 0.4585 0.0190 0.1964
62 0.9177 0.7266 0.1442 0.2586
1 0.9080 0.5956 0.1570 0.7345
1 0.8319 0.5587 0.0781 0.6453
1 0.7689 0.6007 0.1531 0.6838
1 0.5928 0.6225 0.1643 0.6698
1 0.5520 0.5802 0.1007 0.6509
1 0.4707 0.6197 0.1105 0.6348
1 0.4132 0.5896 0.0800 0.6092
1 0.3552 0.6495 0.1058 0.5985
1 0.2968 0.5946 0.0770 0.6212
1 0.1482 0.6239 0.1387 0.7094
1 0.2555 0.6387 0.1089 0.6589
44 0.0251 0.9053 0.0204 0.0759
44 0.1323 0.8753 0.0209 0.0780
62 0.0387 0.5942 0.0760 0.0978
1 0.6646 0.5901 0.1078 0.6602
62 0.0493 0.7757 0.0985 0.3110
62 0.7461 0.7408 0.0602 0.1209
44 0.2158 0.8208 0.0067 0.0363
62 0.1421 0.7247 0.1593 0.3590
