10 0.1886 0.8366 0.0187 0.0789
10 0.8492 0.6662 0.0259 0.1089
10 0.5618 0.4006 0.0162 0.0512
10 0.1378 0.4155 0.0226 0.0676
3 0.7123 0.7872 0.1469 0.1008
3 0.6686 0.7372 0.1443 0.0654
3 0.6455 0.7219 0.1529 0.0797
3 0.2904 0.8037 0.0707 0.0896
3 0.2761 0.7380 0.0572 0.0750
3 0.2865 0.7497 0.0652 0.0671
10 0.4238 0.2578 0.0088 0.0264
10 0.1895 0.2601 0.0074 0.0250
10 0.9647 0.8433 0.0161 0.0285
10 0.1868 0.8939 0.0179 0.0268
3 0.6710 0.7602 0.1041 0.0853
3 0.6228 0.6848 0.1242 0.0589
3 0.4560 0.4735 0.4519 0.5017
8 0.4807 0.4833 0.0777 0.0418
8 0.5780 0.6148 0.1072 0.0660
8 0.4633 0.4147 0.0718 0.0338
8 0.6088 0.6392 0.1594 0.0808
8 0.4385 0.4343 0.0965 0.0490
