2 0.8980 0.7569 0.0812 0.1289
3 0.9565 0.8052 0.0862 0.3649
6 0.4595 0.4966 0.5903 0.7865
1 0.4397 0.2813 0.0366 0.0743
1 0.4865 0.2547 0.0374 0.0721
1 0.6103 0.2967 0.0279 0.0551
1 0.7790 0.7108 0.0298 0.1423
1 0.8090 0.7161 0.0156 0.1328
1 0.8289 0.7114 0.0265 0.1646
1 0.8486 0.7125 0.0204 0.1437
1 0.9027 0.7053 0.0606 0.1590
1 0.9170 0.6567 0.0282 0.0682
1 0.9445 0.6745 0.0225 0.1165
1 0.8624 0.6929 0.0254 0.1157
8 0.0833 0.6897 0.1132 0.1688
1 0.8761 0.6547 0.0215 0.0507
8 0.0174 0.6905 0.0349 0.1384
1 0.8927 0.6339 0.0241 0.0584
4 0.9008 0.7568 0.0853 0.1197
1 0.5391 0.4819 0.7969 0.4917
