3 0.5140 0.8165 0.5378 0.2815
6 0.8148 0.7132 0.1889 0.0941
85 0.5480 0.2879 0.0451 0.0592
85 0.6042 0.2971 0.0186 0.0532
1 0.2106 0.7254 0.0105 0.0368
1 0.1877 0.7263 0.0068 0.0291
1 0.3457 0.7239 0.0241 0.0616
1 0.1592 0.7242 0.0108 0.0432
1 0.9640 0.7341 0.0088 0.0302
1 0.3624 0.7257 0.0128 0.0422
1 0.2713 0.7227 0.0056 0.0183
1 0.3828 0.7229 0.0145 0.0523
3 0.9246 0.7343 0.0322 0.0312
3 0.9902 0.7555 0.0195 0.0570
3 0.0462 0.7240 0.0379 0.0268
10 0.0588 0.5223 0.0509 0.1429
10 0.9345 0.6932 0.0070 0.0248
10 0.0138 0.5250 0.0277 0.1343
1 0.4041 0.7260 0.0192 0.0445
1 0.3713 0.7261 0.0128 0.0491
1 0.1472 0.7268 0.0104 0.0419
1 0.1360 0.7196 0.0081 0.0241
1 0.1301 0.7219 0.0060 0.0211
