1 0.8287 0.7826 0.1665 0.1594
1 0.7209 0.5441 0.0712 0.2289
1 0.8538 0.5298 0.0572 0.1408
1 0.7073 0.4223 0.0640 0.1436
1 0.4711 0.5387 0.0833 0.1259
1 0.7076 0.1391 0.0433 0.0632
1 0.7477 0.1396 0.0377 0.0620
42 0.7594 0.8274 0.0889 0.0655
42 0.6932 0.5307 0.0855 0.0724
42 0.6578 0.4590 0.1209 0.0733
42 0.6629 0.3978 0.0532 0.0542
42 0.8300 0.5458 0.0655 0.0244
42 0.6566 0.5210 0.0413 0.0628
1 0.7818 0.1407 0.0343 0.0670
1 0.7267 0.3729 0.0326 0.0636
1 0.6732 0.1381 0.0377 0.0649
62 0.8754 0.5622 0.0594 0.0721
42 0.7173 0.5010 0.2062 0.0652
42 0.7715 0.4932 0.0559 0.0679
1 0.4606 0.1215 0.0229 0.0449
1 0.8925 0.5150 0.0296 0.0771
1 0.5289 0.3479 0.9172 0.5500
