20 0.6456 0.7124 0.0643 0.1542
20 0.7041 0.6302 0.0803 0.1296
20 0.6406 0.5936 0.0528 0.0883
20 0.6099 0.5435 0.0333 0.0849
1 0.3176 0.6712 0.1723 0.6284
20 0.5206 0.6651 0.0846 0.1601
20 0.6746 0.5412 0.0576 0.0884
20 0.9645 0.5178 0.0432 0.0903
20 0.8106 0.5301 0.0357 0.0970
20 0.6580 0.4863 0.0334 0.0497
20 0.0610 0.6713 0.0952 0.1270
20 0.4710 0.5045 0.0383 0.0562
20 0.5038 0.5282 0.0406 0.0624
20 0.5838 0.5111 0.0376 0.0670
20 0.6978 0.4566 0.0230 0.0405
20 0.7559 0.4935 0.0319 0.0694
20 0.7294 0.4600 0.0400 0.0307
27 0.1980 0.6065 0.1040 0.2595
20 0.4956 0.6018 0.0634 0.0869
20 0.5258 0.5656 0.8828 0.3312
