35 0.6643 0.8245 0.1985 0.0786
1 0.1018 0.5748 0.0544 0.2351
1 0.1339 0.5899 0.0362 0.1579
1 0.1643 0.5916 0.0343 0.1656
1 0.2400 0.6274 0.0454 0.2009
1 0.2653 0.5907 0.0354 0.1957
1 0.3229 0.6022 0.0448 0.1801
1 0.4000 0.7047 0.0698 0.1052
1 0.5486 0.6306 0.0577 0.2415
1 0.8455 0.7586 0.0924 0.1645
1 0.7551 0.6607 0.0552 0.2847
35 0.5188 0.7716 0.9221 0.2069
35 0.0180 0.6707 0.0227 0.0093
1 0.3910 0.5836 0.0446 0.1592
1 0.9312 0.7358 0.0803 0.2383
1 0.6800 0.6566 0.1004 0.3330
35 0.7465 0.8094 0.0967 0.0291
1 0.3859 0.5346 0.6719 0.0776
