1 0.6174 0.8963 0.0299 0.0893
1 0.2769 0.8981 0.0228 0.1308
1 0.0576 0.8976 0.0338 0.1457
1 0.8272 0.8957 0.0093 0.0286
1 0.2062 0.9192 0.0398 0.1273
1 0.3135 0.9030 0.0261 0.1191
1 0.4974 0.9067 0.0163 0.0592
1 0.8814 0.8975 0.0069 0.0259
38 0.4950 0.1376 0.0202 0.0201
38 0.6284 0.3070 0.0602 0.0892
38 0.4852 0.5529 0.0154 0.0174
38 0.3713 0.7110 0.1302 0.0905
38 0.2715 0.7400 0.0843 0.0583
38 0.3312 0.4619 0.0403 0.0574
38 0.7635 0.3832 0.0233 0.0156
38 0.7667 0.5598 0.0545 0.0550
38 0.6934 0.4367 0.0139 0.0141
38 0.6483 0.5545 0.0593 0.0517
1 0.5394 0.9062 0.0137 0.0549
1 0.3836 0.9033 0.0145 0.0552
1 0.4232 0.9065 0.0268 0.0601
1 0.6506 0.9169 0.0115 0.0474
38 0.5701 0.5929 0.0960 0.1092
38 0.6151 0.7192 0.0432 0.0435
1 0.5485 0.9019 0.0065 0.0219
38 0.1081 0.4288 0.0156 0.0234
1 0.5078 0.8875 0.9812 0.1833
38 0.4961 0.4229 0.9922 0.8417
