64 0.5465 0.1382 0.0585 0.1371
1 0.1702 0.4794 0.1664 0.5506
1 0.3735 0.3595 0.1807 0.4131
1 0.7970 0.3861 0.1910 0.4228
1 0.0533 0.6126 0.1067 0.2410
46 0.7249 0.6809 0.1294 0.4626
46 0.0883 0.6246 0.1255 0.3453
46 0.2509 0.5097 0.0837 0.2496
46 0.4094 0.3441 0.0464 0.1508
46 0.5752 0.2767 0.0401 0.0766
46 0.6622 0.4459 0.0737 0.1456
49 0.6227 0.6711 0.0936 0.0114
49 0.2638 0.7492 0.1338 0.0616
49 0.5612 0.9845 0.1302 0.0310
1 0.8261 0.7522 0.3478 0.4731
48 0.6439 0.8079 0.0975 0.0696
49 0.4267 0.5488 0.0532 0.0451
62 0.2815 0.4439 0.0488 0.2378
67 0.4565 0.7191 0.6282 0.5348
84 0.4645 0.1412 0.0742 0.0774
84 0.5743 0.1597 0.0255 0.0980
84 0.6011 0.1753 0.0108 0.0755
84 0.5848 0.1638 0.0126 0.0866
86 0.9466 0.0642 0.0733 0.1044
86 0.8024 0.0716 0.0238 0.0913
86 0.4447 0.7327 0.0420 0.2137
1 0.8649 0.6223 0.2701 0.7271
48 0.2363 0.8133 0.0801 0.0358
48 0.4052 0.6170 0.0564 0.0199
48 0.4123 0.5435 0.0483 0.0463
62 0.0606 0.4563 0.1133 0.1306
84 0.5923 0.1753 0.0089 0.0715
84 0.5313 0.3157 0.0155 0.0894
84 0.4850 0.4148 0.0164 0.0807
84 0.6156 0.1768 0.0094 0.0705
86 0.5894 0.4269 0.0161 0.0795
86 0.5475 0.1889 0.0296 0.0421
1 0.6569 0.2911 0.2275 0.3541
