9 0.4242 0.6099 0.2314 0.2589
9 0.3926 0.4600 0.1023 0.1316
9 0.3586 0.3517 0.1260 0.0607
9 0.3098 0.8590 0.2571 0.2652
28 0.2311 0.3360 0.1391 0.1735
1 0.6575 0.7831 0.2250 0.4337
1 0.6265 0.3722 0.0461 0.3142
1 0.4910 0.5957 0.1771 0.2733
1 0.8217 0.2335 0.1306 0.3440
1 0.4491 0.4053 0.0599 0.1281
1 0.5211 0.3999 0.0483 0.1184
1 0.8991 0.4978 0.2018 0.9820
1 0.2651 0.7288 0.1924 0.3521
1 0.5252 0.4952 0.1033 0.2037
1 0.6894 0.2845 0.0291 0.0712
1 0.2567 0.3879 0.0996 0.1477
9 0.2115 0.3538 0.1650 0.0472
9 0.6089 0.5332 0.0968 0.1119
1 0.7690 0.2988 0.0664 0.1383
1 0.5730 0.2935 0.0431 0.0937
9 0.7076 0.4050 0.0770 0.1164
9 0.1389 0.5247 0.2630 0.1870
9 0.1565 0.8183 0.3129 0.3634
9 0.5576 0.8241 0.1369 0.3377
9 0.4928 0.2534 0.1434 0.0356
1 0.6650 0.3392 0.6060 0.5594
