62 0.9022 0.7240 0.1039 0.1290
62 0.8330 0.7268 0.1032 0.1275
62 0.7958 0.7180 0.0556 0.1091
62 0.6584 0.7280 0.0475 0.1129
15 0.7274 0.7566 0.1000 0.0637
31 0.3935 0.7207 0.1062 0.2112
31 0.0730 0.7801 0.1039 0.3490
31 0.0312 0.7712 0.0590 0.3483
1 0.2339 0.5777 0.2483 0.8198
1 0.3837 0.6309 0.2730 0.7382
1 0.5875 0.6725 0.0479 0.1848
1 0.7729 0.6159 0.0377 0.1009
1 0.8155 0.6307 0.0426 0.1410
1 0.8851 0.5921 0.0668 0.1487
1 0.9375 0.5825 0.0594 0.1612
1 0.5515 0.7041 0.0396 0.1263
1 0.6890 0.6292 0.0377 0.1433
1 0.7501 0.6439 0.0342 0.1034
77 0.2291 0.3937 0.0237 0.0561
1 0.7548 0.6683 0.1154 0.1092
1 0.6620 0.6395 0.0195 0.0685
31 0.0142 0.7992 0.0285 0.2789
64 0.6220 0.6464 0.0682 0.2072
1 0.1079 0.7070 0.1328 0.5860
31 0.6759 0.7193 0.0516 0.0333
31 0.1274 0.7807 0.0615 0.2660
