8 0.5739 0.4050 0.1414 0.1177
8 0.7014 0.3757 0.0861 0.0876
1 0.9028 0.6685 0.1944 0.6360
3 0.6973 0.3774 0.0763 0.0897
3 0.7702 0.4182 0.0999 0.1026
3 0.8180 0.3929 0.0482 0.0662
3 0.7543 0.3636 0.0217 0.0196
3 0.6327 0.3776 0.0453 0.0654
3 0.8462 0.3795 0.0224 0.0343
13 0.2543 0.2739 0.0343 0.0588
3 0.8278 0.3571 0.0217 0.0166
8 0.7628 0.3456 0.0470 0.0450
13 0.8708 0.2706 0.0313 0.0825
47 0.8589 0.5967 0.0315 0.0729
11 0.2804 0.4248 0.0133 0.0466
1 0.5923 0.3658 0.0188 0.0260
1 0.7897 0.3918 0.0212 0.0212
