8 0.6084 0.4955 0.1854 0.3573
8 0.3517 0.5247 0.2400 0.2126
8 0.7325 0.3717 0.0636 0.0963
8 0.1799 0.8626 0.2618 0.2365
3 0.0704 0.8100 0.1363 0.1488
3 0.3567 0.6829 0.1620 0.1729
3 0.4372 0.6174 0.1239 0.1245
3 0.4849 0.5566 0.0922 0.0912
8 0.2064 0.6659 0.1812 0.1523
8 0.6147 0.3488 0.0867 0.1037
8 0.5206 0.3995 0.0795 0.0615
8 0.2082 0.3262 0.0638 0.0396
8 0.0185 0.4303 0.0371 0.1730
64 0.0382 0.5505 0.0503 0.0892
3 0.8107 0.3980 0.0610 0.0486
3 0.1362 0.3928 0.0618 0.0669
3 0.5461 0.4594 0.0744 0.0568
3 0.8005 0.3682 0.0475 0.0234
3 0.5262 0.6926 0.1257 0.1236
3 0.1422 0.5990 0.1332 0.1016
3 0.0630 0.6691 0.1222 0.1284
3 0.4919 0.4326 0.0663 0.0494
3 0.4414 0.6469 0.8266 0.7021
