44 0.4675 0.5413 0.0452 0.1189
28 0.5247 0.4539 0.9506 0.7730
1 0.9061 0.1463 0.0231 0.0990
1 0.9754 0.1423 0.0342 0.1089
47 0.3705 0.5776 0.0649 0.0763
74 0.6041 0.5783 0.0687 0.0224
76 0.5104 0.6104 0.1711 0.0883
84 0.0604 0.2492 0.0577 0.1144
84 0.0851 0.2406 0.0577 0.0978
84 0.1158 0.5879 0.0598 0.1587
84 0.1320 0.2232 0.0287 0.0598
84 0.1337 0.4629 0.0382 0.1169
84 0.1800 0.4747 0.0562 0.1708
84 0.1004 0.4570 0.0331 0.1052
84 0.0750 0.4471 0.0339 0.0902
84 0.0927 0.5919 0.0705 0.1679
72 0.3653 0.4449 0.2764 0.1754
31 0.9217 0.9070 0.1566 0.1809
84 0.2780 0.6818 0.2767 0.1136
84 0.0223 0.2544 0.0446 0.1309
