75 0.0810 0.8981 0.0330 0.0466
75 0.6772 0.7102 0.0300 0.0639
1 0.2604 0.5326 0.4871 0.9079
67 0.4664 0.4466 0.1149 0.3047
67 0.9515 0.4674 0.0880 0.0613
85 0.0456 0.1567 0.0227 0.0328
1 0.6829 0.2562 0.0917 0.2450
1 0.7584 0.5766 0.3142 0.8221
1 0.9519 0.4221 0.0957 0.6144
1 0.9021 0.2764 0.0817 0.3144
1 0.8079 0.1790 0.1082 0.1608
1 0.8586 0.2215 0.0291 0.1834
1 0.7148 0.1906 0.0314 0.0699
1 0.6136 0.3137 0.0796 0.3417
1 0.8425 0.1949 0.0401 0.1103
62 0.0599 0.7791 0.1198 0.4419
62 0.8737 0.8153 0.1617 0.3693
62 0.4057 0.3718 0.0756 0.0882
62 0.6439 0.3423 0.0093 0.0904
62 0.1113 0.3070 0.0385 0.0706
