28 0.6499 0.7322 0.0792 0.0554
28 0.0470 0.7193 0.0344 0.0366
1 0.3167 0.7670 0.0316 0.1170
1 0.8539 0.8230 0.0991 0.1910
1 0.7788 0.8418 0.0920 0.1837
1 0.4423 0.7600 0.0228 0.0923
1 0.5015 0.7830 0.0442 0.1101
15 0.8686 0.9541 0.1045 0.0917
15 0.7136 0.8690 0.0390 0.0823
38 0.7820 0.1912 0.4360 0.3193
31 0.2332 0.7898 0.0317 0.0787
1 0.7520 0.8383 0.0790 0.2187
1 0.6773 0.8193 0.0717 0.1669
1 0.2187 0.8100 0.0564 0.1720
1 0.2926 0.7661 0.0250 0.1063
1 0.6580 0.7526 0.0196 0.0251
15 0.7946 0.9169 0.0509 0.1122
15 0.6565 0.8519 0.0781 0.0729
1 0.1539 0.7495 0.0262 0.0843
31 0.7966 0.8466 0.0416 0.0315
31 0.3008 0.7756 0.0090 0.0237
1 0.0674 0.7685 0.0242 0.0669
1 0.5475 0.7899 0.0577 0.1266
1 0.3790 0.7867 0.6940 0.1600
