64 0.1614 0.3363 0.3229 0.6592
46 0.2087 0.7961 0.0748 0.2191
46 0.1146 0.8940 0.0944 0.2067
46 0.9660 0.7979 0.0675 0.1342
50 0.9045 0.8553 0.0695 0.0481
50 0.8668 0.8335 0.0686 0.0391
61 0.6360 0.8504 0.0911 0.1116
61 0.4332 0.7918 0.0972 0.1379
1 0.2402 0.5528 0.3590 0.5573
1 0.8444 0.4382 0.2528 0.7191
1 0.5482 0.5347 0.3677 0.5212
1 0.0447 0.3640 0.0893 0.1708
1 0.7228 0.4459 0.2437 0.6509
1 0.4466 0.3364 0.2022 0.5303
44 0.0339 0.5793 0.0565 0.2361
46 0.9465 0.9556 0.1059 0.0885
46 0.9890 0.4735 0.0220 0.1020
48 0.2882 0.8395 0.0791 0.0626
51 0.7793 0.7939 0.1254 0.0724
62 0.3425 0.5856 0.0479 0.1360
67 0.5332 0.8690 0.8417 0.2620
67 0.9495 0.6023 0.1010 0.3782
1 0.2114 0.3948 0.0790 0.1354
86 0.0992 0.5666 0.1231 0.1990
48 0.9043 0.8586 0.0709 0.0354
51 0.0381 0.8974 0.0763 0.1034
1 0.0198 0.3257 0.0386 0.1364
50 0.2956 0.8357 0.0605 0.0531
50 0.2945 0.8182 0.0622 0.0457
