64 0.2935 0.5633 0.0511 0.2139
44 0.2301 0.6532 0.0270 0.1240
44 0.1469 0.6228 0.0230 0.0949
62 0.6294 0.6615 0.0948 0.2514
67 0.2921 0.6800 0.4818 0.1694
67 0.4389 0.5669 0.0398 0.0675
32 0.5450 0.4602 0.0085 0.0248
46 0.1167 0.7076 0.0291 0.0839
1 0.3329 0.7697 0.2174 0.4337
1 0.5456 0.7466 0.2939 0.4234
1 0.3812 0.5411 0.0875 0.1613
1 0.5509 0.4710 0.0459 0.1184
1 0.1831 0.5100 0.0296 0.0724
1 0.2594 0.5248 0.0373 0.1033
1 0.7576 0.6933 0.2107 0.4067
1 0.4342 0.5122 0.0515 0.0936
32 0.4312 0.5256 0.0080 0.0267
62 0.0486 0.8950 0.0971 0.2101
62 0.7345 0.6763 0.0717 0.0936
62 0.3242 0.8752 0.1568 0.2328
62 0.6245 0.6068 0.0360 0.1118
62 0.2642 0.5589 0.0400 0.0565
62 0.1390 0.6054 0.0717 0.0613
62 0.4859 0.5903 0.0403 0.0614
1 0.1997 0.4917 0.0203 0.0462
1 0.0950 0.7769 0.1900 0.4148
1 0.6007 0.5041 0.0405 0.0531
1 0.8022 0.8472 0.3910 0.3056
46 0.3924 0.6194 0.0191 0.0560
46 0.1228 0.6457 0.0185 0.0470
46 0.4054 0.6357 0.0204 0.0469
46 0.1313 0.6071 0.0195 0.0232
62 0.4856 0.9256 0.2185 0.1456
67 0.7510 0.8806 0.1239 0.2332
1 0.4057 0.4979 0.0317 0.0582
47 0.1850 0.6672 0.0380 0.0993
47 0.4162 0.6540 0.0225 0.0625
47 0.0817 0.6883 0.0232 0.0481
47 0.2039 0.6382 0.0191 0.0810
67 0.0819 0.6037 0.0711 0.0733
1 0.5000 0.5490 0.9969 0.3563
