43 0.3561 0.3734 0.1248 0.1386
1 0.8156 0.5084 0.1290 0.0898
1 0.7355 0.4665 0.1049 0.1477
1 0.5639 0.4284 0.3640 0.7983
1 0.7221 0.4071 0.1337 0.1473
1 0.3981 0.4877 0.0898 0.1370
1 0.2767 0.4757 0.1447 0.1358
1 0.1088 0.4551 0.1609 0.1085
1 0.1211 0.4138 0.1571 0.1809
1 0.2098 0.3278 0.1068 0.1375
1 0.3722 0.3762 0.0952 0.2260
1 0.1152 0.3406 0.1709 0.1604
1 0.6969 0.5076 0.0981 0.0998
32 0.2886 0.5062 0.0290 0.0589
32 0.1173 0.4878 0.0401 0.0278
32 0.2436 0.3558 0.0362 0.0546
1 0.2648 0.4024 0.1562 0.1652
