1 0.6305 0.5215 0.3433 0.9348
1 0.9534 0.6750 0.0229 0.0802
1 0.3445 0.6703 0.0156 0.0295
42 0.6582 0.6899 0.4918 0.5843
42 0.0333 0.6853 0.0639 0.0825
1 0.9195 0.6804 0.0081 0.0337
42 0.3519 0.6747 0.0130 0.0206
1 0.3886 0.6810 0.0107 0.0106
1 0.2289 0.6636 0.0044 0.0074
1 0.1811 0.6634 0.0075 0.0092
1 0.0086 0.6703 0.0172 0.1132
1 0.1118 0.6637 0.0058 0.0079
1 0.3265 0.6670 0.0050 0.0190
1 0.2936 0.6679 0.0076 0.0149
1 0.3616 0.6701 0.0057 0.0119
1 0.0801 0.6620 0.0072 0.0056
1 0.1711 0.6651 0.1984 0.0328
