1 0.6628 0.2349 0.0626 0.1431
1 0.8709 0.2082 0.0195 0.0328
1 0.9217 0.2151 0.0101 0.0155
1 0.3068 0.1991 0.0365 0.0481
1 0.2418 0.2020 0.0390 0.0707
1 0.4430 0.2087 0.0211 0.0382
1 0.8860 0.2109 0.0175 0.0230
53 0.3615 0.7996 0.0685 0.0853
53 0.3211 0.7067 0.6354 0.4247
53 0.5882 0.5112 0.3809 0.2494
53 0.7274 0.4483 0.2660 0.1610
53 0.8619 0.3534 0.1537 0.1287
55 0.4603 0.3957 0.0208 0.0290
55 0.5473 0.3580 0.0179 0.0143
55 0.5556 0.3721 0.0254 0.0225
55 0.5842 0.3821 0.0185 0.0274
55 0.6195 0.3791 0.0160 0.0204
55 0.5747 0.3877 0.0182 0.0194
55 0.6079 0.3292 0.0159 0.0169
55 0.6309 0.3223 0.0147 0.0216
55 0.2308 0.4099 0.0393 0.0461
1 0.5004 0.2245 0.0559 0.0851
52 0.9920 0.2602 0.0125 0.0191
52 0.8923 0.2673 0.0219 0.0168
52 0.9039 0.2736 0.0234 0.0171
52 0.9309 0.2567 0.0135 0.0214
52 0.9276 0.2749 0.0294 0.0125
52 0.9150 0.2610 0.0085 0.0138
52 0.9030 0.2420 0.0139 0.0286
52 0.9236 0.2390 0.0105 0.0142
55 0.6077 0.3916 0.0169 0.0226
55 0.5196 0.3544 0.0144 0.0109
55 0.6545 0.3461 0.0129 0.0153
52 0.9917 0.2890 0.0167 0.0253
52 0.9104 0.2487 0.0140 0.0149
52 0.9360 0.2385 0.0143 0.0191
55 0.3232 0.4778 0.0492 0.0525
55 0.3961 0.4229 0.7891 0.6958
