72 0.9478 0.3656 0.1044 0.0958
44 0.9354 0.8508 0.0394 0.0577
44 0.9591 0.8340 0.0305 0.0586
44 0.8798 0.8422 0.0397 0.0800
44 0.8979 0.8702 0.0633 0.0741
44 0.9690 0.8544 0.0241 0.0376
62 0.7504 0.6289 0.1217 0.0907
62 0.8273 0.6634 0.1359 0.1136
62 0.9094 0.7285 0.1811 0.1462
62 0.8429 0.6524 0.1425 0.1154
67 0.7244 0.8644 0.5496 0.2482
1 0.3729 0.6557 0.7457 0.6667
1 0.4615 0.5177 0.0842 0.0815
1 0.5470 0.5275 0.1000 0.1384
77 0.4101 0.6461 0.0475 0.0823
85 0.7597 0.2877 0.0983 0.0754
44 0.6967 0.6884 0.0141 0.0315
44 0.6752 0.6749 0.0115 0.0175
64 0.6398 0.5694 0.1020 0.1333
64 0.2258 0.2472 0.1045 0.0954
44 0.9192 0.8133 0.0665 0.0498
51 0.8268 0.8278 0.0715 0.0289
51 0.6469 0.6868 0.0400 0.0157
62 0.9090 0.6889 0.1819 0.1216
44 0.8262 0.8489 0.0714 0.0724
