44 0.9678 0.5595 0.0494 0.1135
77 0.8837 0.6786 0.1190 0.0313
62 0.7250 0.6972 0.1764 0.1031
1 0.5539 0.6000 0.8921 0.7640
1 0.5565 0.4226 0.1822 0.1226
1 0.7638 0.3905 0.0261 0.0392
1 0.8395 0.4098 0.0727 0.0994
47 0.8819 0.6050 0.0633 0.0604
47 0.7522 0.4813 0.0357 0.0374
73 0.9132 0.5022 0.1736 0.1244
73 0.5015 0.6194 0.3123 0.3311
44 0.5890 0.4459 0.0252 0.0590
44 0.7582 0.4355 0.0222 0.0512
44 0.8437 0.4479 0.0319 0.0408
73 0.6868 0.4699 0.0996 0.0556
76 0.9353 0.6536 0.1283 0.0796
62 0.1428 0.6848 0.1464 0.3935
76 0.6488 0.4822 0.0512 0.0159
