28 0.6993 0.1854 0.4383 0.3303
3 0.4921 0.5034 0.9693 0.8899
3 0.0742 0.2421 0.1424 0.1531
1 0.7899 0.3273 0.0844 0.1436
1 0.1795 0.2011 0.0479 0.2989
1 0.2187 0.2118 0.0378 0.2308
1 0.2639 0.2188 0.0409 0.2099
1 0.4024 0.2285 0.0269 0.1618
1 0.4403 0.2083 0.0295 0.0714
1 0.2810 0.1656 0.0210 0.1156
1 0.4273 0.2067 0.0193 0.0738
3 0.2446 0.2381 0.2335 0.1430
1 0.3255 0.2146 0.0226 0.2286
3 0.9222 0.3728 0.0797 0.2021
1 0.3717 0.2085 0.0158 0.0182
28 0.9301 0.1329 0.0820 0.0562
1 0.5871 0.2825 0.0767 0.1131
1 0.3040 0.2066 0.0477 0.2399
1 0.4746 0.1889 0.0246 0.0550
3 0.3904 0.2574 0.1115 0.0787
