2 0.3372 0.8495 0.0488 0.1419
2 0.6449 0.8367 0.0493 0.1550
2 0.9785 0.8391 0.0431 0.1059
3 0.0660 0.7355 0.0563 0.0887
4 0.1600 0.8605 0.1501 0.1614
4 0.6047 0.8375 0.0436 0.0887
1 0.2839 0.7563 0.0324 0.1477
1 0.2525 0.7548 0.0333 0.1539
1 0.2729 0.6856 0.0241 0.0500
3 0.0540 0.6797 0.0270 0.0213
2 0.5692 0.8525 0.0455 0.1182
2 0.5279 0.8459 0.0503 0.1346
2 0.6978 0.8418 0.0699 0.1367
2 0.8173 0.8273 0.0540 0.1403
2 0.8893 0.8402 0.0902 0.1303
3 0.0090 0.6811 0.0174 0.0330
3 0.0776 0.6805 0.0329 0.0250
4 0.9291 0.8147 0.0625 0.1722
1 0.4451 0.8177 0.0269 0.0578
