1 0.4370 0.7283 0.1495 0.5395
31 0.1112 0.6702 0.1537 0.4930
31 0.2697 0.5423 0.0260 0.0626
31 0.3192 0.5209 0.0206 0.0338
31 0.3893 0.7414 0.0625 0.0983
31 0.2419 0.5361 0.0647 0.1573
33 0.6920 0.2596 0.2059 0.2494
33 0.8303 0.1438 0.0977 0.2876
33 0.5288 0.3512 0.0427 0.1530
31 0.2271 0.8491 0.0491 0.1614
33 0.5573 0.3533 0.0342 0.1688
33 0.6008 0.5571 0.0890 0.2749
33 0.9313 0.1270 0.1374 0.2539
33 0.4754 0.3716 0.0263 0.1026
33 0.5876 0.3026 0.0346 0.2332
33 0.4971 0.3663 0.0325 0.1854
33 0.4536 0.4290 0.0332 0.0971
27 0.3155 0.5751 0.0633 0.1194
31 0.3480 0.5809 0.0310 0.0733
31 0.1596 0.9214 0.0793 0.1571
31 0.8308 0.6336 0.1935 0.1375
33 0.5098 0.8443 0.0917 0.2416
33 0.6927 0.8041 0.1082 0.1275
31 0.3198 0.5881 0.0385 0.1032
33 0.5515 0.5130 0.0400 0.1325
31 0.0404 0.7984 0.0807 0.3818
31 0.8640 0.4685 0.0990 0.0653
31 0.2006 0.6099 0.0653 0.3497
31 0.3371 0.7047 0.0352 0.0640
31 0.1011 0.9445 0.0728 0.1080
31 0.1758 0.7442 0.3172 0.5070
33 0.5000 0.6390 0.9969 0.7173
