2 0.1624 0.7335 0.3239 0.1858
2 0.1714 0.2710 0.0629 0.1161
2 0.0742 0.2823 0.0234 0.0784
28 0.4488 0.5350 0.4744 0.6023
27 0.8817 0.2530 0.0967 0.1722
27 0.1527 0.6192 0.1230 0.1415
1 0.0428 0.2744 0.0837 0.3644
1 0.1082 0.2610 0.0969 0.3434
1 0.1991 0.2577 0.0645 0.3633
1 0.2515 0.2300 0.0695 0.3021
1 0.3208 0.2000 0.0956 0.2697
1 0.3722 0.1869 0.0323 0.1379
1 0.8669 0.3551 0.1706 0.6112
1 0.7246 0.2015 0.0595 0.1332
1 0.3925 0.1822 0.0425 0.1278
1 0.5755 0.2075 0.0337 0.1691
1 0.9442 0.2679 0.0764 0.3893
27 0.7281 0.4436 0.0701 0.1082
31 0.9611 0.1973 0.0480 0.1465
1 0.4241 0.1890 0.0456 0.0992
2 0.2744 0.2896 0.0163 0.0677
1 0.4967 0.1421 0.1591 0.2549
2 0.0135 0.2848 0.0187 0.0779
44 0.7272 0.5063 0.0148 0.0490
