3 0.2459 0.6731 0.0806 0.1075
3 0.2108 0.6595 0.0600 0.0945
3 0.1747 0.6498 0.0358 0.0743
4 0.2664 0.7387 0.0469 0.1295
4 0.1354 0.6970 0.0205 0.0528
4 0.9759 0.8099 0.0483 0.1222
1 0.7070 0.8129 0.1399 0.3483
1 0.2642 0.7061 0.0506 0.1584
1 0.1380 0.6650 0.0351 0.0860
1 0.1161 0.6554 0.0251 0.0543
8 0.4732 0.7435 0.3686 0.3764
1 0.3249 0.5700 0.0326 0.0628
3 0.1283 0.6539 0.0548 0.0803
8 0.1749 0.6518 0.0363 0.0761
1 0.3499 0.5619 0.0380 0.0745
1 0.4712 0.5306 0.0567 0.0598
1 0.5102 0.5256 0.0495 0.0653
4 0.1175 0.6843 0.0163 0.0465
1 0.5439 0.6408 0.0556 0.0571
1 0.9773 0.9338 0.0453 0.1323
3 0.1938 0.9234 0.3838 0.1273
4 0.1578 0.6405 0.0060 0.0101
