39 0.4348 0.3428 0.0667 0.0252
40 0.4945 0.5836 0.0566 0.0903
1 0.3051 0.5934 0.1753 0.5708
1 0.5562 0.6494 0.1820 0.4000
1 0.7121 0.6073 0.1254 0.5507
1 0.8570 0.2098 0.1566 0.4166
1 0.6834 0.2045 0.0860 0.1753
1 0.7125 0.1456 0.0821 0.2912
1 0.6072 0.1624 0.0878 0.2603
1 0.4500 0.1663 0.0978 0.2022
1 0.4243 0.0791 0.0856 0.1582
1 0.3160 0.1588 0.1233 0.2018
1 0.5383 0.1909 0.1235 0.1962
39 0.8661 0.0484 0.0581 0.0967
39 0.5192 0.3530 0.0855 0.0163
1 0.4761 0.1001 0.0360 0.1067
62 0.1993 0.1026 0.0772 0.2052
62 0.9513 0.2883 0.0839 0.0631
47 0.6801 0.2841 0.0193 0.0280
39 0.3764 0.3304 0.0619 0.1289
62 0.0994 0.0989 0.0550 0.1912
