3 0.9178 0.5086 0.1644 0.1527
3 0.3200 0.5230 0.0727 0.0605
3 0.3810 0.5177 0.0752 0.0929
3 0.0105 0.5151 0.0208 0.0655
4 0.1402 0.5096 0.0299 0.0289
1 0.6881 0.5010 0.0140 0.0770
1 0.7034 0.5001 0.0173 0.0906
1 0.7204 0.5019 0.0199 0.0870
1 0.6570 0.5059 0.0148 0.0728
1 0.1710 0.5107 0.0162 0.0512
1 0.1996 0.5132 0.0147 0.0596
8 0.9178 0.5071 0.1644 0.1470
8 0.3823 0.5145 0.0744 0.0862
10 0.6679 0.0473 0.0354 0.0936
46 0.5131 0.3633 0.0684 0.1120
1 0.2828 0.4991 0.0085 0.0445
1 0.9797 0.4730 0.0206 0.0217
10 0.6434 0.3665 0.0164 0.0898
