1 0.2468 0.5034 0.1200 0.1431
1 0.1934 0.4716 0.0712 0.1225
1 0.3555 0.4264 0.0474 0.0541
1 0.9314 0.7396 0.1372 0.3366
4 0.3100 0.5033 0.0612 0.0759
52 0.1234 0.9336 0.1542 0.1329
52 0.1092 0.8424 0.1270 0.0511
52 0.1765 0.8207 0.0567 0.0191
52 0.1882 0.8556 0.0575 0.0503
52 0.4560 0.9436 0.0758 0.0442
52 0.1039 0.5494 0.0507 0.0160
52 0.0609 0.4896 0.1218 0.0557
52 0.9431 0.7236 0.0493 0.0231
52 0.0916 0.8003 0.1614 0.0846
52 0.0742 0.4582 0.1484 0.2284
1 0.7234 0.5519 0.2582 0.3765
2 0.5598 0.4775 0.0728 0.0670
2 0.3735 0.4892 0.0397 0.0705
52 0.0462 0.9313 0.0909 0.1361
52 0.1017 0.6046 0.1083 0.0935
52 0.3445 0.7477 0.1851 0.1911
1 0.4910 0.5609 0.1524 0.3548
52 0.8349 0.7167 0.0653 0.0195
1 0.4192 0.5422 0.1010 0.3017
52 0.5000 0.5938 0.9953 0.7250
