18 0.9033 0.7018 0.1888 0.1945
18 0.9036 0.9334 0.1839 0.1332
18 0.5010 0.7128 0.1952 0.1714
18 0.9043 0.7035 0.1858 0.1993
18 0.2989 0.0972 0.0396 0.0772
18 0.6750 0.5160 0.1177 0.1156
18 0.6933 0.6960 0.1302 0.0917
44 0.0566 0.8968 0.0202 0.0612
1 0.1560 0.8447 0.0871 0.0871
65 0.6989 0.7007 0.1944 0.1962
18 0.8916 0.1150 0.0821 0.0687
37 0.6916 0.3281 0.0078 0.0079
47 0.0291 0.9484 0.0470 0.0907
65 0.9011 0.6970 0.1977 0.2022
65 0.3055 0.7013 0.1963 0.1939
65 0.1012 0.5775 0.1927 0.0421
65 0.8999 0.1220 0.1921 0.1565
18 0.7625 0.9028 0.0773 0.0493
18 0.6837 0.2931 0.0477 0.0761
65 0.1698 0.1076 0.0594 0.1837
67 0.0569 0.9295 0.1066 0.1383
18 0.8718 0.5151 0.0443 0.0352
18 0.5186 0.2856 0.0353 0.0585
18 0.5065 0.9286 0.1623 0.1372
18 0.4789 0.4992 0.9578 0.9984
