1 0.9204 0.6142 0.1591 0.3826
1 0.8125 0.6147 0.0782 0.2026
1 0.8576 0.6021 0.0447 0.1602
52 0.4122 0.6867 0.3098 0.3084
53 0.2450 0.6825 0.0572 0.0373
53 0.1219 0.3905 0.0948 0.0594
55 0.2204 0.3076 0.0568 0.0357
55 0.1838 0.2715 0.0594 0.0333
55 0.2785 0.3777 0.0481 0.0349
55 0.2896 0.4015 0.0646 0.0351
53 0.1013 0.4480 0.1209 0.0580
53 0.1137 0.7531 0.2230 0.1240
53 0.1380 0.6805 0.0528 0.0358
53 0.1787 0.5819 0.3575 0.2477
55 0.2493 0.3450 0.0381 0.0276
55 0.4597 0.3453 0.0354 0.0231
55 0.4914 0.3515 0.0259 0.0121
55 0.5368 0.3154 0.0394 0.0246
55 0.5536 0.3418 0.0258 0.0314
55 0.5287 0.3348 0.0447 0.0275
55 0.5075 0.3692 0.0305 0.0234
55 0.4863 0.3747 0.0238 0.0160
55 0.1725 0.2928 0.0554 0.0372
1 0.7133 0.6020 0.1805 0.2805
55 0.4404 0.4172 0.2141 0.2375
