16 0.4416 0.1247 0.0111 0.0086
16 0.5869 0.1758 0.0153 0.0092
16 0.5113 0.2630 0.0114 0.0124
20 0.5216 0.7605 0.0674 0.1039
20 0.5651 0.7500 0.0426 0.0965
20 0.4521 0.7559 0.0611 0.1087
20 0.7246 0.6104 0.1090 0.0556
16 0.3479 0.1682 0.0155 0.0172
16 0.3585 0.0950 0.0076 0.0100
16 0.4433 0.3814 0.0097 0.0052
16 0.3469 0.1173 0.0083 0.0100
16 0.5147 0.3525 0.0102 0.0045
16 0.4966 0.1576 0.0073 0.0063
16 0.5589 0.1692 0.0143 0.0107
20 0.4051 0.7581 0.0545 0.1104
16 0.3063 0.3812 0.0107 0.0111
16 0.2970 0.3628 0.0098 0.0057
20 0.4579 0.7621 0.0701 0.1166
16 0.4445 0.2156 0.6109 0.3187
