21 0.1324 0.6946 0.1551 0.3782
21 0.3797 0.7284 0.0601 0.2343
21 0.4301 0.7415 0.0302 0.1748
21 0.4531 0.7295 0.0555 0.2106
21 0.4888 0.7461 0.0726 0.2071
21 0.5671 0.7209 0.0198 0.1300
21 0.5977 0.7339 0.0440 0.1349
21 0.6450 0.7321 0.0302 0.1131
21 0.2374 0.7230 0.0660 0.2783
21 0.5340 0.7387 0.0360 0.1776
21 0.6900 0.7147 0.0274 0.0876
21 0.7432 0.7179 0.0193 0.0703
21 0.6656 0.7143 0.0223 0.0897
21 0.9127 0.7094 0.0143 0.0415
21 0.8370 0.7156 0.0083 0.0475
21 0.6255 0.7239 0.0188 0.1086
21 0.6148 0.7240 0.7328 0.2867
