72 0.5287 0.5240 0.2314 0.3107
63 0.8389 0.8107 0.3218 0.3785
1 0.5250 0.4978 0.1456 0.1590
73 0.8049 0.8187 0.1444 0.1667
84 0.8986 0.4167 0.1072 0.1252
84 0.2382 0.5189 0.0062 0.0442
84 0.2175 0.2796 0.0119 0.0488
84 0.8896 0.3116 0.0107 0.0688
84 0.8979 0.5438 0.0077 0.0381
84 0.8703 0.6887 0.0493 0.0512
84 0.2400 0.7292 0.0134 0.0813
84 0.8843 0.5355 0.0149 0.0631
84 0.9235 0.3174 0.0527 0.0188
27 0.1253 0.8961 0.2041 0.2044
32 0.5275 0.5589 0.0140 0.0250
84 0.9224 0.3086 0.0561 0.0707
84 0.8608 0.3119 0.0095 0.0654
84 0.2390 0.3989 0.0538 0.0746
84 0.2371 0.2847 0.0060 0.0463
84 0.5660 0.5000 0.7960 0.5269
