37 0.4965 0.7822 0.0229 0.0336
38 0.2084 0.1718 0.0582 0.0576
1 0.5695 0.7159 0.0529 0.1671
1 0.4396 0.6989 0.0813 0.2195
1 0.3860 0.8354 0.1409 0.3291
1 0.4102 0.5954 0.0226 0.0278
1 0.0442 0.7616 0.0601 0.2887
1 0.0799 0.5897 0.0177 0.0822
1 0.1202 0.5950 0.0250 0.1011
1 0.6084 0.6892 0.0383 0.2210
1 0.1001 0.7274 0.0506 0.1962
1 0.4578 0.5827 0.0215 0.1063
1 0.4917 0.7076 0.0477 0.1220
1 0.7147 0.5787 0.0293 0.1392
28 0.6353 0.5281 0.0327 0.0148
28 0.9454 0.5267 0.0487 0.0230
28 0.9759 0.6183 0.0482 0.0977
28 0.4225 0.5184 0.3432 0.0787
1 0.0261 0.7178 0.0430 0.2281
28 0.8014 0.5240 0.0271 0.0154
28 0.6984 0.5344 0.0319 0.0236
28 0.3940 0.5162 0.0222 0.0152
28 0.7897 0.5462 0.0304 0.0277
28 0.2496 0.5316 0.0298 0.0215
28 0.0663 0.4739 0.0205 0.0154
28 0.8979 0.5805 0.0389 0.0180
28 0.4734 0.5047 0.3563 0.0888
1 0.5156 0.6332 0.9375 0.3551
