85 0.5760 0.2598 0.0698 0.0896
85 0.5340 0.2618 0.0093 0.0830
1 0.5654 0.6481 0.1274 0.3341
1 0.4248 0.6345 0.0800 0.2950
1 0.2961 0.6490 0.1225 0.3445
1 0.1459 0.7566 0.1095 0.4774
1 0.2558 0.5297 0.0422 0.1222
1 0.7410 0.6033 0.0702 0.2808
1 0.7887 0.6045 0.0611 0.2632
1 0.8385 0.5653 0.0667 0.1780
1 0.9175 0.6066 0.1092 0.3070
1 0.8840 0.5605 0.0338 0.1709
1 0.2833 0.5174 0.0200 0.1042
31 0.8090 0.6112 0.0371 0.0584
31 0.7962 0.5336 0.0079 0.0342
31 0.8137 0.5334 0.0156 0.0579
31 0.5302 0.7024 0.0714 0.2411
31 0.2419 0.7391 0.0820 0.1436
1 0.6927 0.6304 0.1002 0.2776
1 0.3427 0.5242 0.0163 0.0994
31 0.6396 0.6794 0.0275 0.0843
31 0.4558 0.6321 0.0246 0.0464
