43 0.5436 0.1537 0.1106 0.2113
1 0.5736 0.5764 0.2603 0.7124
1 0.7533 0.6178 0.2047 0.3766
1 0.9389 0.5539 0.0896 0.1544
1 0.9126 0.4038 0.1482 0.3155
1 0.9224 0.2294 0.1112 0.1796
1 0.1523 0.5732 0.1294 0.1306
1 0.7846 0.3467 0.1022 0.1620
1 0.8850 0.1509 0.0719 0.1330
1 0.7295 0.2806 0.0984 0.1669
1 0.2531 0.5365 0.1226 0.1637
1 0.1976 0.4203 0.1075 0.1901
62 0.3848 0.6181 0.0929 0.0280
62 0.2781 0.6168 0.1003 0.0245
62 0.6969 0.5912 0.0696 0.0714
62 0.8545 0.4845 0.0959 0.1309
62 0.7250 0.4392 0.0542 0.0514
62 0.2299 0.5311 0.0965 0.0873
62 0.9621 0.3340 0.0492 0.0936
62 0.1223 0.5189 0.0973 0.0516
62 0.3994 0.3177 0.0212 0.0321
62 0.4723 0.1197 0.0880 0.0724
62 0.5998 0.0825 0.0825 0.0965
62 0.5114 0.0849 0.0896 0.0933
1 0.3071 0.4264 0.0996 0.1924
32 0.7736 0.5813 0.0347 0.1258
62 0.5672 0.1059 0.0807 0.0488
77 0.9554 0.5406 0.0172 0.0267
1 0.1418 0.2700 0.1070 0.1441
1 0.5000 0.3887 0.9969 0.7740
62 0.4742 0.3575 0.7484 0.7083
