9 0.5008 0.4933 0.9985 0.9865
15 0.2770 0.6589 0.1816 0.2000
15 0.2722 0.5373 0.1483 0.0545
1 0.7188 0.6311 0.4752 0.7159
1 0.5239 0.6438 0.2252 0.7124
1 0.4136 0.4873 0.1546 0.2876
1 0.3113 0.4537 0.0649 0.0789
1 0.2474 0.4337 0.0743 0.0907
1 0.7724 0.3876 0.0520 0.0952
1 0.8242 0.4013 0.0765 0.1013
1 0.8631 0.4042 0.0270 0.0755
1 0.9200 0.3949 0.1054 0.0847
1 0.3099 0.3961 0.0473 0.1088
15 0.9119 0.5871 0.1761 0.2692
15 0.8567 0.5230 0.1185 0.1471
15 0.6899 0.9013 0.5826 0.1967
15 0.2858 0.5051 0.1496 0.0421
1 0.4104 0.5545 0.1822 0.5065
1 0.2431 0.4645 0.0756 0.1161
