85 0.5285 0.1244 0.0666 0.0493
67 0.6319 0.8204 0.6193 0.3593
1 0.2532 0.6775 0.3206 0.6225
1 0.3239 0.6480 0.1636 0.5412
1 0.8564 0.6747 0.2871 0.6132
47 0.5783 0.4921 0.0299 0.0360
47 0.5849 0.6811 0.0437 0.0777
49 0.7325 0.8340 0.2418 0.1050
52 0.6929 0.6020 0.2125 0.0800
61 0.6920 0.7732 0.1969 0.0738
61 0.6776 0.7250 0.1712 0.0574
61 0.6603 0.8913 0.2455 0.1079
1 0.8388 0.5504 0.0776 0.3181
47 0.6227 0.6652 0.0382 0.0812
47 0.7343 0.6385 0.0585 0.1110
47 0.2908 0.6082 0.0429 0.0308
52 0.5783 0.6219 0.0350 0.0341
55 0.7825 0.6385 0.0259 0.0216
55 0.7759 0.6527 0.0332 0.0243
55 0.7924 0.6294 0.0270 0.0167
62 0.5086 0.7046 0.0476 0.0787
62 0.4565 0.7671 0.0442 0.0911
62 0.3988 0.8624 0.0626 0.1239
62 0.2943 0.9654 0.1004 0.0692
1 0.6755 0.4841 0.2786 0.3127
1 0.0602 0.6316 0.1204 0.4958
1 0.8751 0.5625 0.1375 0.4207
1 0.9604 0.3288 0.0793 0.1014
61 0.6316 0.9649 0.2516 0.0702
47 0.1944 0.6259 0.0656 0.1089
47 0.3895 0.5530 0.0221 0.0332
55 0.8084 0.6521 0.0207 0.0164
