3 0.1219 0.5299 0.2071 0.0942
1 0.5048 0.6267 0.1062 0.3199
1 0.6140 0.5409 0.0247 0.0882
1 0.5525 0.5317 0.0165 0.0573
8 0.3325 0.5118 0.0400 0.0362
8 0.3806 0.5151 0.0594 0.0891
10 0.3406 0.2864 0.0202 0.0492
10 0.6952 0.4153 0.0128 0.0444
10 0.6990 0.4458 0.0203 0.0226
10 0.1321 0.4335 0.0082 0.0309
1 0.0132 0.7442 0.0264 0.0635
1 0.2595 0.5148 0.0078 0.0262
1 0.2799 0.5186 0.0088 0.0246
1 0.2391 0.5199 0.0072 0.0245
1 0.3362 0.5189 0.0058 0.0208
10 0.4311 0.5077 0.0074 0.0067
10 0.4508 0.4898 0.0055 0.0114
10 0.1221 0.4644 0.0180 0.0162
2 0.5186 0.7183 0.0453 0.1800
