44 0.6158 0.7226 0.0314 0.1795
44 0.4511 0.5651 0.0301 0.1131
44 0.4056 0.5474 0.0229 0.1272
44 0.3884 0.4483 0.0176 0.0821
44 0.2971 0.4436 0.0214 0.0600
44 0.3600 0.4312 0.0296 0.0939
62 0.3568 0.2736 0.0632 0.1282
62 0.0498 0.8780 0.0990 0.2440
62 0.1731 0.9015 0.1113 0.1963
47 0.4952 0.5538 0.0543 0.0959
48 0.3714 0.6588 0.0639 0.0307
50 0.4760 0.8137 0.0321 0.0474
50 0.5671 0.6534 0.0630 0.0168
67 0.6093 0.8157 0.4905 0.3101
1 0.6387 0.4963 0.2405 0.3806
1 0.8275 0.6414 0.3371 0.7172
1 0.5322 0.3800 0.2068 0.3475
1 0.2264 0.3139 0.0631 0.1206
1 0.2865 0.7315 0.3202 0.5146
1 0.0733 0.6640 0.1466 0.6315
1 0.1795 0.4212 0.1146 0.2701
1 0.5619 0.2246 0.0667 0.1254
1 0.1242 0.2591 0.0929 0.1329
1 0.3533 0.2342 0.0586 0.1865
1 0.4984 0.3661 0.1207 0.2292
1 0.3100 0.1768 0.0604 0.1033
46 0.5855 0.7245 0.0375 0.1304
47 0.3160 0.4880 0.0207 0.0702
51 0.3652 0.5372 0.0646 0.0524
62 0.7638 0.4960 0.0562 0.0440
62 0.2556 0.2911 0.0426 0.0400
62 0.1406 0.3318 0.0222 0.0731
62 0.0809 0.2598 0.0395 0.0836
62 0.6635 0.3041 0.0560 0.0611
67 0.5521 0.3051 0.0564 0.0934
67 0.4584 0.6303 0.4146 0.4157
67 0.3102 0.3440 0.1247 0.0838
67 0.1797 0.3138 0.1881 0.0513
67 0.3136 0.2509 0.0509 0.0730
46 0.3102 0.3333 0.0157 0.0451
46 0.4091 0.4682 0.0261 0.0504
46 0.5399 0.5978 0.0244 0.0877
47 0.3887 0.5157 0.0168 0.0622
62 0.0226 0.2061 0.0418 0.0761
62 0.2253 0.4428 0.0906 0.0728
1 0.1766 0.2705 0.0612 0.1128
47 0.3604 0.4575 0.0378 0.0434
47 0.1415 0.2803 0.0096 0.0265
48 0.5647 0.6395 0.0635 0.0186
49 0.5866 0.6469 0.0864 0.0085
46 0.4524 0.6754 0.0424 0.1148
46 0.3195 0.5992 0.0323 0.0889
46 0.5212 0.6888 0.0354 0.0965
49 0.3888 0.6882 0.0360 0.0522
1 0.1398 0.1615 0.2734 0.2104
