8 0.6594 0.1961 0.1517 0.1297
1 0.7383 0.2140 0.0328 0.0971
1 0.3641 0.2363 0.0293 0.0613
33 0.7109 0.6825 0.1889 0.3888
1 0.8181 0.2025 0.0403 0.1154
3 0.6619 0.1368 0.1106 0.0186
33 0.9305 0.7558 0.1390 0.2961
33 0.5094 0.6260 0.1539 0.3325
33 0.8318 0.4104 0.2143 0.1195
33 0.6286 0.6561 0.0955 0.2920
33 0.6312 0.5774 0.1150 0.1897
33 0.6537 0.4607 0.0705 0.0640
33 0.9166 0.7230 0.1668 0.2533
33 0.8742 0.6502 0.1773 0.2312
33 0.9561 0.5015 0.0872 0.1577
33 0.3979 0.6009 0.0812 0.1914
33 0.9041 0.6800 0.1842 0.2233
33 0.5115 0.4687 0.1284 0.0618
36 0.2907 0.3524 0.1430 0.3269
33 0.4625 0.6396 0.9219 0.6792
