85 0.0826 0.5701 0.0312 0.1001
62 0.2707 0.8157 0.2014 0.3468
62 0.7288 0.8056 0.2767 0.3888
67 0.5496 0.5243 0.0612 0.0299
84 0.7223 0.2696 0.0133 0.0497
84 0.6896 0.3465 0.0131 0.0561
84 0.6767 0.4202 0.1550 0.0752
84 0.4080 0.2219 0.0931 0.0554
84 0.6988 0.3503 0.0068 0.0471
84 0.6669 0.3516 0.0059 0.0491
84 0.6946 0.3437 0.1933 0.0642
84 0.7588 0.2704 0.0146 0.0520
84 0.6273 0.2060 0.0107 0.0537
84 0.7050 0.2754 0.0169 0.0507
84 0.6418 0.2770 0.0101 0.0500
84 0.6335 0.2844 0.0088 0.0365
84 0.6812 0.2130 0.0171 0.0364
84 0.5323 0.3500 0.5271 0.3625
