10 0.4461 0.4757 0.0140 0.0609
1 0.2951 0.6081 0.0087 0.0477
1 0.4294 0.6087 0.0049 0.0413
1 0.3604 0.6051 0.0129 0.0569
1 0.3338 0.6069 0.0137 0.0549
1 0.2585 0.6103 0.0166 0.0602
3 0.7392 0.8056 0.3489 0.3329
10 0.5434 0.5216 0.0068 0.0377
10 0.7188 0.5149 0.0123 0.0392
10 0.5423 0.4943 0.0110 0.0189
10 0.3621 0.5057 0.0098 0.0427
1 0.4352 0.6001 0.0077 0.0489
1 0.3909 0.5940 0.0120 0.0268
1 0.2734 0.6123 0.0055 0.0546
1 0.3098 0.6105 0.0198 0.0621
1 0.1284 0.6126 0.0147 0.0715
1 0.0942 0.6162 0.0122 0.0573
3 0.0776 0.7906 0.1199 0.3671
3 0.4796 0.6251 0.0554 0.0606
3 0.5001 0.6128 0.0487 0.0563
3 0.5523 0.6073 0.0472 0.0417
3 0.9369 0.7898 0.1004 0.2856
3 0.5792 0.6827 0.1413 0.2131
3 0.8514 0.6784 0.2068 0.1834
3 0.7587 0.6075 0.0674 0.0697
1 0.4056 0.6037 0.0099 0.0555
3 0.6800 0.6196 0.0841 0.0524
3 0.7125 0.5926 0.0197 0.0148
1 0.2823 0.6122 0.0135 0.0539
1 0.5109 0.6115 0.9531 0.1011
