62 0.0538 0.7772 0.0938 0.1583
62 0.1363 0.7923 0.0797 0.1723
62 0.9570 0.7950 0.0851 0.0691
62 0.9096 0.7500 0.0652 0.0529
3 0.3042 0.5561 0.0743 0.0556
3 0.0424 0.6131 0.0848 0.1220
1 0.4075 0.9035 0.0767 0.1295
1 0.2712 0.7591 0.0638 0.2097
1 0.0835 0.7149 0.0553 0.1439
1 0.2385 0.6361 0.0279 0.1673
28 0.6519 0.5398 0.0942 0.0483
62 0.2743 0.7978 0.0433 0.0929
1 0.6924 0.7798 0.0332 0.0457
1 0.7834 0.6494 0.0354 0.1375
1 0.7208 0.6345 0.0336 0.1536
1 0.6641 0.6438 0.0318 0.1129
1 0.7381 0.7709 0.0240 0.0620
1 0.2560 0.6342 0.0321 0.1822
1 0.3690 0.7443 0.0243 0.0438
1 0.7544 0.7985 0.0311 0.0501
1 0.9172 0.6427 0.0372 0.1256
62 0.9628 0.7063 0.0237 0.0520
62 0.3441 0.6516 0.0294 0.0601
62 0.8907 0.7517 0.0621 0.0433
1 0.5445 0.6182 0.3391 0.1468
