72 0.0778 0.8859 0.1556 0.1906
44 0.5318 0.9324 0.0209 0.0919
44 0.8671 0.9617 0.0181 0.0761
46 0.2964 0.5681 0.0282 0.1227
78 0.5530 0.7991 0.0880 0.0891
46 0.3355 0.5728 0.0155 0.0731
46 0.3124 0.5625 0.0283 0.1181
46 0.2635 0.5828 0.0284 0.0966
46 0.2231 0.5935 0.0255 0.0999
46 0.2987 0.6347 0.0239 0.0184
46 0.2736 0.5904 0.0287 0.1174
50 0.2018 0.7782 0.0163 0.1233
50 0.2178 0.7789 0.0177 0.1170
79 0.6694 0.9752 0.1788 0.0496
46 0.2383 0.5860 0.0319 0.1063
51 0.5135 0.4268 0.0493 0.0395
51 0.5010 0.5230 0.0417 0.0202
51 0.6252 0.3827 0.0500 0.0388
44 0.5924 0.9553 0.0165 0.0414
44 0.7707 0.7304 0.0268 0.1089
50 0.2432 0.7790 0.0250 0.1296
79 0.7122 0.9140 0.1516 0.0763
