18 0.0266 0.7086 0.0512 0.1073
20 0.8158 0.5441 0.0721 0.1405
20 0.8623 0.5386 0.0518 0.1033
20 0.8640 0.4869 0.0436 0.0440
15 0.6859 0.1007 0.0513 0.0328
1 0.7543 0.2247 0.0220 0.0504
1 0.8713 0.2360 0.0234 0.0373
1 0.8242 0.2337 0.0169 0.0366
15 0.0251 0.0256 0.0409 0.0513
62 0.7193 0.1234 0.0177 0.0183
1 0.7303 0.2241 0.0238 0.0528
1 0.0913 0.5362 0.0491 0.3479
1 0.5081 0.0849 0.0211 0.0692
1 0.2379 0.0867 0.0292 0.0586
1 0.6104 0.0868 0.0280 0.0738
1 0.0475 0.0794 0.0348 0.0582
1 0.3257 0.0282 0.0233 0.0564
1 0.3504 0.0302 0.0263 0.0575
62 0.6865 0.1084 0.0181 0.0453
62 0.3695 0.0854 0.0209 0.0325
62 0.3492 0.0901 0.0222 0.0424
62 0.2930 0.0823 0.0282 0.0371
62 0.2698 0.0794 0.0222 0.0371
62 0.2538 0.0370 0.0207 0.0374
62 0.2746 0.0393 0.0224 0.0394
62 0.2509 0.0821 0.0163 0.0386
62 0.2246 0.0791 0.0091 0.0334
62 0.1984 0.0851 0.0199 0.0511
62 0.4896 0.0979 0.0215 0.0443
1 0.5276 0.0894 0.0185 0.0707
62 0.2320 0.0347 0.0204 0.0326
1 0.8400 0.2275 0.0218 0.0524
15 0.4801 0.0520 0.0160 0.0277
62 0.3688 0.0686 0.6875 0.1372
1 0.5289 0.1498 0.9391 0.2996
