27 0.7219 0.5693 0.0504 0.0954
1 0.4420 0.6351 0.0564 0.2130
1 0.7109 0.6465 0.0753 0.3105
1 0.3442 0.6109 0.0332 0.1105
1 0.2169 0.5915 0.0349 0.0896
1 0.1445 0.5743 0.0352 0.1228
1 0.2434 0.5912 0.0238 0.0496
1 0.2713 0.5390 0.0039 0.0142
1 0.4195 0.6248 0.0396 0.1516
1 0.3068 0.5535 0.0095 0.0281
1 0.2908 0.5575 0.0069 0.0154
1 0.1867 0.5559 0.0124 0.0253
35 0.3982 0.7326 0.0394 0.0249
35 0.4030 0.6973 0.0494 0.0128
35 0.7166 0.8011 0.2100 0.0361
35 0.3327 0.6693 0.0357 0.0067
35 0.4736 0.7430 0.1097 0.0204
