1 0.5648 0.7822 0.1379 0.2339
1 0.9325 0.7649 0.0557 0.1323
1 0.2071 0.7407 0.1342 0.3173
1 0.0444 0.7398 0.0851 0.1796
1 0.1313 0.7385 0.0658 0.1044
1 0.4468 0.7537 0.0460 0.1188
1 0.3384 0.7716 0.0548 0.0716
1 0.7899 0.7645 0.0835 0.1477
1 0.6166 0.8195 0.0954 0.1331
1 0.0880 0.7318 0.0343 0.1159
38 0.5020 0.3534 0.0886 0.1123
38 0.3412 0.0637 0.0994 0.0593
38 0.9263 0.0636 0.0720 0.0543
38 0.7085 0.3063 0.0493 0.0327
38 0.3206 0.4298 0.0577 0.0295
38 0.6885 0.4229 0.0582 0.0779
38 0.9621 0.5182 0.0231 0.0147
1 0.2939 0.7525 0.0328 0.0491
38 0.2965 0.5258 0.0207 0.0238
38 0.4085 0.0557 0.0225 0.0271
38 0.0250 0.4683 0.0210 0.0182
38 0.3281 0.5534 0.0150 0.0283
1 0.7213 0.7855 0.0911 0.0959
1 0.4940 0.7420 0.0311 0.0854
38 0.3027 0.2325 0.0506 0.0422
1 0.4493 0.7520 0.8933 0.0960
38 0.5147 0.4140 0.0853 0.2760
