62 0.5757 0.4454 0.0560 0.1292
1 0.5008 0.6466 0.2038 0.6838
1 0.7117 0.0685 0.0497 0.0836
1 0.5110 0.0530 0.0356 0.0756
1 0.3066 0.0928 0.0528 0.0349
1 0.1864 0.0605 0.0427 0.0916
43 0.4107 0.7369 0.0340 0.1446
1 0.2845 0.0588 0.0456 0.0992
1 0.3425 0.0883 0.0280 0.0487
1 0.6424 0.1014 0.0377 0.0396
1 0.4143 0.0908 0.0441 0.0449
1 0.5880 0.0682 0.0420 0.0800
1 0.5011 0.0980 0.0186 0.0354
28 0.1153 0.1599 0.1738 0.0553
1 0.4753 0.0606 0.0483 0.1009
1 0.2535 0.0831 0.0405 0.0519
1 0.5070 0.0756 0.9828 0.1513
