63 0.1090 0.8882 0.2181 0.1935
1 0.8351 0.6146 0.1611 0.3499
84 0.6115 0.4642 0.0178 0.0635
84 0.5969 0.3846 0.1595 0.1017
84 0.0458 0.6751 0.0394 0.1042
84 0.0215 0.4398 0.0090 0.0711
84 0.0298 0.5465 0.0268 0.0935
84 0.0573 0.6708 0.0507 0.1069
84 0.5992 0.4691 0.0225 0.0516
86 0.4614 0.2488 0.0189 0.0557
63 0.7429 0.6260 0.1961 0.2789
84 0.0774 0.4361 0.0135 0.0714
84 0.0553 0.5418 0.0205 0.0996
84 0.0529 0.6788 0.0330 0.0833
1 0.8979 0.6119 0.1411 0.2006
84 0.5734 0.4699 0.0147 0.0683
84 0.5566 0.4752 0.0079 0.0636
1 0.6953 0.5786 0.1330 0.2756
63 0.7981 0.7166 0.4038 0.4084
84 0.4992 0.5691 0.9984 0.3841
