62 0.1590 0.5064 0.1299 0.0800
43 0.2555 0.3560 0.2253 0.2699
1 0.1661 0.4322 0.2184 0.2348
1 0.8008 0.2165 0.1175 0.1368
1 0.9442 0.3012 0.1117 0.0807
1 0.5263 0.2094 0.1162 0.1256
1 0.4183 0.1903 0.1146 0.0974
1 0.6693 0.1917 0.1287 0.0914
1 0.3223 0.1950 0.0920 0.0883
1 0.0789 0.1135 0.1427 0.1235
1 0.7509 0.1416 0.0954 0.0989
1 0.0930 0.2985 0.1003 0.0900
1 0.4259 0.1123 0.1031 0.1055
15 0.9121 0.2385 0.1308 0.0317
1 0.4378 0.5721 0.6301 0.7265
1 0.2544 0.2683 0.1309 0.1446
15 0.6612 0.1388 0.1603 0.0291
62 0.1623 0.5067 0.1289 0.0838
1 0.5000 0.1750 0.9951 0.3500
