72 0.5280 0.3007 0.2018 0.1951
63 0.8330 0.8822 0.3339 0.2356
62 0.7600 0.7578 0.0847 0.0926
63 0.2899 0.8225 0.5155 0.3340
63 0.1222 0.7410 0.2445 0.3843
85 0.2794 0.3329 0.0207 0.0316
84 0.1785 0.2823 0.0137 0.0547
84 0.1902 0.2870 0.0121 0.0514
84 0.2216 0.2847 0.0506 0.0597
84 0.1742 0.2815 0.0271 0.0592
84 0.1572 0.5130 0.0605 0.0154
31 0.9555 0.7424 0.0890 0.2355
51 0.2974 0.6282 0.0285 0.0204
73 0.5335 0.6755 0.0887 0.0346
84 0.6796 0.6729 0.0409 0.0169
84 0.7030 0.3094 0.0431 0.0459
84 0.6992 0.3736 0.0393 0.0128
84 0.6867 0.5645 0.0407 0.0433
75 0.3993 0.6783 0.0308 0.0131
84 0.1629 0.3754 0.0275 0.0126
84 0.2065 0.4968 0.0071 0.0355
84 0.6766 0.6590 0.0233 0.0066
84 0.2272 0.4973 0.0066 0.0679
84 0.4891 0.2990 0.6344 0.4521
