85 0.5655 0.3586 0.1239 0.1595
3 0.4290 0.8817 0.5212 0.1476
3 0.0949 0.8448 0.1789 0.1228
3 0.3719 0.7985 0.2750 0.0472
3 0.4727 0.7680 0.1220 0.0983
3 0.7342 0.7691 0.0909 0.0999
8 0.3325 0.7239 0.1451 0.1467
1 0.7481 0.8840 0.1548 0.2320
1 0.9582 0.8242 0.0603 0.1042
1 0.9180 0.9123 0.0706 0.1754
1 0.9890 0.7751 0.0220 0.0881
1 0.2408 0.7562 0.0196 0.0828
1 0.1327 0.7797 0.0189 0.0465
1 0.0981 0.7649 0.0287 0.0369
1 0.0711 0.7608 0.0165 0.0480
1 0.6420 0.7549 0.0145 0.0424
3 0.6742 0.8993 0.4142 0.1775
3 0.7748 0.8519 0.1799 0.0703
1 0.8809 0.9052 0.0519 0.1849
3 0.6039 0.7847 0.0988 0.0686
1 0.7485 0.8844 0.1542 0.2285
1 0.1769 0.7680 0.0226 0.0795
1 0.9708 0.9105 0.0467 0.1620
3 0.3938 0.9277 0.5776 0.1445
