2 0.1951 0.5014 0.3849 0.4429
3 0.6920 0.2846 0.6104 0.4395
3 0.3110 0.1553 0.1689 0.1645
3 0.1015 0.1671 0.1614 0.1798
1 0.3814 0.0943 0.0187 0.0951
1 0.8520 0.1225 0.0489 0.1281
1 0.4495 0.1050 0.0287 0.1229
1 0.3632 0.0906 0.0221 0.0531
1 0.3901 0.1018 0.0196 0.0892
2 0.0634 0.2185 0.1046 0.0981
1 0.2180 0.1131 0.0127 0.0592
1 0.1760 0.1194 0.0499 0.1546
2 0.1688 0.2224 0.1333 0.1187
2 0.1748 0.3667 0.3453 0.1182
1 0.4310 0.1154 0.0205 0.1242
1 0.3243 0.0675 0.0148 0.0150
2 0.1908 0.3673 0.0703 0.0811
2 0.2717 0.3507 0.1156 0.0488
