64 0.8519 0.6292 0.1466 0.2607
63 0.6444 0.7963 0.3718 0.3871
44 0.4860 0.3703 0.0116 0.0321
44 0.5015 0.3622 0.0114 0.0479
44 0.5174 0.3556 0.0133 0.0606
44 0.5333 0.3611 0.0129 0.0559
44 0.5489 0.3608 0.0104 0.0458
44 0.5650 0.3580 0.0107 0.0539
44 0.5809 0.3653 0.0133 0.0374
44 0.5964 0.3562 0.0138 0.0575
44 0.6151 0.3652 0.0122 0.0334
44 0.6395 0.3630 0.0125 0.0371
55 0.4554 0.6384 0.0159 0.0205
64 0.8990 0.6360 0.0512 0.1612
64 0.9073 0.7280 0.0170 0.0762
84 0.6208 0.1576 0.0079 0.0406
84 0.6339 0.1521 0.0065 0.0455
84 0.6510 0.1493 0.0037 0.0428
84 0.6591 0.1524 0.0071 0.0513
84 0.6304 0.1537 0.0046 0.0450
86 0.6659 0.3526 0.0174 0.0524
86 0.6928 0.1347 0.0314 0.0608
51 0.4531 0.6296 0.0776 0.0721
72 0.5860 0.4445 0.0508 0.0575
55 0.4416 0.6473 0.0132 0.0182
55 0.4533 0.6539 0.0167 0.0186
55 0.4688 0.6482 0.0145 0.0164
67 0.4050 0.7628 0.2241 0.2777
84 0.6460 0.1505 0.0070 0.0471
84 0.6670 0.1525 0.0164 0.0434
