1 0.4317 0.3450 0.4946 0.5591
1 0.8115 0.3566 0.0600 0.0916
1 0.7432 0.2740 0.0431 0.0584
1 0.6299 0.2761 0.0484 0.0682
1 0.5728 0.3357 0.0528 0.0705
1 0.5442 0.2907 0.0236 0.0240
1 0.9252 0.3324 0.0374 0.0506
1 0.2753 0.4606 0.1345 0.1623
41 0.5636 0.5066 0.3005 0.2501
1 0.9526 0.3280 0.0281 0.0551
41 0.3415 0.4836 0.0353 0.0853
1 0.3260 0.4617 0.0882 0.1363
1 0.7277 0.3250 0.0336 0.0636
41 0.6460 0.3524 0.0261 0.0270
41 0.2188 0.4827 0.0100 0.0457
41 0.8386 0.3834 0.0275 0.0335
1 0.7960 0.2591 0.0376 0.0343
