20 0.7688 0.5953 0.1153 0.1430
20 0.6557 0.5506 0.0500 0.0925
20 0.8415 0.5416 0.0813 0.1128
20 0.9622 0.5239 0.0756 0.0772
20 0.7156 0.5219 0.0598 0.0766
20 0.5637 0.5037 0.0425 0.0754
2 0.3245 0.4701 0.0179 0.0764
3 0.1245 0.4267 0.2489 0.5280
3 0.2567 0.4591 0.0857 0.1526
3 0.2850 0.4411 0.0405 0.0975
3 0.3371 0.4316 0.0183 0.0382
3 0.3740 0.4311 0.0206 0.0288
3 0.3959 0.4121 0.0261 0.0181
1 0.4854 0.4302 0.0221 0.0731
1 0.4694 0.4319 0.0183 0.0629
1 0.3170 0.4316 0.0334 0.1413
20 0.7875 0.4929 0.0461 0.0365
20 0.6777 0.4868 0.0455 0.0459
20 0.6287 0.5015 0.0321 0.0473
20 0.5033 0.4964 0.0259 0.0616
20 0.6061 0.5197 0.0377 0.0852
3 0.3712 0.4099 0.0211 0.0139
3 0.3624 0.4308 0.0139 0.0291
3 0.4490 0.4266 0.0287 0.0333
3 0.3541 0.4324 0.0156 0.0354
20 0.7766 0.5125 0.0831 0.0490
3 0.2043 0.7677 0.4086 0.4387
20 0.7344 0.5714 0.0896 0.1039
1 0.1432 0.3862 0.1422 0.7636
20 0.7328 0.6021 0.5312 0.3292
