3 0.9346 0.5469 0.0623 0.0471
3 0.9708 0.5461 0.0328 0.0311
1 0.1675 0.7888 0.3349 0.4224
1 0.6723 0.5797 0.0152 0.0276
1 0.3766 0.5669 0.0094 0.0312
1 0.0121 0.6114 0.0242 0.0582
1 0.4615 0.6462 0.1023 0.1611
1 0.6475 0.6009 0.0395 0.0786
15 0.4518 0.6974 0.1395 0.1287
15 0.6639 0.6193 0.0506 0.0612
15 0.7472 0.5839 0.0297 0.0426
16 0.2610 0.6913 0.0192 0.0169
16 0.2886 0.7994 0.0310 0.0153
1 0.2424 0.5770 0.0095 0.0323
1 0.2903 0.5732 0.0140 0.0392
2 0.3111 0.8943 0.1614 0.2114
3 0.8014 0.5434 0.0439 0.0229
3 0.8496 0.5412 0.0493 0.0270
1 0.4144 0.5495 0.0051 0.0212
1 0.4566 0.5436 0.0048 0.0201
1 0.4189 0.5506 0.0052 0.0167
3 0.8753 0.5476 0.0528 0.0318
16 0.4295 0.6160 0.0080 0.0118
16 0.3327 0.7909 0.0205 0.0203
16 0.3231 0.6115 0.0077 0.0121
1 0.2629 0.5774 0.0112 0.0373
