2 0.9104 0.8248 0.0570 0.1383
3 0.4608 0.7238 0.0708 0.0917
3 0.5050 0.7137 0.0790 0.0997
3 0.8978 0.7299 0.0680 0.0890
3 0.5672 0.6835 0.0585 0.0326
4 0.5589 0.7539 0.0685 0.1073
1 0.2698 0.7018 0.0231 0.1141
1 0.2777 0.6827 0.0186 0.0921
1 0.5662 0.7291 0.0441 0.0989
1 0.1755 0.8386 0.0585 0.3229
1 0.2979 0.6905 0.0144 0.0782
1 0.1246 0.7094 0.0496 0.1620
10 0.4850 0.3939 0.0471 0.1465
11 0.5636 0.8094 0.0200 0.0548
11 0.4499 0.8370 0.0306 0.1552
14 0.2848 0.7243 0.0164 0.0411
10 0.8267 0.3158 0.0463 0.1866
10 0.8744 0.3081 0.0165 0.1660
14 0.2209 0.8729 0.0609 0.2436
1 0.8715 0.6419 0.0148 0.0325
3 0.6312 0.6809 0.0308 0.0218
3 0.9050 0.6941 0.0588 0.0582
8 0.3717 0.7266 0.1188 0.1232
14 0.5648 0.7552 0.0100 0.0428
64 0.1214 0.6660 0.1103 0.1127
64 0.7855 0.6817 0.0597 0.1070
