62 0.3210 0.5654 0.2241 0.1580
1 0.5138 0.3465 0.9326 0.6907
67 0.5000 0.6751 1.0000 0.6273
51 0.4629 0.8002 0.1722 0.0607
51 0.4570 0.6301 0.1054 0.0486
51 0.3628 0.6501 0.1012 0.0501
51 0.7644 0.5104 0.0822 0.0421
51 0.5346 0.7466 0.1557 0.0811
51 0.4539 0.6758 0.1464 0.0510
57 0.7010 0.7931 0.1078 0.0392
86 0.8552 0.3751 0.1127 0.1466
51 0.6767 0.5110 0.0929 0.0412
57 0.5994 0.6126 0.0461 0.0181
57 0.6451 0.6109 0.0461 0.0167
51 0.5162 0.8650 0.2017 0.0932
51 0.3998 0.7643 0.1449 0.0797
51 0.7377 0.4949 0.0957 0.0288
51 0.7447 0.8076 0.2854 0.1474
51 0.5940 0.6147 0.2140 0.0895
57 0.6856 0.4716 0.0359 0.0107
57 0.6994 0.4631 0.0361 0.0110
64 0.8501 0.2327 0.2999 0.4409
