2 0.6920 0.6548 0.0747 0.1764
10 0.5251 0.2477 0.0562 0.1388
42 0.3589 0.5018 0.0929 0.6584
42 0.5597 0.5809 0.0623 0.4463
42 0.7693 0.5000 0.0897 0.5788
42 0.1511 0.5781 0.0718 0.4911
1 0.0998 0.6293 0.0356 0.3699
1 0.6411 0.6046 0.0900 0.3564
1 0.2370 0.6474 0.0620 0.3138
1 0.4285 0.6110 0.0706 0.3733
1 0.4887 0.6127 0.0764 0.3672
1 0.1334 0.2847 0.0439 0.0899
1 0.9535 0.6088 0.0744 0.3116
1 0.8768 0.6051 0.0652 0.3103
1 0.9186 0.4373 0.0327 0.1288
1 0.4644 0.4440 0.0460 0.0825
18 0.9260 0.4888 0.0263 0.0445
1 0.0426 0.6361 0.0731 0.3679
1 0.2042 0.6224 0.0564 0.3849
1 0.2962 0.6384 0.0817 0.3396
2 0.5120 0.6561 0.0257 0.0985
1 0.6211 0.6008 0.7547 0.3825
