3 0.3369 0.3930 0.1539 0.1279
1 0.2048 0.4811 0.1301 0.4625
1 0.8787 0.3921 0.0282 0.2412
1 0.9019 0.4060 0.0333 0.2643
1 0.9431 0.4277 0.0501 0.3377
1 0.7206 0.3548 0.0208 0.0943
1 0.7084 0.3380 0.0160 0.0476
4 0.5339 0.5684 0.3980 0.2456
1 0.9172 0.4238 0.0345 0.2768
1 0.9752 0.4457 0.0495 0.3876
1 0.1261 0.4213 0.0613 0.1634
1 0.0503 0.5134 0.0978 0.3940
4 0.2928 0.7253 0.5857 0.5494
4 0.6166 0.4234 0.1994 0.1170
4 0.7342 0.4695 0.0821 0.1194
4 0.4009 0.7407 0.5648 0.5136
4 0.5791 0.4821 0.3010 0.2455
4 0.6039 0.4518 0.2453 0.1351
4 0.6441 0.4439 0.2012 0.1922
4 0.6646 0.4187 0.1689 0.1488
4 0.7363 0.3874 0.1363 0.0799
4 0.7801 0.4584 0.0498 0.1083
