38 0.7441 0.3052 0.3840 0.4393
38 0.2729 0.2309 0.0849 0.1148
38 0.6871 0.4588 0.1172 0.1219
1 0.3587 0.6329 0.1380 0.3429
1 0.4765 0.4741 0.0601 0.2188
1 0.8812 0.3753 0.0296 0.1137
1 0.5555 0.3566 0.0378 0.0757
1 0.5290 0.3519 0.0435 0.0691
1 0.0990 0.3152 0.0252 0.0916
1 0.1422 0.2739 0.0182 0.1129
1 0.6961 0.4046 0.0546 0.2120
2 0.4963 0.2872 0.0466 0.0462
2 0.5371 0.2888 0.0432 0.0519
2 0.6124 0.2953 0.0439 0.0504
2 0.6790 0.3146 0.0153 0.0191
1 0.3029 0.3463 0.0880 0.2932
1 0.2289 0.2597 0.0214 0.0440
1 0.4554 0.3094 0.0128 0.0532
1 0.6134 0.2842 0.0249 0.0792
2 0.7582 0.2951 0.0462 0.0404
1 0.5863 0.3283 0.0263 0.0550
2 0.6453 0.2970 0.0214 0.0451
2 0.3929 0.2744 0.0408 0.0491
1 0.4422 0.2911 0.8656 0.2113
