6 0.6634 0.3966 0.6732 0.7888
6 0.2094 0.3330 0.2693 0.6659
6 0.0457 0.4056 0.0885 0.7888
1 0.3194 0.6079 0.0810 0.4876
1 0.4039 0.6355 0.1496 0.5942
1 0.8076 0.4024 0.0693 0.0887
1 0.6497 0.3853 0.0602 0.0967
31 0.2978 0.6034 0.0564 0.0998
1 0.6229 0.3904 0.0419 0.0872
1 0.9624 0.3744 0.0665 0.1726
1 0.1055 0.3765 0.0347 0.1345
1 0.2489 0.0394 0.0352 0.0486
1 0.1891 0.0352 0.0263 0.0342
4 0.4146 0.7550 0.3164 0.3551
27 0.3895 0.5380 0.0927 0.1731
32 0.1091 0.3657 0.0097 0.0343
1 0.4803 0.3358 0.0185 0.0905
