44 0.5087 0.6657 0.0197 0.0608
44 0.2191 0.4994 0.0168 0.0342
44 0.5751 0.6070 0.0157 0.0513
67 0.5744 0.7577 0.3620 0.4281
67 0.2085 0.5773 0.2175 0.2152
67 0.6360 0.4510 0.1337 0.0856
50 0.6688 0.7215 0.0152 0.0262
51 0.5639 0.6868 0.0425 0.0469
51 0.6679 0.4741 0.0315 0.0225
61 0.5977 0.7273 0.0228 0.0289
61 0.4864 0.6951 0.0157 0.0355
61 0.5388 0.7313 0.0226 0.0350
61 0.6091 0.6038 0.0170 0.0230
61 0.1146 0.5470 0.0125 0.0138
31 0.2313 0.7568 0.0536 0.1106
31 0.1725 0.7394 0.0629 0.1260
1 0.9542 0.5664 0.0855 0.2703
1 0.3732 0.5862 0.0823 0.1305
1 0.4567 0.4148 0.0275 0.0974
1 0.6965 0.5527 0.0771 0.1645
1 0.6039 0.5057 0.0682 0.1121
1 0.7870 0.8038 0.1270 0.3228
1 0.2118 0.4542 0.0421 0.0617
1 0.4495 0.8431 0.1212 0.2854
1 0.6402 0.8596 0.1615 0.2449
1 0.7834 0.6234 0.1288 0.1801
31 0.4416 0.5278 0.0294 0.0457
44 0.2073 0.4781 0.0133 0.0292
47 0.6313 0.5684 0.0131 0.0235
48 0.5714 0.8132 0.0106 0.0434
62 0.8004 0.9092 0.1711 0.1764
1 0.6108 0.3388 0.0156 0.0402
46 0.5794 0.5572 0.0110 0.0257
47 0.5457 0.8232 0.0242 0.0423
47 0.6876 0.6158 0.0140 0.0247
47 0.5785 0.5580 0.0112 0.0261
47 0.5114 0.5624 0.0122 0.0335
47 0.4915 0.5598 0.0154 0.0233
47 0.5650 0.5663 0.0166 0.0257
47 0.4346 0.5981 0.0142 0.0181
47 0.5532 0.5524 0.0172 0.0229
47 0.4102 0.6563 0.0191 0.0285
47 0.2367 0.4766 0.0107 0.0137
49 0.3996 0.7122 0.0140 0.0118
49 0.7243 0.7390 0.0212 0.0165
61 0.6736 0.4533 0.0092 0.0129
61 0.6368 0.6926 0.0104 0.0192
61 0.6268 0.6883 0.0124 0.0298
61 0.6471 0.5933 0.0319 0.0410
61 0.5274 0.5909 0.0154 0.0215
62 0.2515 0.6539 0.0971 0.1522
62 0.4172 0.5653 0.0557 0.0916
62 0.4083 0.4819 0.0505 0.1078
62 0.5461 0.4851 0.0298 0.0900
62 0.6356 0.5240 0.0408 0.1097
62 0.1452 0.4792 0.0539 0.0399
62 0.0388 0.5280 0.0328 0.0669
62 0.4383 0.9527 0.1825 0.0946
62 0.4945 0.5137 0.0236 0.0544
62 0.3461 0.8620 0.1001 0.1244
62 0.5153 0.3940 0.0286 0.0697
67 0.4018 0.4243 0.1007 0.0821
67 0.6655 0.3794 0.0742 0.0572
67 0.6715 0.3405 0.0547 0.0331
67 0.4379 0.3306 0.0481 0.0302
67 0.6952 0.3154 0.0280 0.0103
1 0.3636 0.7519 0.1190 0.2688
1 0.6353 0.4733 0.0450 0.1320
61 0.6875 0.6519 0.0155 0.0231
61 0.4767 0.6519 0.0175 0.0326
62 0.7646 0.5239 0.0589 0.1394
67 0.3696 0.3623 0.0536 0.0302
67 0.2919 0.3893 0.0249 0.0304
31 0.3424 0.9468 0.0860 0.1063
47 0.7110 0.6979 0.0212 0.0319
62 0.4398 0.5669 0.8328 0.5423
1 0.3883 0.5106 0.7734 0.3826
67 0.3883 0.4836 0.6891 0.3850
