16 0.4779 0.4852 0.0975 0.3367
62 0.1778 0.8326 0.3557 0.3090
62 0.7597 0.4914 0.0645 0.1097
62 0.3702 0.5078 0.1718 0.1156
62 0.4946 0.8771 0.2827 0.2120
62 0.2137 0.4183 0.2177 0.0409
62 0.2244 0.3947 0.1849 0.0325
67 0.7405 0.6057 0.5190 0.1140
67 0.2876 0.5171 0.5647 0.3976
67 0.2147 0.4492 0.3733 0.0451
1 0.2149 0.2663 0.1938 0.2854
47 0.2835 0.5622 0.0343 0.1100
62 0.4033 0.4116 0.0903 0.0633
67 0.6469 0.4635 0.2479 0.0712
1 0.4441 0.2848 0.2353 0.2797
28 0.1072 0.0618 0.2144 0.1237
28 0.3419 0.0649 0.3175 0.1299
28 0.6728 0.2507 0.0276 0.4963
28 0.3774 0.0228 0.0853 0.0456
47 0.5090 0.4540 0.0374 0.1707
62 0.8399 0.8468 0.3201 0.2805
62 0.0918 0.5239 0.1829 0.0903
64 0.8756 0.3428 0.1969 0.4006
67 0.6367 0.5247 0.2656 0.0833
1 0.0645 0.3155 0.1291 0.3335
47 0.2346 0.5146 0.0968 0.2560
67 0.2287 0.5008 0.4500 0.1333
