1 0.2704 0.7589 0.0415 0.0905
1 0.6115 0.6466 0.0155 0.0164
1 0.4611 0.6273 0.0061 0.0094
1 0.7399 0.6503 0.0067 0.0096
1 0.8591 0.6519 0.0111 0.0104
42 0.4945 0.7495 0.1848 0.0650
42 0.2720 0.6692 0.0165 0.0078
1 0.2744 0.6559 0.0081 0.0094
1 0.2628 0.6643 0.0165 0.0159
1 0.2492 0.6184 0.0079 0.0083
1 0.2286 0.6561 0.0085 0.0101
1 0.4314 0.6405 0.0070 0.0059
1 0.0686 0.7464 0.0396 0.1074
1 0.5053 0.7634 0.0545 0.1114
42 0.7433 0.6543 0.0232 0.0030
42 0.8551 0.6547 0.0159 0.0049
42 0.2357 0.6575 0.0140 0.0070
42 0.2488 0.6217 0.0310 0.0025
42 0.2813 0.6574 0.0114 0.0037
42 0.6217 0.6477 0.0074 0.0022
42 0.6402 0.6529 0.0120 0.0081
42 0.1072 0.6325 0.0069 0.0045
42 0.0380 0.6334 0.0133 0.0047
42 0.6242 0.6446 0.0196 0.0180
