64 0.6726 0.3721 0.0319 0.0441
64 0.3380 0.3697 0.0299 0.0499
64 0.3934 0.3728 0.0300 0.0452
62 0.8602 0.7402 0.0686 0.1692
62 0.7711 0.6403 0.0369 0.0308
82 0.2063 0.7004 0.1202 0.5835
51 0.6729 0.6836 0.0296 0.0273
78 0.3575 0.5807 0.0789 0.0652
79 0.5581 0.6910 0.3790 0.0832
81 0.5123 0.6091 0.0993 0.0216
49 0.7045 0.6541 0.0119 0.0285
49 0.7190 0.6488 0.0107 0.0283
51 0.6992 0.6865 0.0257 0.0239
64 0.6119 0.3736 0.0264 0.0431
64 0.2181 0.3826 0.0313 0.0627
49 0.7112 0.6508 0.0105 0.0318
67 0.7675 0.6716 0.2586 0.1201
51 0.7940 0.6731 0.0462 0.0224
79 0.1345 0.6052 0.0380 0.2442
64 0.1876 0.3659 0.0501 0.0755
