1 0.1523 0.2594 0.0518 0.1156
1 0.1097 0.2675 0.0286 0.1067
1 0.0437 0.2540 0.0521 0.1314
1 0.1414 0.3048 0.0246 0.0539
1 0.2518 0.2530 0.0464 0.1835
1 0.2779 0.2510 0.0386 0.0736
1 0.3233 0.2270 0.0476 0.1433
1 0.5636 0.3256 0.0710 0.0878
1 0.2723 0.3053 0.0466 0.0729
9 0.3403 0.0908 0.0651 0.0166
28 0.6704 0.2812 0.0624 0.0796
42 0.6455 0.5242 0.4393 0.3870
42 0.7019 0.5059 0.4238 0.3182
42 0.3709 0.5551 0.3037 0.4395
42 0.3309 0.5471 0.3124 0.4541
42 0.2732 0.5565 0.3106 0.4580
42 0.1929 0.5512 0.3106 0.4306
42 0.1482 0.5346 0.2894 0.4071
42 0.4138 0.5482 0.3476 0.4329
62 0.6791 0.3344 0.0514 0.0839
77 0.3424 0.1643 0.0017 0.0080
1 0.3175 0.2957 0.0437 0.0484
42 0.4916 0.5489 0.3376 0.4218
42 0.8954 0.3875 0.2092 0.2833
42 0.5353 0.5346 0.3795 0.4307
42 0.4470 0.5484 0.3768 0.4212
62 0.4640 0.3093 0.0328 0.0723
62 0.2024 0.3214 0.0197 0.0317
1 0.3779 0.2555 0.0454 0.1304
42 0.3462 0.7977 0.6924 0.4045
62 0.5111 0.3144 0.0414 0.0675
1 0.4855 0.2772 0.0394 0.1421
42 0.4992 0.6156 0.9984 0.7646
