3 0.9160 0.4383 0.1511 0.2573
4 0.5373 0.7037 0.6850 0.5925
4 0.8786 0.6816 0.2337 0.4786
1 0.5316 0.5422 0.3137 0.5640
1 0.1289 0.4857 0.1623 0.5860
1 0.0517 0.4753 0.0854 0.5416
1 0.7949 0.3792 0.0928 0.1110
1 0.5709 0.3514 0.1014 0.1599
1 0.6466 0.3608 0.0730 0.1655
1 0.7008 0.3551 0.0693 0.1467
1 0.0184 0.5312 0.0367 0.4671
1 0.8448 0.2723 0.0402 0.0500
1 0.8472 0.3547 0.0480 0.1235
31 0.2970 0.5333 0.1705 0.3438
1 0.2320 0.3576 0.0696 0.2224
1 0.3541 0.3992 0.1487 0.6251
10 0.8971 0.2006 0.0850 0.0992
