28 0.4400 0.1040 0.0954 0.0383
37 0.3880 0.1672 0.0241 0.0178
15 0.8617 0.4055 0.1154 0.0511
15 0.9058 0.4530 0.1711 0.0548
43 0.2975 0.2108 0.0676 0.1577
31 0.4573 0.3120 0.0160 0.0199
1 0.6323 0.5671 0.0908 0.1882
1 0.1840 0.5368 0.2028 0.5203
1 0.5598 0.4493 0.0665 0.0716
1 0.5888 0.4159 0.0714 0.1111
1 0.3214 0.3825 0.0934 0.1158
1 0.3182 0.2940 0.0771 0.1039
1 0.3627 0.2621 0.0542 0.0942
1 0.4090 0.1488 0.0439 0.0705
1 0.4629 0.1420 0.0716 0.0701
1 0.4551 0.1774 0.0530 0.0674
1 0.3913 0.3591 0.0806 0.1462
1 0.3181 0.4506 0.0879 0.0721
28 0.3416 0.1223 0.0872 0.0303
77 0.9041 0.1052 0.0044 0.0075
1 0.6355 0.3717 0.0932 0.1241
28 0.0214 0.1330 0.0401 0.0399
15 0.8225 0.3063 0.0651 0.0317
1 0.5000 0.2656 0.9967 0.5312
