1 0.7829 0.4618 0.3725 0.9236
1 0.1095 0.5494 0.2191 0.8787
31 0.6514 0.5836 0.1129 0.4449
1 0.0392 0.1188 0.0784 0.1708
33 0.3530 0.6723 0.2872 0.2815
33 0.4430 0.6044 0.2568 0.2709
33 0.2108 0.7584 0.2482 0.3519
33 0.5015 0.8675 0.4158 0.2651
33 0.1986 0.5610 0.2333 0.2093
33 0.4094 0.3947 0.1158 0.1752
33 0.4827 0.3353 0.1522 0.0745
33 0.9300 0.7468 0.1372 0.4031
33 0.3049 0.9455 0.2357 0.0831
33 0.5422 0.3942 0.1510 0.1462
33 0.2357 0.3234 0.2143 0.1688
33 0.9692 0.8358 0.0616 0.3284
33 0.7138 0.8808 0.2815 0.2384
33 0.4700 0.5733 0.9360 0.8480
