44 0.3175 0.1074 0.0235 0.1232
44 0.3444 0.1061 0.0198 0.1215
47 0.9370 0.7008 0.0588 0.0952
73 0.1694 0.5865 0.2747 0.3056
73 0.3581 0.5504 0.1660 0.1720
74 0.5376 0.6102 0.0314 0.0323
74 0.2927 0.6360 0.0575 0.0428
76 0.7217 0.6482 0.2954 0.1710
84 0.1483 0.1880 0.0798 0.0271
84 0.1406 0.2110 0.0790 0.0316
77 0.1921 0.2238 0.0322 0.0713
77 0.3194 0.7027 0.0445 0.0284
72 0.6828 0.4446 0.2029 0.2612
72 0.8709 0.4852 0.1995 0.2990
74 0.8570 0.7567 0.0569 0.0479
84 0.3521 0.6829 0.1009 0.0364
84 0.1987 0.1724 0.0539 0.1148
84 0.2275 0.1677 0.0335 0.1107
84 0.2547 0.1710 0.0250 0.1210
84 0.2734 0.1621 0.0153 0.1159
84 0.1406 0.1656 0.0953 0.0362
84 0.1840 0.1683 0.0431 0.1022
84 0.1377 0.2329 0.0860 0.0364
84 0.2939 0.1479 0.0048 0.0543
84 0.2878 0.1685 0.0082 0.1016
76 0.3674 0.5929 0.1244 0.0579
76 0.1803 0.6541 0.1756 0.0896
84 0.5813 0.4125 0.8313 0.6667
