1 0.6779 0.3995 0.4228 0.4139
1 0.9630 0.2497 0.0709 0.1008
1 0.3174 0.3867 0.1662 0.3330
1 0.4809 0.3004 0.1023 0.1991
1 0.7748 0.2386 0.1432 0.1727
1 0.7153 0.2527 0.0391 0.1528
1 0.8458 0.2395 0.0774 0.1020
52 0.7231 0.7445 0.1135 0.1907
52 0.5896 0.7445 0.1634 0.1701
52 0.4501 0.7256 0.1355 0.1600
52 0.3215 0.7054 0.1213 0.1467
52 0.1304 0.6747 0.0771 0.1248
52 0.9361 0.7014 0.1172 0.1860
52 0.8011 0.6212 0.1228 0.1542
52 0.6334 0.5907 0.0364 0.0788
52 0.4224 0.6308 0.0798 0.1023
52 0.3485 0.6327 0.0805 0.1786
52 0.7066 0.6256 0.0755 0.1268
52 0.5044 0.6504 0.1007 0.1208
1 0.8576 0.1897 0.0181 0.0478
52 0.4060 0.5697 0.0659 0.1110
52 0.4953 0.3969 0.9906 0.7854
