49 0.4740 0.3716 0.3272 0.4340
56 0.3344 0.4267 0.1147 0.1482
56 0.1909 0.4501 0.1482 0.1680
57 0.6254 0.7322 0.0251 0.0744
57 0.8151 0.7298 0.0429 0.0521
57 0.7942 0.6855 0.0380 0.0549
57 0.6525 0.6688 0.0184 0.0509
56 0.3766 0.3534 0.0675 0.1232
57 0.7209 0.6950 0.0402 0.0329
62 0.4172 0.1013 0.1627 0.1968
56 0.0690 0.4044 0.1142 0.1168
56 0.2493 0.2811 0.4027 0.2967
56 0.1118 0.6881 0.0990 0.1625
56 0.1950 0.6865 0.1092 0.1800
56 0.2723 0.7088 0.0716 0.0816
57 0.4671 0.6849 0.0262 0.1354
57 0.5558 0.7191 0.1815 0.1634
57 0.7148 0.6482 0.0325 0.0211
57 0.7465 0.7317 0.0892 0.0916
57 0.6895 0.7005 0.1361 0.1696
