67 0.3909 0.5603 0.4834 0.5865
2 0.7226 0.0743 0.0941 0.0625
1 0.8004 0.4844 0.2476 0.3082
1 0.7038 0.2598 0.1674 0.1541
1 0.1638 0.2924 0.1393 0.2400
1 0.1825 0.1844 0.1244 0.1317
1 0.6420 0.0737 0.0777 0.1213
1 0.0601 0.4420 0.1170 0.2533
1 0.1628 0.4582 0.1249 0.2323
82 0.9001 0.2256 0.1998 0.3632
31 0.0754 0.4953 0.0935 0.1284
1 0.0089 0.2357 0.0178 0.0925
1 0.5493 0.0540 0.0369 0.0865
59 0.4247 0.4904 0.0836 0.0388
59 0.4297 0.5603 0.0980 0.0410
59 0.4555 0.5122 0.0869 0.0442
59 0.4130 0.3301 0.0496 0.0261
67 0.7113 0.4892 0.3521 0.3981
59 0.4941 0.4811 0.0712 0.0283
