28 0.7922 0.3222 0.2287 0.1037
28 0.6614 0.3120 0.1889 0.1716
28 0.6141 0.3828 0.1056 0.0547
28 0.1379 0.3650 0.0760 0.0408
28 0.3475 0.3593 0.0692 0.0285
1 0.9201 0.5621 0.1076 0.4354
1 0.7685 0.6040 0.1336 0.5674
1 0.6097 0.5457 0.0707 0.2924
1 0.5592 0.5634 0.0921 0.2728
1 0.2325 0.4575 0.0423 0.1627
1 0.3076 0.4491 0.0466 0.1800
1 0.8284 0.6097 0.0624 0.5146
1 0.5302 0.4437 0.0555 0.1063
1 0.4695 0.4938 0.0559 0.2228
28 0.4326 0.3694 0.0187 0.0184
1 0.7130 0.6037 0.1226 0.4834
28 0.2958 0.3839 0.0740 0.0376
28 0.7097 0.3683 0.1290 0.0554
28 0.4762 0.4072 0.0229 0.0448
1 0.8610 0.4408 0.0429 0.1292
1 0.6767 0.5429 0.0695 0.3199
1 0.2386 0.3802 0.0261 0.0873
1 0.4547 0.5042 0.4094 0.3667
