63 0.8351 0.3165 0.3297 0.4742
1 0.4854 0.5216 0.8572 0.9431
84 0.1600 0.6124 0.3062 0.0921
84 0.1032 0.2803 0.0276 0.0783
84 0.3182 0.4229 0.5436 0.2402
84 0.1223 0.1712 0.0142 0.1027
84 0.9021 0.0378 0.1958 0.0335
84 0.1617 0.6528 0.2821 0.0876
84 0.6211 0.0462 0.1202 0.0314
84 0.5943 0.1272 0.0489 0.0958
84 0.0739 0.1706 0.0245 0.1005
84 0.0881 0.1711 0.0162 0.1038
84 0.1840 0.6740 0.2287 0.0905
62 0.8333 0.3011 0.3333 0.4701
84 0.0863 0.5048 0.0957 0.0748
84 0.1187 0.2807 0.0149 0.0737
84 0.5000 0.2703 0.9952 0.5406
