16 0.2041 0.0721 0.0198 0.0356
16 0.3461 0.3302 0.0312 0.0326
16 0.1022 0.5762 0.0408 0.0251
16 0.0690 0.3219 0.0215 0.0303
16 0.0716 0.3698 0.0188 0.0242
16 0.7757 0.3167 0.0335 0.0318
16 0.4102 0.2466 0.0122 0.0210
16 0.4438 0.2220 0.0119 0.0244
16 0.4769 0.2329 0.0228 0.0287
16 0.8733 0.5257 0.0400 0.0300
1 0.4364 0.8670 0.0115 0.0350
1 0.4284 0.8767 0.0107 0.0513
1 0.4421 0.8663 0.0059 0.0358
1 0.4478 0.8846 0.0114 0.0223
1 0.3100 0.8868 0.0182 0.0511
16 0.8855 0.3853 0.0294 0.0288
16 0.8780 0.2721 0.0235 0.0246
16 0.8867 0.2422 0.0294 0.0254
16 0.7940 0.2488 0.0261 0.0235
16 0.3926 0.1666 0.0279 0.0312
16 0.2996 0.3675 0.0161 0.0392
16 0.8101 0.5502 0.0263 0.0212
16 0.6048 0.1884 0.0263 0.0242
16 0.6735 0.2969 0.0195 0.0217
16 0.6732 0.4335 0.0147 0.0190
16 0.2992 0.1083 0.0146 0.0235
16 0.4906 0.3501 0.9375 0.6206
