3 0.0894 0.5818 0.1789 0.1260
3 0.5457 0.5739 0.1070 0.0262
3 0.5624 0.5321 0.0550 0.0188
3 0.2281 0.5169 0.0496 0.0295
3 0.1707 0.5158 0.0428 0.0285
15 0.3949 0.7835 0.4012 0.1494
15 0.8706 0.7055 0.2202 0.1051
15 0.6980 0.6858 0.2352 0.0893
15 0.0630 0.6895 0.1260 0.0576
15 0.5872 0.6340 0.1166 0.0477
15 0.6960 0.6184 0.1501 0.0206
15 0.4160 0.6544 0.2101 0.0570
28 0.3264 0.4962 0.0720 0.2628
28 0.3765 0.5070 0.0512 0.1988
28 0.6505 0.5197 0.0438 0.1424
28 0.7790 0.5094 0.0725 0.2344
67 0.7805 0.6869 0.3820 0.1542
67 0.6490 0.5992 0.1944 0.0333
67 0.3678 0.6270 0.2540 0.0663
15 0.2630 0.7091 0.4156 0.0727
67 0.3178 0.6729 0.4392 0.0630
67 0.0504 0.6262 0.0997 0.0200
3 0.2976 0.5808 0.2556 0.1061
15 0.7808 0.6340 0.2907 0.0440
15 0.4276 0.6117 0.1385 0.0418
15 0.0499 0.6412 0.0999 0.0518
3 0.5507 0.5629 0.1363 0.0351
3 0.5035 0.5383 0.0468 0.0315
15 0.8484 0.6050 0.2594 0.0400
