3 0.9468 0.6312 0.0431 0.0315
3 0.9741 0.6388 0.0332 0.0366
3 0.8915 0.6253 0.0377 0.0294
3 0.9220 0.6316 0.0233 0.0375
10 0.8373 0.4580 0.0460 0.1096
10 0.2488 0.5154 0.0120 0.0389
10 0.6450 0.3863 0.0593 0.1514
31 0.5128 0.8186 0.0849 0.1767
31 0.7467 0.8034 0.0264 0.1820
31 0.1959 0.7477 0.0353 0.1169
1 0.6362 0.7652 0.0590 0.2045
1 0.7366 0.6699 0.0697 0.1810
1 0.3672 0.6259 0.0197 0.0693
1 0.3303 0.7910 0.1382 0.4180
1 0.1475 0.7461 0.0859 0.4719
1 0.8006 0.8045 0.1315 0.3686
1 0.6131 0.6751 0.0636 0.1751
1 0.4264 0.6415 0.0541 0.1156
1 0.3866 0.6366 0.0255 0.0920
1 0.4820 0.7865 0.1146 0.4000
1 0.6980 0.7999 0.1134 0.3996
1 0.8635 0.6743 0.0566 0.1975
31 0.4120 0.6590 0.0127 0.0647
3 0.2228 0.7818 0.4455 0.3542
4 0.9548 0.6504 0.0141 0.0322
10 0.7852 0.4478 0.0239 0.0800
10 0.0665 0.1429 0.1112 0.2242
10 0.5867 0.3772 0.0335 0.1096
27 0.3882 0.6189 0.0164 0.0193
