3 0.9037 0.8084 0.1927 0.3078
3 0.1169 0.5755 0.0857 0.1160
6 0.5081 0.5742 0.7972 0.6899
1 0.2807 0.6481 0.1054 0.3767
1 0.2157 0.6596 0.0978 0.3438
1 0.0305 0.6378 0.0610 0.3051
1 0.1044 0.5154 0.0217 0.0395
1 0.0661 0.5577 0.0277 0.1432
1 0.0355 0.5198 0.0213 0.0416
1 0.8017 0.4294 0.0238 0.1328
1 0.7836 0.4322 0.0178 0.1229
1 0.0523 0.5211 0.0170 0.0736
31 0.1730 0.5968 0.0371 0.1358
1 0.0730 0.4942 0.0125 0.0232
8 0.8611 0.4412 0.2759 0.2395
8 0.9648 0.3864 0.0703 0.1292
1 0.0933 0.5197 0.0164 0.0505
