1 0.6635 0.5582 0.3742 0.8659
31 0.4712 0.4518 0.1024 0.4047
28 0.9197 0.5277 0.1607 0.2382
28 0.6952 0.3978 0.3287 0.4000
28 0.8083 0.1250 0.3395 0.2162
28 0.2772 0.1573 0.1938 0.2787
28 0.1930 0.4346 0.2852 0.2303
28 0.0843 0.3315 0.1652 0.1955
28 0.7652 0.8923 0.3438 0.1888
28 0.2717 0.5748 0.0956 0.1631
28 0.4983 0.0236 0.1196 0.0446
28 0.9012 0.1903 0.1976 0.3784
77 0.5578 0.2097 0.0362 0.0636
1 0.3421 0.5382 0.5056 0.8877
28 0.1140 0.0971 0.1880 0.1939
28 0.9139 0.4546 0.1397 0.1507
28 0.7753 0.2365 0.1030 0.2447
28 0.6220 0.2080 0.6240 0.4160
