44 0.4102 0.4291 0.0198 0.1223
44 0.4276 0.4342 0.0249 0.1205
44 0.6355 0.7558 0.0148 0.1113
44 0.5541 0.7660 0.0237 0.1438
44 0.5394 0.7035 0.0154 0.0670
44 0.5017 0.6969 0.0168 0.0224
44 0.4850 0.6972 0.0124 0.0216
44 0.5219 0.6937 0.0211 0.0485
82 0.8931 0.7825 0.2064 0.4350
50 0.6042 0.4236 0.0142 0.0608
51 0.7198 0.7183 0.0918 0.0664
81 0.4031 0.5543 0.2026 0.0512
31 0.7625 0.5530 0.1528 0.0922
44 0.5067 0.6884 0.0123 0.0348
47 0.5670 0.5211 0.0274 0.0336
49 0.5672 0.4220 0.0231 0.0548
49 0.0337 0.5660 0.0647 0.0341
51 0.3836 0.7864 0.0622 0.0751
51 0.5672 0.5217 0.0310 0.0332
51 0.3892 0.8632 0.0726 0.0763
51 0.3875 0.8288 0.0697 0.0477
79 0.2106 0.7645 0.2223 0.4622
44 0.6592 0.7047 0.0216 0.0251
44 0.8426 0.4952 0.0224 0.1191
44 0.8687 0.5000 0.0294 0.1137
47 0.4569 0.5136 0.0217 0.0315
