3 0.9391 0.2389 0.1210 0.1118
3 0.7670 0.2122 0.1089 0.0851
3 0.8752 0.2063 0.0718 0.0514
3 0.8343 0.2047 0.0488 0.0439
3 0.9224 0.1939 0.0480 0.0312
3 0.8540 0.1711 0.0385 0.0143
3 0.8356 0.1825 0.0354 0.0182
4 0.4744 0.6136 0.6961 0.6876
1 0.5243 0.5215 0.3809 0.7875
1 0.6865 0.1939 0.0447 0.1366
1 0.5253 0.1689 0.0190 0.0657
1 0.4892 0.1948 0.0350 0.1285
1 0.4305 0.1981 0.0333 0.1284
1 0.1488 0.1843 0.0256 0.0837
1 0.3036 0.1709 0.0131 0.0545
1 0.7094 0.2012 0.0320 0.1639
1 0.1214 0.1830 0.0251 0.0866
1 0.4571 0.1947 0.0286 0.1429
1 0.2222 0.1657 0.0121 0.0403
3 0.9731 0.1781 0.0531 0.0199
31 0.6846 0.2156 0.0226 0.0856
32 0.6072 0.3740 0.0687 0.1634
1 0.3869 0.1855 0.0242 0.0369
8 0.7652 0.2110 0.1088 0.0824
1 0.6497 0.1776 0.0340 0.0888
4 0.0544 0.1727 0.0203 0.0225
4 0.4974 0.2012 0.0437 0.0506
4 0.3919 0.2140 0.0188 0.0297
1 0.2906 0.1938 0.5469 0.1458
