1 0.4903 0.5278 0.5202 0.9444
1 0.9127 0.3960 0.0809 0.1749
1 0.7221 0.4721 0.1136 0.3994
1 0.0629 0.3854 0.0516 0.1061
1 0.7966 0.3472 0.0460 0.0961
1 0.7756 0.3404 0.0283 0.0844
1 0.8028 0.2967 0.0400 0.0287
1 0.0294 0.3862 0.0414 0.1005
1 0.7337 0.3908 0.0730 0.1603
35 0.0935 0.8980 0.1869 0.0614
1 0.8465 0.3895 0.0587 0.1487
1 0.1688 0.3874 0.0554 0.1318
35 0.4866 0.9893 0.2770 0.0213
35 0.7738 0.6696 0.1068 0.0449
35 0.7374 0.6725 0.1890 0.0582
1 0.9587 0.3579 0.0346 0.0955
1 0.9805 0.3087 0.0328 0.0374
35 0.8603 0.4668 0.0827 0.0045
35 0.2326 0.7226 0.2610 0.0192
35 0.8447 0.4830 0.0725 0.0091
35 0.8406 0.4677 0.1232 0.0055
1 0.4990 0.4648 0.9979 0.5359
