32 0.8018 0.7165 0.0591 0.1674
32 0.1382 0.6793 0.0151 0.0556
32 0.3386 0.3829 0.0229 0.0347
32 0.8629 0.4250 0.0208 0.0749
32 0.2415 0.4045 0.0183 0.0809
1 0.1155 0.7247 0.2197 0.4517
1 0.4190 0.7174 0.1612 0.4773
1 0.5804 0.7555 0.2414 0.4706
1 0.6649 0.7115 0.1712 0.4549
1 0.8532 0.7235 0.2336 0.4444
1 0.8673 0.5498 0.1404 0.6169
1 0.7561 0.4848 0.1127 0.4710
1 0.6625 0.4331 0.1024 0.3654
1 0.2800 0.7366 0.1702 0.4420
1 0.8268 0.2453 0.0902 0.2854
1 0.7240 0.2323 0.1176 0.2864
1 0.3646 0.2543 0.1130 0.2670
32 0.2391 0.3665 0.0182 0.0133
1 0.2455 0.5296 0.1185 0.6126
1 0.4227 0.3616 0.4953 0.5985
