19 0.3466 0.5281 0.3559 0.5601
1 0.7196 0.5193 0.1314 0.3855
1 0.9002 0.5035 0.0804 0.3026
1 0.8453 0.4273 0.0482 0.1908
1 0.4435 0.3423 0.0523 0.0685
1 0.1515 0.5126 0.1699 0.2906
1 0.5597 0.6277 0.0808 0.3933
1 0.5945 0.4991 0.0685 0.4206
1 0.3601 0.3262 0.0183 0.0671
8 0.6079 0.3856 0.1753 0.2344
52 0.0276 0.5199 0.0491 0.0214
55 0.0687 0.6346 0.1348 0.0776
55 0.1364 0.7123 0.0092 0.0124
1 0.8060 0.4157 0.0459 0.1561
1 0.0987 0.5047 0.0938 0.1648
1 0.9490 0.4451 0.0420 0.1721
1 0.7289 0.3494 0.0188 0.0583
53 0.0698 0.6326 0.1375 0.0714
53 0.1265 0.6060 0.0099 0.0137
