44 0.4658 0.5806 0.0374 0.0631
85 0.2405 0.3060 0.0613 0.0652
62 0.2675 0.8162 0.2261 0.3348
62 0.2608 0.5865 0.1259 0.0445
62 0.6649 0.5678 0.1540 0.0652
62 0.8245 0.7947 0.2127 0.3617
84 0.5048 0.4844 0.0358 0.0614
84 0.3747 0.4785 0.0264 0.0638
84 0.6153 0.4959 0.0193 0.0656
84 0.5480 0.5015 0.0130 0.0438
84 0.4815 0.4869 0.0127 0.0572
84 0.4358 0.4880 0.0376 0.0520
84 0.5592 0.4204 0.0198 0.0485
67 0.4900 0.7688 0.6199 0.4208
84 0.6092 0.4892 0.0357 0.0746
84 0.4779 0.4848 0.0482 0.0692
84 0.5281 0.4220 0.0153 0.0412
75 0.4683 0.6420 0.1243 0.0201
