64 0.1199 0.2935 0.2335 0.5870
64 0.6466 0.4159 0.1341 0.1512
44 0.4775 0.0981 0.0282 0.0500
44 0.3044 0.1993 0.0118 0.0431
44 0.3172 0.2014 0.0107 0.0465
63 0.8594 0.6030 0.2769 0.7682
84 0.3006 0.1242 0.0189 0.0638
84 0.4227 0.1513 0.0037 0.0513
84 0.2876 0.1193 0.0075 0.0578
86 0.4781 0.0972 0.0275 0.0504
8 0.4799 0.4263 0.0680 0.0725
84 0.2640 0.1136 0.0437 0.0640
84 0.4261 0.1473 0.0105 0.0596
84 0.4444 0.1566 0.0068 0.0485
84 0.5212 0.1738 0.0054 0.0514
44 0.3937 0.0728 0.0288 0.0496
44 0.2904 0.2009 0.0120 0.0338
64 0.9664 0.1151 0.0671 0.0925
84 0.5156 0.1700 0.0070 0.0511
3 0.5199 0.2436 0.0435 0.0224
