63 0.5917 0.7140 0.3572 0.5462
73 0.9407 0.4685 0.0954 0.1326
72 0.5850 0.3393 0.0795 0.1498
72 0.9517 0.2670 0.0360 0.0442
84 0.6804 0.4648 0.0090 0.0571
84 0.6445 0.4614 0.0122 0.0535
84 0.6601 0.4675 0.0186 0.0498
62 0.8269 0.4924 0.0614 0.2759
62 0.1013 0.5182 0.1529 0.3143
62 0.3603 0.4328 0.0880 0.2559
62 0.8822 0.5356 0.0327 0.2215
62 0.4668 0.3604 0.0277 0.1738
62 0.8773 0.6878 0.0728 0.4355
65 0.3016 0.6097 0.1512 0.1257
72 0.9154 0.2757 0.0337 0.0271
73 0.5221 0.5404 0.0752 0.1305
84 0.6385 0.4646 0.0081 0.0437
84 0.6385 0.3908 0.0055 0.0523
84 0.6529 0.3931 0.0061 0.0509
84 0.6443 0.3859 0.0072 0.0662
84 0.6773 0.3957 0.0096 0.0494
84 0.5259 0.4167 0.0184 0.0194
84 0.3773 0.6155 0.0672 0.0475
84 0.9542 0.3516 0.0288 0.0145
84 0.6724 0.4652 0.0098 0.0522
84 0.5247 0.4300 0.0136 0.0089
63 0.3566 0.4383 0.0800 0.2543
84 0.6352 0.4623 0.0828 0.2260
