62 0.9751 0.8574 0.0473 0.2775
67 0.5238 0.6730 0.4775 0.5640
46 0.5762 0.7602 0.0596 0.1916
46 0.4347 0.6546 0.0503 0.1543
46 0.4709 0.7819 0.0565 0.2080
46 0.4868 0.6276 0.0442 0.1213
46 0.5311 0.4171 0.0198 0.0444
46 0.5423 0.3296 0.0218 0.0418
46 0.3788 0.4687 0.0386 0.0649
46 0.4782 0.4895 0.0300 0.0700
46 0.5330 0.5327 0.0340 0.1024
47 0.4231 0.8291 0.0465 0.1514
47 0.5383 0.8586 0.0432 0.1256
47 0.5410 0.6212 0.0257 0.0553
47 0.5326 0.7385 0.0265 0.0415
49 0.3644 0.8547 0.0848 0.0206
49 0.4036 0.7146 0.0787 0.0571
49 0.6397 0.7669 0.1023 0.0111
49 0.5944 0.6377 0.0312 0.0392
1 0.2047 0.6738 0.2695 0.6166
1 0.8188 0.7028 0.2100 0.5714
1 0.6451 0.4495 0.1723 0.3480
1 0.8134 0.6729 0.3267 0.6104
1 0.4345 0.3491 0.0613 0.1734
1 0.3190 0.5221 0.1306 0.4325
1 0.4115 0.3918 0.1299 0.2162
1 0.1739 0.6404 0.3328 0.7101
1 0.5790 0.3522 0.0779 0.1452
1 0.6194 0.3244 0.0317 0.0918
1 0.6170 0.3924 0.0911 0.2296
44 0.1177 0.2427 0.0190 0.0870
44 0.1165 0.3656 0.0127 0.0486
44 0.0887 0.2472 0.0158 0.0903
44 0.0595 0.4088 0.0290 0.1087
44 0.0484 0.4110 0.0218 0.1089
44 0.0257 0.4216 0.0190 0.1151
44 0.0396 0.2449 0.0299 0.1106
44 0.0086 0.2451 0.0172 0.1280
44 0.0370 0.4188 0.0230 0.1154
46 0.3992 0.4699 0.0307 0.1050
46 0.5249 0.3897 0.0164 0.0418
46 0.5690 0.4267 0.0338 0.0874
1 0.3248 0.4248 0.0868 0.2440
44 0.0991 0.2452 0.0158 0.0928
44 0.1024 0.0971 0.0141 0.0965
44 0.0176 0.2466 0.0180 0.1182
48 0.6642 0.8702 0.1113 0.0304
62 0.0440 0.8883 0.0845 0.1974
44 0.0290 0.2447 0.0209 0.1188
46 0.4756 0.4178 0.0267 0.0766
49 0.4426 0.5289 0.0564 0.0121
47 0.5546 0.4754 0.0254 0.0674
47 0.4640 0.5193 0.0217 0.0414
44 0.0961 0.2553 0.1922 0.4871
46 0.5242 0.5271 0.1078 0.3341
