1 0.7734 0.6222 0.0077 0.0156
1 0.7582 0.6238 0.0075 0.0162
9 0.5271 0.5957 0.0266 0.0113
9 0.0699 0.5444 0.0246 0.0619
9 0.9483 0.6033 0.0196 0.0127
9 0.1778 0.5914 0.0316 0.0119
9 0.3706 0.5998 0.0253 0.0190
9 0.7776 0.6353 0.0325 0.0186
9 0.4979 0.5922 0.0234 0.0184
38 0.9535 0.4978 0.0119 0.0359
38 0.8139 0.4611 0.0169 0.0578
38 0.7549 0.5197 0.0272 0.0786
38 0.9694 0.4482 0.0235 0.0635
38 0.7128 0.5023 0.0177 0.0508
38 0.4958 0.4970 0.0121 0.0380
38 0.6239 0.5076 0.0094 0.0495
38 0.7304 0.4082 0.0356 0.0859
38 0.5426 0.5003 0.0180 0.0472
38 0.1721 0.4982 0.0138 0.0495
38 0.4918 0.3540 0.0170 0.0643
38 0.2058 0.4410 0.0161 0.0553
38 0.2710 0.5149 0.0161 0.0635
9 0.2299 0.5976 0.0250 0.0147
9 0.8040 0.6126 0.0245 0.0112
1 0.7892 0.6086 0.0084 0.0127
38 0.5219 0.4563 0.9156 0.2366
