72 0.9766 0.3306 0.0459 0.1138
62 0.8599 0.6304 0.0522 0.1761
84 0.5622 0.4646 0.0351 0.1037
84 0.5531 0.4737 0.0234 0.1100
84 0.6352 0.5632 0.0304 0.0843
84 0.6898 0.4327 0.0204 0.0888
84 0.7760 0.6976 0.0279 0.0204
84 0.0729 0.5781 0.0332 0.1829
84 0.0501 0.3263 0.0355 0.1805
84 0.0547 0.8227 0.0603 0.1865
84 0.5544 0.3084 0.0345 0.1246
84 0.6505 0.4330 0.0420 0.1070
84 0.6212 0.6850 0.0593 0.0733
1 0.2087 0.2587 0.0172 0.0668
1 0.2937 0.2659 0.0142 0.0430
1 0.3312 0.2666 0.0089 0.0516
84 0.5714 0.6028 0.0171 0.0941
84 0.6381 0.6728 0.0526 0.0675
84 0.4210 0.4985 0.8420 0.9970
