63 0.5000 0.5082 1.0000 0.4427
62 0.8935 0.1702 0.2131 0.2640
1 0.5674 0.5539 0.8652 0.8382
75 0.5457 0.6913 0.1390 0.1864
67 0.8081 0.1601 0.2335 0.2825
84 0.3604 0.2000 0.0433 0.1995
84 0.4011 0.2133 0.0291 0.1515
84 0.4196 0.2133 0.0336 0.1599
84 0.5041 0.2288 0.0218 0.1154
84 0.4831 0.2168 0.0324 0.1407
84 0.5674 0.2066 0.0304 0.1548
84 0.5034 0.1213 0.0917 0.0538
84 0.5015 0.1403 0.0972 0.0474
84 0.5439 0.2227 0.0151 0.1167
84 0.4344 0.2026 0.0474 0.1768
84 0.5311 0.2228 0.0139 0.1244
84 0.5159 0.2219 0.0137 0.1247
31 0.1572 0.2996 0.2578 0.1391
62 0.7289 0.1037 0.0526 0.1696
62 0.1614 0.2159 0.2241 0.1173
84 0.4644 0.2119 0.0334 0.1491
84 0.6500 0.1656 0.6781 0.3312
