63 0.0948 0.3899 0.1867 0.1385
32 0.4394 0.4038 0.0150 0.0658
32 0.5797 0.3285 0.0115 0.0500
62 0.3633 0.4050 0.0305 0.0613
47 0.3083 0.8578 0.0450 0.0966
47 0.3731 0.6643 0.0295 0.0587
47 0.4614 0.4894 0.0195 0.0271
51 0.3496 0.8087 0.0486 0.0603
51 0.6531 0.6556 0.0344 0.0282
51 0.4233 0.5409 0.0340 0.0315
1 0.8272 0.5476 0.3425 0.4128
1 0.7574 0.8393 0.4853 0.2989
1 0.1460 0.7128 0.2888 0.5541
1 0.6923 0.3135 0.0658 0.1023
1 0.2444 0.4764 0.1683 0.3371
1 0.5143 0.3297 0.0776 0.1222
1 0.4047 0.3934 0.1378 0.2168
1 0.1899 0.5671 0.1974 0.3537
1 0.4712 0.3527 0.0417 0.1480
1 0.7675 0.3699 0.0966 0.1410
1 0.7594 0.3514 0.0573 0.1282
32 0.8189 0.4784 0.0098 0.0716
32 0.6932 0.3418 0.0101 0.0651
47 0.7020 0.7103 0.0440 0.0582
47 0.6567 0.5516 0.0257 0.0333
47 0.6740 0.3784 0.0119 0.0290
47 0.6841 0.4107 0.0163 0.0177
47 0.3525 0.6402 0.0341 0.0406
47 0.4328 0.5939 0.0325 0.0384
47 0.4236 0.5433 0.0250 0.0304
50 0.2700 0.8458 0.0265 0.0113
62 0.1565 0.3730 0.0668 0.1152
62 0.7302 0.3276 0.0385 0.0671
62 0.3846 0.3733 0.0150 0.0273
67 0.5264 0.6655 0.6830 0.6487
1 0.5857 0.3116 0.0697 0.1213
47 0.5274 0.4240 0.0139 0.0181
47 0.6922 0.5101 0.0203 0.0365
1 0.3514 0.4203 0.1680 0.2323
32 0.5051 0.3464 0.0119 0.0331
32 0.7597 0.3821 0.0126 0.0365
47 0.4065 0.5666 0.0218 0.0425
51 0.4418 0.5823 0.0299 0.0272
62 0.9566 0.5140 0.0404 0.0912
62 0.1930 0.3398 0.0291 0.0600
50 0.6865 0.7338 0.0138 0.0154
1 0.7805 0.3948 0.1547 0.2603
47 0.5242 0.5954 0.3984 0.5054
