3 0.6963 0.3188 0.0558 0.0290
3 0.9094 0.4000 0.0715 0.0474
3 0.9820 0.4605 0.0361 0.0359
3 0.2845 0.4416 0.0966 0.0381
3 0.6092 0.3144 0.0371 0.0296
3 0.0584 0.4607 0.0511 0.0296
6 0.7615 0.4308 0.1440 0.1187
8 0.8202 0.3750 0.1074 0.0929
1 0.6855 0.6017 0.0158 0.0274
1 0.3345 0.5510 0.0234 0.0265
1 0.5166 0.5235 0.0203 0.0276
1 0.6684 0.6006 0.0118 0.0255
3 0.5765 0.2277 0.0350 0.0219
8 0.6291 0.2669 0.0827 0.0557
10 0.8241 0.5063 0.0129 0.0185
10 0.6076 0.1715 0.0090 0.0136
10 0.5698 0.1638 0.0061 0.0084
10 0.5624 0.1831 0.0114 0.0162
15 0.8775 0.6786 0.0420 0.0293
15 0.2339 0.5593 0.0514 0.0225
15 0.5491 0.5147 0.0510 0.0181
15 0.4381 0.5324 0.0626 0.0220
15 0.1119 0.5749 0.0670 0.0231
15 0.7662 0.5956 0.0366 0.0279
15 0.8398 0.6495 0.0421 0.0314
1 0.5707 0.5120 0.0154 0.0217
1 0.6930 0.2338 0.0106 0.0182
1 0.8306 0.3241 0.0137 0.0248
1 0.9651 0.3655 0.0113 0.0198
1 0.7088 0.2420 0.0085 0.0193
1 0.7676 0.5984 0.0234 0.0209
8 0.7520 0.3425 0.0565 0.0595
10 0.7346 0.2455 0.0113 0.0059
10 0.5315 0.4134 0.0084 0.0168
3 0.7503 0.3421 0.0589 0.0555
8 0.6225 0.2282 0.0445 0.0319
