44 0.0731 0.1897 0.1461 0.2206
44 0.1952 0.1893 0.1710 0.1893
44 0.5249 0.1134 0.2062 0.2258
44 0.6626 0.0844 0.1847 0.1662
44 0.8260 0.0887 0.1745 0.1646
44 0.3815 0.1326 0.1940 0.2543
44 0.2944 0.1097 0.1557 0.2181
67 0.5000 0.5550 1.0000 0.8635
47 0.9520 0.0724 0.0960 0.1449
56 0.5374 0.8393 0.2065 0.2824
56 0.0526 0.6817 0.0969 0.1292
56 0.1313 0.5692 0.2181 0.3914
56 0.5988 0.2576 0.0446 0.0509
56 0.8461 0.2423 0.0779 0.1000
56 0.6265 0.2846 0.0830 0.0765
56 0.5770 0.3122 0.0929 0.0994
44 0.1951 0.0841 0.1371 0.1683
48 0.1103 0.3787 0.1535 0.2057
