1 0.3401 0.5967 0.4525 0.5736
44 0.5392 0.4242 0.0450 0.1195
44 0.7609 0.4233 0.0608 0.1536
44 0.6729 0.4270 0.0365 0.1294
44 0.8462 0.4297 0.0536 0.1597
44 0.8916 0.4278 0.0390 0.1480
44 0.9760 0.6228 0.0479 0.1673
44 0.8633 0.6022 0.0427 0.1434
44 0.6340 0.5808 0.0453 0.1182
44 0.6768 0.5829 0.0442 0.1314
44 0.4713 0.4178 0.0477 0.0964
44 0.6239 0.4217 0.0586 0.1447
44 0.5778 0.4229 0.0493 0.1178
46 0.3271 0.5481 0.0523 0.0526
47 0.1736 0.9734 0.0497 0.0532
47 0.3223 0.9297 0.0480 0.0548
47 0.2287 0.9515 0.0449 0.0313
47 0.1104 0.8976 0.0304 0.0260
47 0.1480 0.8907 0.0345 0.0310
47 0.0996 0.9589 0.0420 0.0367
44 0.7026 0.4260 0.0276 0.1458
47 0.2258 0.9197 0.0829 0.0754
47 0.0639 0.9506 0.0312 0.0368
47 0.2765 0.9564 0.0427 0.0391
47 0.0379 0.9376 0.0327 0.0292
47 0.0167 0.9328 0.0333 0.0319
44 0.5000 0.3258 0.9956 0.6234
