37 0.8644 0.3670 0.0083 0.0121
1 0.2882 0.4781 0.1699 0.8006
1 0.4213 0.5050 0.1451 0.7512
1 0.5334 0.5079 0.1371 0.7866
1 0.9509 0.3493 0.0982 0.6592
1 0.0485 0.3729 0.0706 0.2854
43 0.2186 0.7429 0.0519 0.3266
43 0.4105 0.6350 0.0930 0.3434
43 0.6990 0.4685 0.2165 0.2242
43 0.0212 0.4434 0.0291 0.1128
43 0.4727 0.7303 0.1607 0.2993
1 0.6610 0.5045 0.1820 0.9032
37 0.8994 0.3792 0.0096 0.0143
37 0.9013 0.3897 0.0072 0.0079
37 0.9085 0.3826 0.0086 0.0144
37 0.4935 0.5650 0.0091 0.0317
37 0.8818 0.3804 0.0092 0.0152
37 0.8750 0.3911 0.0101 0.0136
37 0.8922 0.3880 0.0112 0.0152
37 0.9202 0.3931 0.0108 0.0139
37 0.9121 0.3685 0.0084 0.0127
37 0.9262 0.3817 0.0103 0.0106
37 0.9000 0.3942 0.0082 0.0077
37 0.8725 0.3789 0.0095 0.0143
37 0.7133 0.4623 0.4641 0.2217
