9 0.4396 0.6551 0.5930 0.5281
1 0.5747 0.5161 0.2030 0.1751
1 0.5956 0.4168 0.2465 0.1458
1 0.4905 0.1628 0.1271 0.1059
1 0.3345 0.5951 0.3350 0.2165
1 0.2202 0.3176 0.2666 0.3038
1 0.4219 0.3822 0.2500 0.2220
1 0.6504 0.3232 0.1731 0.1167
1 0.6695 0.1539 0.0665 0.0833
1 0.6228 0.2006 0.1558 0.0951
27 0.6687 0.4975 0.0597 0.0794
27 0.7271 0.3490 0.0375 0.0560
27 0.3104 0.3203 0.1809 0.1896
27 0.6389 0.4158 0.0669 0.0572
27 0.4610 0.5440 0.0833 0.0684
27 0.6970 0.3991 0.0450 0.0603
1 0.6664 0.2825 0.1628 0.1173
27 0.6512 0.2069 0.0969 0.0616
27 0.3194 0.1276 0.0374 0.0722
27 0.3009 0.1948 0.0207 0.0276
27 0.6594 0.3356 0.0601 0.0556
27 0.4994 0.1711 0.0919 0.0781
1 0.3591 0.2042 0.1199 0.0849
9 0.1015 0.5024 0.1952 0.9952
27 0.7228 0.2761 0.0522 0.0422
27 0.4365 0.3414 0.0965 0.0658
1 0.3972 0.1684 0.1182 0.1013
1 0.3511 0.1206 0.1011 0.0865
27 0.3626 0.3398 0.0711 0.4297
