10 0.7088 0.5372 0.0213 0.0287
10 0.8869 0.5396 0.0226 0.0259
1 0.3395 0.6850 0.0351 0.0840
1 0.2905 0.6845 0.0363 0.0695
10 0.6614 0.5127 0.0222 0.0302
3 0.6250 0.7322 0.1887 0.0881
3 0.5234 0.6730 0.1523 0.0721
3 0.8042 0.6747 0.0995 0.0480
3 0.9668 0.6789 0.0663 0.0482
3 0.7021 0.6638 0.0437 0.0260
3 0.7557 0.6640 0.0327 0.0289
3 0.9161 0.6749 0.0900 0.0477
3 0.6762 0.6579 0.0510 0.0296
10 0.5867 0.5852 0.0129 0.0143
10 0.4935 0.6078 0.0108 0.0126
1 0.3130 0.6825 0.0250 0.0730
3 0.6009 0.6569 0.0397 0.0256
3 0.8570 0.6670 0.0484 0.0332
3 0.7307 0.6678 0.0220 0.0200
1 0.9032 0.6471 0.0158 0.0086
1 0.7856 0.6435 0.0112 0.0174
10 0.6470 0.6209 0.0084 0.0082
