3 0.0506 0.8784 0.0702 0.0857
10 0.3291 0.6182 0.0131 0.0394
27 0.0847 0.9455 0.0355 0.0916
10 0.3118 0.6176 0.0159 0.0445
1 0.1475 0.9159 0.0492 0.1452
1 0.7475 0.8798 0.0455 0.1146
1 0.4068 0.8528 0.0139 0.0722
1 0.3687 0.8465 0.0128 0.0542
1 0.8615 0.8232 0.0270 0.0586
1 0.2641 0.8529 0.0109 0.0505
1 0.0977 0.9248 0.0627 0.1490
1 0.1789 0.9111 0.0422 0.1777
1 0.7721 0.8914 0.0341 0.0739
1 0.7857 0.8767 0.0337 0.1022
1 0.8059 0.8979 0.0389 0.0652
3 0.7530 0.8353 0.0203 0.0387
31 0.8365 0.8666 0.0424 0.0741
1 0.4690 0.8484 0.0217 0.0744
10 0.4259 0.6886 0.0094 0.0311
10 0.4574 0.7728 0.0276 0.0270
28 0.0458 0.5857 0.0799 0.1533
1 0.5480 0.9026 0.0385 0.1360
10 0.7056 0.5548 0.0212 0.0482
64 0.3917 0.8547 0.0173 0.0610
1 0.4990 0.8893 0.9980 0.2160
