3 0.2642 0.6142 0.2080 0.1236
10 0.8945 0.4758 0.0330 0.0651
1 0.6697 0.6043 0.0201 0.0663
15 0.5428 0.6140 0.0556 0.0401
15 0.5930 0.6087 0.0467 0.0347
2 0.8299 0.6011 0.0372 0.0508
3 0.9469 0.5966 0.1063 0.0670
3 0.4264 0.5758 0.0389 0.0405
3 0.8232 0.5749 0.0681 0.0523
3 0.2002 0.5785 0.0579 0.0478
3 0.3786 0.5725 0.0408 0.0350
15 0.4999 0.6028 0.0325 0.0374
15 0.7398 0.6107 0.0340 0.0516
15 0.0685 0.5993 0.0289 0.0395
15 0.1064 0.5974 0.0211 0.0243
15 0.1469 0.5941 0.0372 0.0228
15 0.0129 0.5970 0.0259 0.0388
10 0.9632 0.2884 0.0265 0.0892
3 0.7344 0.5702 0.0254 0.0288
