37 0.6627 0.0556 0.0264 0.0396
37 0.1661 0.0580 0.0252 0.0352
43 0.9004 0.2309 0.0987 0.2127
43 0.4081 0.2277 0.0966 0.2094
1 0.1991 0.6256 0.3356 0.7072
1 0.6918 0.6244 0.3398 0.6846
1 0.6374 0.4212 0.0560 0.1917
1 0.3774 0.4727 0.1058 0.1427
1 0.9502 0.4449 0.0696 0.1404
1 0.4578 0.4436 0.0640 0.1443
1 0.1586 0.4215 0.0545 0.1925
15 0.2522 0.6034 0.4800 0.2404
15 0.5766 0.5333 0.1397 0.0382
15 0.8519 0.6765 0.2826 0.0530
1 0.8549 0.4738 0.1057 0.1488
15 0.9136 0.6309 0.1572 0.0441
15 0.5687 0.6437 0.1198 0.0457
15 0.7780 0.6369 0.0915 0.0387
15 0.5679 0.6033 0.1134 0.0330
15 0.8576 0.5939 0.2728 0.0436
15 0.9135 0.5516 0.1559 0.0144
