72 0.4943 0.2356 0.2909 0.3217
1 0.2535 0.7034 0.5070 0.5932
1 0.7392 0.6402 0.4545 0.6968
84 0.0321 0.3656 0.0220 0.1052
84 0.6066 0.4286 0.0804 0.0306
84 0.0210 0.3649 0.0256 0.1041
84 0.6101 0.4559 0.0713 0.0246
84 0.0478 0.5027 0.0118 0.0347
84 0.0135 0.3634 0.0203 0.1092
84 0.0375 0.5095 0.0249 0.0621
84 0.6082 0.4822 0.0732 0.0328
75 0.3626 0.6402 0.0813 0.0750
75 0.6485 0.5857 0.1026 0.1495
75 0.3444 0.3503 0.0162 0.0269
84 0.0217 0.4686 0.0288 0.0357
84 0.4526 0.4712 0.0511 0.0134
84 0.0231 0.5309 0.0166 0.0704
84 0.0166 0.5489 0.0283 0.1213
