38 0.5540 0.4007 0.1514 0.1919
38 0.8974 0.3302 0.1643 0.0674
38 0.6393 0.4860 0.0751 0.0752
38 0.4468 0.4374 0.0541 0.0348
1 0.1314 0.6297 0.0739 0.2609
1 0.4059 0.5260 0.0320 0.0732
1 0.7961 0.5217 0.0224 0.0987
1 0.2187 0.5641 0.0297 0.1176
1 0.2737 0.5539 0.0205 0.0974
1 0.1861 0.5433 0.0113 0.0691
1 0.1710 0.5663 0.0272 0.1173
1 0.4470 0.5415 0.0213 0.0983
1 0.1526 0.6243 0.0227 0.2086
1 0.0684 0.5673 0.0349 0.1379
1 0.0947 0.5285 0.0143 0.0517
1 0.0271 0.7740 0.0543 0.3519
2 0.4320 0.6218 0.0606 0.1227
2 0.2439 0.5673 0.0166 0.0501
2 0.2340 0.5677 0.0171 0.0484
1 0.4100 0.6162 0.0424 0.1242
1 0.4773 0.5575 0.9547 0.2183
