53 0.3386 0.6453 0.0921 0.1603
53 0.2678 0.6528 0.1253 0.1549
53 0.4521 0.8041 0.0793 0.0884
53 0.1090 0.5290 0.0857 0.1078
53 0.0880 0.1923 0.1760 0.1447
53 0.3400 0.8148 0.0847 0.1119
53 0.5080 0.7890 0.0868 0.0890
55 0.7310 0.6785 0.2369 0.2721
55 0.8407 0.6803 0.2004 0.2046
55 0.5140 0.2677 0.0375 0.0557
55 0.4286 0.2094 0.0526 0.0417
55 0.4862 0.3379 0.0426 0.0537
55 0.4436 0.3383 0.0535 0.0674
55 0.2675 0.2562 0.0545 0.1173
55 0.1946 0.1576 0.0777 0.0944
55 0.2374 0.2532 0.0644 0.1033
55 0.3293 0.2857 0.0936 0.0727
55 0.3088 0.2484 0.0410 0.0504
55 0.2936 0.3296 0.0657 0.0535
53 0.4060 0.8206 0.0783 0.0976
55 0.2534 0.1785 0.0448 0.0569
55 0.4727 0.5105 0.4953 0.7166
