85 0.3379 0.4223 0.0452 0.0452
3 0.5997 0.9547 0.1478 0.0906
3 0.4044 0.9593 0.1477 0.0792
3 0.1154 0.9450 0.0444 0.0457
3 0.6534 0.9586 0.0861 0.0753
1 0.5187 0.9611 0.0222 0.0767
3 0.0199 0.9479 0.0188 0.0208
1 0.3533 0.9612 0.0170 0.0704
1 0.7006 0.9174 0.0283 0.0315
3 0.2735 0.9676 0.0895 0.0647
3 0.0422 0.9453 0.0262 0.0201
3 0.0639 0.9444 0.0155 0.0226
3 0.4895 0.9601 0.0463 0.0451
8 0.7989 0.9318 0.3034 0.1358
8 0.1007 0.9294 0.0626 0.0554
8 0.1587 0.9525 0.0741 0.0619
31 0.3203 0.9425 0.0105 0.0227
10 0.1858 0.8012 0.0200 0.0166
10 0.0159 0.8094 0.0135 0.0145
1 0.2144 0.9387 0.0114 0.0355
1 0.2031 0.9416 0.0061 0.0278
1 0.3039 0.9305 0.0182 0.0246
1 0.9542 0.8796 0.0212 0.0230
1 0.5883 0.9081 0.0130 0.0113
1 0.3335 0.9348 0.0221 0.0474
