44 0.2990 0.8256 0.0323 0.1571
44 0.2600 0.7764 0.0452 0.1197
44 0.2158 0.8124 0.0404 0.1379
44 0.0931 0.8302 0.0478 0.1726
63 0.4855 0.9419 0.3484 0.0946
63 0.7379 0.7817 0.5178 0.4021
63 0.1738 0.7062 0.3444 0.2468
44 0.1979 0.7487 0.0197 0.0615
44 0.1447 0.7957 0.0302 0.0766
1 0.4020 0.5576 0.1929 0.7349
1 0.1523 0.6021 0.2127 0.3451
1 0.8473 0.6825 0.2215 0.4788
64 0.2227 0.4597 0.1127 0.2213
1 0.6640 0.5371 0.3371 0.8899
75 0.5190 0.3020 0.0454 0.1320
75 0.3215 0.4588 0.0360 0.0955
75 0.4562 0.2753 0.0119 0.0187
44 0.2637 0.8781 0.0343 0.1077
44 0.2334 0.7785 0.0159 0.0905
46 0.2596 0.8849 0.0453 0.1298
46 0.1770 0.8378 0.0761 0.1179
75 0.1758 0.9524 0.0986 0.0328
75 0.7264 0.3431 0.0266 0.0280
47 0.3701 0.9160 0.0565 0.0935
