1 0.9418 0.0950 0.0961 0.1528
1 0.0457 0.2043 0.0915 0.4079
1 0.6696 0.0682 0.0280 0.0611
52 0.5505 0.4921 0.0795 0.0601
52 0.7268 0.5078 0.0787 0.1265
52 0.2750 0.9321 0.2076 0.1359
52 0.1034 0.7377 0.2069 0.2360
52 0.7902 0.5018 0.0583 0.0915
52 0.9227 0.4499 0.1228 0.1435
52 0.4986 0.4067 0.0274 0.0846
52 0.5485 0.3409 0.1083 0.1101
52 0.5931 0.4577 0.1057 0.0917
52 0.4617 0.4882 0.1563 0.0848
52 0.8103 0.6229 0.1694 0.1684
52 0.4371 0.3950 0.0257 0.1056
55 0.1661 0.0671 0.0205 0.0263
55 0.8625 0.3979 0.0242 0.0301
52 0.3681 0.3987 0.1179 0.1139
55 0.8873 0.2924 0.0543 0.0546
55 0.9075 0.2758 0.0510 0.0597
52 0.4961 0.5854 0.9891 0.8250
