3 0.8077 0.3184 0.1328 0.0942
3 0.6947 0.3146 0.1016 0.0690
3 0.2085 0.3024 0.0793 0.0748
3 0.1585 0.2757 0.0356 0.0549
3 0.9410 0.3466 0.1180 0.0935
6 0.4279 0.2682 0.1062 0.0865
1 0.1365 0.3001 0.0249 0.1203
1 0.1066 0.2588 0.0123 0.0215
1 0.0799 0.2711 0.0149 0.0430
4 0.4573 0.4075 0.1652 0.2097
4 0.6032 0.4334 0.2743 0.2994
3 0.9148 0.2537 0.0465 0.0247
3 0.1754 0.2653 0.0245 0.0375
4 0.3107 0.3461 0.1130 0.1206
10 0.1341 0.1906 0.0043 0.0153
10 0.4175 0.2056 0.0059 0.0194
41 0.1386 0.3569 0.0133 0.0095
1 0.9549 0.2957 0.0153 0.0166
3 0.5860 0.2872 0.0651 0.0483
3 0.0966 0.2665 0.0156 0.0226
3 0.3184 0.2736 0.1338 0.0946
4 0.4636 0.4842 0.0552 0.1346
4 0.3299 0.3647 0.1177 0.1095
4 0.2937 0.3326 0.0884 0.1271
4 0.7866 0.5316 0.3180 0.3351
4 0.7009 0.4628 0.2259 0.2149
4 0.2769 0.3320 0.0860 0.0920
4 0.3755 0.3726 0.1231 0.1338
4 0.4676 0.3227 0.0549 0.0594
10 0.3036 0.2013 0.0079 0.0153
1 0.7487 0.2906 0.0136 0.0225
3 0.2030 0.2685 0.0777 0.0494
8 0.7689 0.2883 0.0668 0.0301
10 0.0695 0.2210 0.0042 0.0124
10 0.0554 0.2322 0.0060 0.0149
