1 0.4349 0.5069 0.3793 0.2914
1 0.9487 0.3925 0.0750 0.1010
40 0.5624 0.5594 0.0861 0.0494
1 0.4317 0.1451 0.0465 0.0329
1 0.0977 0.0880 0.0502 0.0466
62 0.7418 0.1105 0.0329 0.0142
62 0.7085 0.1650 0.0312 0.0157
62 0.5638 0.1044 0.0304 0.0123
62 0.4666 0.1261 0.0355 0.0104
62 0.5431 0.1549 0.0307 0.0087
62 0.3944 0.1341 0.0304 0.0124
62 0.5132 0.1272 0.0323 0.0133
62 0.5531 0.1348 0.0349 0.0155
62 0.1576 0.0352 0.0319 0.0240
62 0.5840 0.1680 0.0377 0.0179
1 0.3533 0.1470 0.0634 0.0452
1 0.1541 0.1388 0.0406 0.0209
62 0.2825 0.1105 0.0259 0.0170
62 0.7232 0.1334 0.0324 0.0090
1 0.8711 0.1337 0.0464 0.0434
1 0.6141 0.0349 0.0545 0.0392
1 0.6601 0.0316 0.0301 0.0282
1 0.6990 0.0350 0.0572 0.0324
40 0.9610 0.3858 0.0269 0.0169
62 0.1935 0.0720 0.0290 0.0197
62 0.4987 0.0898 0.9974 0.1766
