19 0.6037 0.8787 0.0797 0.1221
19 0.4962 0.7780 0.0501 0.0442
19 0.4318 0.7191 0.0169 0.0516
3 0.4727 0.6239 0.0555 0.0639
3 0.4519 0.5287 0.0140 0.0246
1 0.2446 0.8052 0.0291 0.0818
1 0.2215 0.6698 0.0067 0.0520
1 0.1625 0.6295 0.0198 0.0500
1 0.4464 0.7621 0.0426 0.0776
1 0.3667 0.6730 0.0190 0.0637
1 0.3079 0.6969 0.0287 0.0901
1 0.6543 0.9113 0.0366 0.0490
1 0.2415 0.8839 0.0362 0.1111
1 0.1881 0.8111 0.0304 0.1105
1 0.8484 0.6767 0.0180 0.0719
1 0.1007 0.7517 0.0310 0.0964
1 0.5455 0.9158 0.0410 0.0486
19 0.3781 0.7072 0.0243 0.0845
19 0.6534 0.6058 0.0252 0.0598
1 0.0948 0.8612 0.0307 0.1096
3 0.3577 0.5862 0.0508 0.0800
19 0.3287 0.5522 0.0211 0.0299
19 0.3559 0.6891 0.0415 0.0819
1 0.3898 0.7530 0.6859 0.3891
