1 0.3241 0.8389 0.0878 0.3203
1 0.0952 0.8768 0.1064 0.2463
1 0.9115 0.8604 0.0594 0.2590
1 0.5134 0.8645 0.0775 0.2665
1 0.6795 0.8425 0.1067 0.2931
1 0.8515 0.8562 0.0592 0.2607
1 0.7200 0.8736 0.0428 0.2342
1 0.8145 0.8796 0.0669 0.2409
1 0.1908 0.8587 0.0480 0.2826
1 0.7737 0.7986 0.0401 0.0830
38 0.6445 0.6143 0.0239 0.0706
38 0.6373 0.3494 0.1140 0.3868
38 0.3917 0.1718 0.0122 0.0216
38 0.0954 0.3622 0.1354 0.0594
38 0.9934 0.3322 0.0132 0.0215
38 0.7524 0.5229 0.0325 0.0706
38 0.7613 0.4341 0.0251 0.0292
1 0.9824 0.9079 0.0217 0.1332
1 0.3640 0.9017 0.0435 0.1967
38 0.5121 0.2304 0.0183 0.0127
38 0.0307 0.1676 0.0235 0.0173
38 0.2386 0.2903 0.0267 0.0568
1 0.2448 0.7653 0.0160 0.0463
38 0.4918 0.5865 0.0059 0.0095
38 0.6651 0.3612 0.0077 0.0146
1 0.4992 0.7103 0.9984 0.5738
38 0.6055 0.5557 0.2797 0.3148
