56 0.6876 0.3235 0.1378 0.1835
56 0.6930 0.6906 0.1551 0.1718
56 0.6938 0.1788 0.1190 0.1553
57 0.7662 0.5881 0.1169 0.4356
57 0.8977 0.7397 0.1859 0.3638
57 0.6084 0.3093 0.1083 0.1796
57 0.5487 0.2067 0.1002 0.1986
56 0.6082 0.2169 0.0687 0.1168
57 0.8514 0.5280 0.0612 0.3162
57 0.7600 0.3288 0.0959 0.0983
57 0.7632 0.2672 0.0472 0.0694
57 0.4581 0.2209 0.0859 0.1164
67 0.4988 0.4961 0.9941 0.9818
44 0.5256 0.0610 0.1452 0.1065
56 0.8226 0.7122 0.0185 0.0750
56 0.4982 0.2319 0.0179 0.0708
56 0.6708 0.5044 0.1459 0.2168
