41 0.3322 0.5099 0.1308 0.0904
41 0.8672 0.5036 0.0582 0.1267
1 0.3839 0.3653 0.2126 0.3479
1 0.1256 0.4204 0.1396 0.2673
1 0.7609 0.4222 0.1407 0.2873
1 0.8697 0.3520 0.0821 0.0728
1 0.8233 0.4163 0.0517 0.1488
1 0.9734 0.3313 0.0532 0.1142
1 0.7283 0.2521 0.1192 0.1328
1 0.8607 0.2438 0.1955 0.1457
1 0.3235 0.3248 0.1324 0.1275
1 0.5330 0.3228 0.1172 0.1252
1 0.2045 0.3420 0.0937 0.0871
27 0.9385 0.5334 0.0863 0.0643
41 0.2323 0.4957 0.0510 0.1146
41 0.4484 0.5217 0.1200 0.0758
1 0.8343 0.3152 0.0946 0.0793
1 0.6726 0.3230 0.0960 0.1339
1 0.9220 0.3234 0.1513 0.3531
