18 0.4399 0.6531 0.3211 0.6016
62 0.4702 0.2577 0.1031 0.2021
62 0.9623 0.2721 0.0747 0.2133
62 0.1245 0.2616 0.1436 0.3434
34 0.5787 0.3329 0.0671 0.1576
1 0.6380 0.5002 0.3378 0.9776
1 0.8750 0.2733 0.1770 0.2873
1 0.7850 0.1145 0.1666 0.2290
1 0.3254 0.1833 0.2359 0.3656
1 0.9639 0.1604 0.0722 0.3208
1 0.9414 0.1674 0.0982 0.3324
1 0.4620 0.1780 0.1491 0.3560
1 0.7386 0.0479 0.0579 0.0959
62 0.2760 0.2321 0.1522 0.2788
62 0.7049 0.0891 0.0427 0.0631
62 0.9270 0.0717 0.0474 0.0371
1 0.1679 0.2418 0.2069 0.4107
