37 0.4435 0.6338 0.0207 0.0286
37 0.4181 0.6134 0.0212 0.0236
37 0.4295 0.6328 0.0087 0.0208
37 0.4057 0.6356 0.0168 0.0181
37 0.3940 0.6326 0.0165 0.0233
37 0.4221 0.6387 0.0166 0.0196
1 0.6342 0.5618 0.2099 0.7730
1 0.5348 0.3590 0.1451 0.7085
1 0.1000 0.4272 0.1860 0.2832
37 0.3767 0.6361 0.0214 0.0154
37 0.4086 0.6298 0.0129 0.0193
39 0.6617 0.4594 0.2610 0.1115
39 0.7793 0.6331 0.0607 0.2844
39 0.8854 0.7000 0.0722 0.2094
39 0.2781 0.6177 0.0309 0.2559
39 0.1805 0.6100 0.0494 0.2599
39 0.0872 0.7194 0.0977 0.0644
39 0.8147 0.8075 0.2161 0.0566
39 0.6369 0.7725 0.0617 0.0342
39 0.0220 0.5998 0.0359 0.2599
37 0.4186 0.6325 0.0093 0.0165
