27 0.9560 0.3353 0.0085 0.0338
27 0.5854 0.3398 0.0250 0.0618
1 0.3193 0.5372 0.3095 0.7342
1 0.6448 0.4850 0.1292 0.3678
1 0.1152 0.3955 0.0557 0.3506
1 0.5722 0.3803 0.0330 0.1732
1 0.5429 0.4107 0.0401 0.1468
1 0.4040 0.3844 0.0328 0.2397
1 0.3799 0.3614 0.0303 0.1654
1 0.9207 0.3574 0.0302 0.1372
1 0.8940 0.3493 0.0266 0.1234
1 0.7402 0.3429 0.0195 0.0669
1 0.6234 0.3336 0.0291 0.0739
27 0.8236 0.3828 0.0208 0.0222
27 0.4571 0.3303 0.0328 0.0546
35 0.3504 0.8763 0.3377 0.1314
35 0.6071 0.6740 0.1080 0.0361
1 0.5661 0.3153 0.0159 0.0447
27 0.6051 0.3445 0.0176 0.0701
1 0.4224 0.3862 0.0406 0.2270
35 0.5334 0.4783 0.0487 0.0083
1 0.4820 0.4103 0.9641 0.3217
