3 0.2310 0.6998 0.0253 0.0315
1 0.1219 0.7469 0.0143 0.0791
1 0.1405 0.7313 0.0230 0.0932
1 0.7569 0.7548 0.0409 0.1306
1 0.7381 0.7571 0.0311 0.1267
8 0.5481 0.6982 0.2509 0.3401
1 0.3096 0.7042 0.0073 0.0348
1 0.4195 0.7069 0.0090 0.0306
1 0.7096 0.7317 0.0175 0.0443
1 0.7874 0.7465 0.0329 0.1021
1 0.3171 0.6991 0.0077 0.0253
1 0.2857 0.6898 0.0049 0.0252
2 0.7911 0.7755 0.0314 0.0664
3 0.0174 0.7542 0.0348 0.1141
4 0.7470 0.8019 0.0545 0.0575
4 0.7066 0.7623 0.0407 0.0849
1 0.3700 0.6964 0.0074 0.0213
