64 0.1489 0.2993 0.0861 0.1559
64 0.5529 0.2744 0.0424 0.1278
48 0.5643 0.7358 0.0491 0.0479
49 0.7043 0.7801 0.1123 0.0665
50 0.7381 0.8355 0.0875 0.0219
50 0.5981 0.6996 0.0469 0.0533
51 0.8744 0.8250 0.1187 0.1388
67 0.1547 0.4908 0.2687 0.1613
67 0.6759 0.7978 0.6481 0.4045
47 0.1931 0.4821 0.0185 0.0256
47 0.1312 0.4968 0.0121 0.0208
47 0.1538 0.4844 0.0163 0.0248
47 0.2155 0.4747 0.0129 0.0392
48 0.5831 0.7048 0.0431 0.0563
50 0.1519 0.4655 0.0024 0.0162
62 0.4955 0.8491 0.1466 0.2831
62 0.2419 0.5181 0.0965 0.2472
62 0.0973 0.6002 0.0845 0.2657
62 0.0925 0.4194 0.0675 0.0652
62 0.4480 0.5757 0.0952 0.1681
62 0.7208 0.6015 0.0897 0.0919
62 0.8446 0.6420 0.1137 0.1063
62 0.7995 0.9483 0.1706 0.0809
62 0.2233 0.5938 0.1151 0.3174
62 0.2274 0.4180 0.0253 0.0685
64 0.3494 0.2645 0.0341 0.1129
85 0.4281 0.2873 0.0181 0.0437
86 0.5547 0.3064 0.0280 0.0569
86 0.3536 0.2844 0.0218 0.0547
62 0.6138 0.8837 0.1515 0.2326
62 0.9738 0.6560 0.0524 0.0363
51 0.6153 0.6548 0.0764 0.0659
51 0.0825 0.4569 0.0279 0.0254
61 0.5797 0.5643 0.0525 0.0325
62 0.0489 0.5605 0.0273 0.2499
47 0.1698 0.4957 0.0159 0.0211
47 0.1890 0.4607 0.0131 0.0248
