18 0.6129 0.4624 0.2722 0.3313
3 0.6573 0.2269 0.3984 0.2903
3 0.4070 0.0968 0.1986 0.1936
3 0.1956 0.0610 0.1083 0.1108
3 0.1224 0.0402 0.0768 0.0782
4 0.3067 0.5112 0.6135 0.7259
1 0.2877 0.2839 0.3122 0.5678
1 0.0606 0.0763 0.0519 0.1512
1 0.8800 0.1428 0.0570 0.1821
3 0.5146 0.0630 0.1076 0.1054
1 0.6072 0.1198 0.0630 0.0598
3 0.0193 0.0481 0.0384 0.0951
3 0.9690 0.1107 0.0377 0.0513
8 0.6523 0.0807 0.2135 0.1399
8 0.5098 0.0558 0.1069 0.1078
1 0.5652 0.0303 0.0159 0.0351
4 0.5550 0.7525 0.5625 0.4800
