28 0.5306 0.8364 0.5745 0.2989
1 0.1674 0.7390 0.1253 0.5215
1 0.2403 0.7474 0.0577 0.4743
1 0.3814 0.6530 0.0811 0.3079
1 0.5102 0.5442 0.0562 0.3253
1 0.8051 0.5419 0.0650 0.3914
1 0.7629 0.7026 0.1586 0.5060
1 0.7153 0.5119 0.0553 0.2844
34 0.1529 0.8673 0.0438 0.0807
1 0.0918 0.6969 0.0688 0.2747
37 0.8170 0.1743 0.0107 0.0243
37 0.4958 0.3588 0.0074 0.0188
1 0.2716 0.3077 0.0096 0.0180
1 0.9799 0.4834 0.0338 0.3370
1 0.5610 0.5585 0.0903 0.2838
34 0.9053 0.5908 0.0346 0.0668
34 0.7935 0.6312 0.0245 0.0675
34 0.3617 0.5857 0.0306 0.1080
1 0.9046 0.5844 0.0993 0.4883
37 0.9242 0.1191 0.0093 0.0223
1 0.5016 0.7164 0.9563 0.5527
