37 0.5711 0.5320 0.0076 0.0095
1 0.6892 0.6132 0.1026 0.2681
1 0.8659 0.3045 0.0627 0.1277
1 0.1491 0.4382 0.1139 0.1614
1 0.6068 0.1788 0.0362 0.0707
1 0.6338 0.9598 0.0598 0.0781
39 0.7001 0.5165 0.0440 0.0654
40 0.8406 0.3001 0.0120 0.0157
40 0.6147 0.1844 0.0079 0.0137
40 0.8030 0.6287 0.0235 0.0311
40 0.1033 0.4135 0.0120 0.0183
1 0.2922 0.9206 0.0515 0.0988
1 0.5231 0.9614 0.0483 0.0773
1 0.0803 0.9164 0.0520 0.0741
1 0.1610 0.9379 0.0406 0.0558
1 0.2023 0.9219 0.0415 0.0716
1 0.2330 0.9296 0.0282 0.0430
1 0.8705 0.6680 0.1160 0.2353
1 0.4992 0.8513 0.9984 0.2927
