6 0.5000 0.2523 0.9970 0.5023
1 0.4145 0.6729 0.1317 0.5246
1 0.2594 0.4847 0.0858 0.2423
1 0.5787 0.5491 0.1133 0.4742
1 0.6620 0.6831 0.0943 0.4854
1 0.8146 0.7875 0.2290 0.3839
28 0.5547 0.2678 0.2205 0.1062
28 0.6551 0.3941 0.1991 0.1175
28 0.2043 0.2676 0.2464 0.1229
28 0.2066 0.7950 0.4075 0.3798
28 0.9346 0.4217 0.1309 0.1265
28 0.6929 0.3392 0.1376 0.0958
28 0.0355 0.5457 0.0653 0.1708
31 0.6266 0.6154 0.0402 0.2133
31 0.4555 0.5668 0.0575 0.1799
31 0.2844 0.5410 0.0572 0.1295
1 0.9325 0.7561 0.0296 0.2418
1 0.9183 0.9161 0.0521 0.1676
28 0.8470 0.5065 0.3060 0.2961
28 0.0468 0.4454 0.0899 0.0929
28 0.0645 0.2572 0.1272 0.0908
1 0.1552 0.4798 0.1716 0.3222
