1 0.2573 0.6645 0.0932 0.4028
1 0.3835 0.6045 0.0435 0.2495
1 0.7262 0.6817 0.3425 0.5730
1 0.6108 0.7029 0.0631 0.4788
1 0.9428 0.5611 0.0697 0.1517
33 0.2999 0.7933 0.0793 0.2067
33 0.8627 0.8682 0.2745 0.2360
33 0.0951 0.6695 0.0521 0.0854
85 0.8048 0.3021 0.0859 0.0523
1 0.5137 0.6655 0.0679 0.3758
1 0.4853 0.5468 0.0429 0.1620
1 0.5624 0.7034 0.0688 0.5304
1 0.1902 0.5919 0.0249 0.2005
1 0.2141 0.5856 0.0375 0.1989
1 0.3509 0.5830 0.0317 0.2066
1 0.8540 0.6357 0.1342 0.3184
1 0.8745 0.5080 0.0232 0.0771
1 0.5273 0.6303 0.9422 0.3263
