1 0.3520 0.7540 0.0282 0.0520
1 0.3439 0.7494 0.0160 0.0494
3 0.7144 0.7473 0.0366 0.0275
10 0.6485 0.3829 0.0776 0.0664
10 0.8212 0.4663 0.1371 0.1595
10 0.8752 0.2751 0.1000 0.1226
10 0.5309 0.1345 0.1167 0.1438
10 0.6903 0.1688 0.0853 0.1407
10 0.8340 0.1666 0.0731 0.1145
10 0.7256 0.5324 0.0864 0.1367
10 0.4353 0.2256 0.0845 0.1508
10 0.7463 0.3173 0.0662 0.1375
10 0.5134 0.3123 0.0779 0.1037
1 0.6916 0.7466 0.0124 0.0366
10 0.3277 0.3034 0.0845 0.1566
10 0.4364 0.4879 0.0860 0.1503
1 0.6731 0.7426 0.0102 0.0280
10 0.3368 0.5291 0.0789 0.1443
13 0.8366 0.7103 0.0187 0.0150
10 0.5000 0.3000 0.9959 0.5719
