1 0.5080 0.3637 0.1745 0.4414
1 0.7106 0.5812 0.2463 0.7351
1 0.2673 0.6166 0.2350 0.7399
43 0.4928 0.4459 0.1337 0.2730
43 0.8288 0.3848 0.0765 0.1732
43 0.1875 0.2564 0.0949 0.3063
37 0.6310 0.2094 0.0345 0.0467
37 0.8216 0.4224 0.0412 0.0511
37 0.7870 0.2739 0.0390 0.0536
37 0.6633 0.3185 0.0363 0.0503
37 0.4685 0.4431 0.0286 0.0376
37 0.2138 0.1950 0.0352 0.0464
37 0.8801 0.7497 0.0190 0.0247
37 0.0839 0.1787 0.0359 0.0450
37 0.3668 0.9749 0.0234 0.0287
37 0.7444 0.0245 0.0309 0.0424
37 0.9522 0.2335 0.0376 0.0458
37 0.1390 0.0157 0.0350 0.0315
37 0.9119 0.4077 0.0291 0.0362
37 0.5109 0.5051 0.8969 0.9856
