2 0.8688 0.8403 0.2625 0.2989
7 0.4176 0.5809 0.5233 0.7438
27 0.9150 0.5495 0.0483 0.1154
27 0.6691 0.5083 0.0359 0.0702
27 0.8032 0.7380 0.0398 0.0959
27 0.9264 0.4573 0.0249 0.0560
1 0.7671 0.6951 0.1489 0.5150
1 0.8974 0.6065 0.0866 0.3186
1 0.6702 0.5470 0.0406 0.2142
1 0.6979 0.5257 0.0272 0.1396
1 0.7391 0.5086 0.0353 0.1273
1 0.8726 0.4126 0.0378 0.1089
1 0.9196 0.4524 0.0388 0.1039
1 0.8735 0.4991 0.0246 0.1092
1 0.7182 0.5105 0.0102 0.0898
1 0.7077 0.5095 0.0160 0.0968
1 0.9424 0.6781 0.1152 0.6271
1 0.7652 0.4813 0.0221 0.0595
