3 0.1756 0.5456 0.0532 0.0520
3 0.2632 0.5525 0.0758 0.0810
6 0.7577 0.4900 0.4559 0.3736
6 0.4157 0.5218 0.2360 0.1801
6 0.0688 0.5216 0.0517 0.0618
1 0.1099 0.5499 0.0236 0.0589
1 0.0815 0.5521 0.0201 0.0498
1 0.1294 0.5501 0.0157 0.0526
1 0.9565 0.5473 0.0295 0.0908
1 0.9838 0.5429 0.0199 0.0791
1 0.9966 0.5183 0.0067 0.0231
1 0.7154 0.4989 0.0434 0.0587
1 0.1404 0.5429 0.0107 0.0507
1 0.2092 0.5467 0.0107 0.0435
1 0.1026 0.5458 0.0128 0.0535
1 0.2203 0.5444 0.0100 0.0421
1 0.0105 0.5255 0.0211 0.0302
1 0.0295 0.5278 0.0179 0.0267
1 0.1219 0.5531 0.1594 0.0646
