62 0.9049 0.6836 0.0778 0.1847
62 0.0244 0.6815 0.0484 0.1039
62 0.9640 0.7005 0.0663 0.2250
67 0.6118 0.7724 0.7670 0.4180
1 0.4619 0.6135 0.3357 0.6742
1 0.7484 0.6022 0.2433 0.5124
1 0.3139 0.5311 0.0964 0.2690
1 0.1661 0.6281 0.3292 0.5251
47 0.3920 0.9487 0.0781 0.1026
49 0.4523 0.8896 0.0978 0.0719
49 0.8545 0.8701 0.1607 0.0383
49 0.4258 0.8897 0.0775 0.0589
49 0.2222 0.9541 0.0659 0.0918
67 0.7737 0.9195 0.4526 0.1611
1 0.8882 0.4917 0.1456 0.1868
1 0.1881 0.4812 0.0363 0.1011
1 0.6504 0.5194 0.0880 0.2736
47 0.8721 0.5670 0.0166 0.0329
47 0.8609 0.5654 0.0182 0.0351
50 0.8670 0.8694 0.0778 0.0503
62 0.3348 0.7243 0.0316 0.1389
1 0.3578 0.4422 0.0633 0.1144
62 0.9478 0.5526 0.0564 0.0223
1 0.6019 0.4946 0.0798 0.1655
1 0.0910 0.5354 0.1492 0.2716
