78 0.8823 0.2466 0.2299 0.1568
79 0.8570 0.5888 0.2444 0.4539
81 0.3784 0.4471 0.2770 0.0586
49 0.5372 0.3605 0.0120 0.0325
49 0.5222 0.3609 0.0102 0.0221
49 0.5341 0.3485 0.0115 0.0230
49 0.5203 0.3510 0.0143 0.0330
49 0.5251 0.3711 0.0087 0.0213
50 0.6177 0.3623 0.0142 0.0252
50 0.6358 0.3558 0.0317 0.0393
50 0.5831 0.3511 0.0181 0.0441
51 0.4918 0.4100 0.0317 0.0364
44 0.3463 0.2612 0.0208 0.0493
44 0.3130 0.2539 0.0187 0.0486
44 0.9919 0.4293 0.0154 0.0741
44 0.2939 0.2593 0.0173 0.0294
44 0.3295 0.2617 0.0122 0.0356
47 0.5567 0.4184 0.0334 0.0283
53 0.6768 0.4025 0.0525 0.0793
49 0.5272 0.3515 0.0037 0.0169
