28 0.5202 0.5967 0.0625 0.0573
28 0.6716 0.6340 0.0514 0.0596
62 0.3724 0.9360 0.0799 0.1235
31 0.8748 0.7853 0.0459 0.1242
31 0.4790 0.6911 0.0437 0.0948
31 0.7270 0.9099 0.0715 0.1576
31 0.4284 0.6563 0.0212 0.0297
31 0.5731 0.8737 0.0274 0.0754
1 0.1515 0.8534 0.1073 0.2445
1 0.2426 0.8625 0.0853 0.2328
1 0.3633 0.8774 0.1121 0.2128
1 0.8180 0.7898 0.0920 0.4166
1 0.3055 0.7864 0.0744 0.1918
1 0.4534 0.6294 0.0065 0.0312
1 0.2574 0.7015 0.0229 0.0879
1 0.1985 0.6789 0.0396 0.1544
1 0.6128 0.7778 0.1234 0.4443
1 0.7462 0.7837 0.1293 0.4326
1 0.8881 0.8020 0.0975 0.3960
38 0.1882 0.5100 0.0186 0.0441
38 0.7166 0.3254 0.0285 0.0341
38 0.3786 0.3630 0.0125 0.0217
38 0.4886 0.3730 0.0128 0.0207
38 0.5306 0.1719 0.0022 0.0061
38 0.5150 0.4775 0.0098 0.0128
38 0.5138 0.5193 0.0165 0.0204
38 0.4570 0.5258 0.0320 0.0452
38 0.1844 0.3760 0.0095 0.0139
38 0.2990 0.3931 0.0111 0.0175
1 0.3533 0.7763 0.1226 0.1634
38 0.3352 0.3503 0.0117 0.0221
38 0.4802 0.2396 0.0090 0.0149
62 0.5058 0.8270 0.0988 0.1975
1 0.2273 0.6636 0.0134 0.0861
38 0.3649 0.4877 0.0121 0.0230
1 0.4922 0.7305 0.9812 0.3026
38 0.5086 0.3534 0.8484 0.3712
