28 0.3286 0.4138 0.1187 0.0751
1 0.2198 0.3215 0.0211 0.0588
1 0.0736 0.3502 0.0962 0.2928
1 0.6428 0.3254 0.0489 0.1546
1 0.9482 0.3473 0.0521 0.2454
4 0.4400 0.7326 0.8801 0.5124
1 0.7047 0.3461 0.0329 0.1047
1 0.1307 0.3537 0.0336 0.1420
1 0.5445 0.3351 0.0165 0.0586
1 0.5967 0.3340 0.0159 0.0525
1 0.1578 0.3435 0.0673 0.1868
1 0.3306 0.3347 0.0251 0.0588
1 0.5806 0.3406 0.0213 0.0712
4 0.4525 0.6052 0.3298 0.2016
4 0.7028 0.4542 0.1442 0.2732
4 0.9110 0.5912 0.1781 0.5474
4 0.3600 0.4709 0.2035 0.0901
4 0.3562 0.4648 0.1065 0.0702
4 0.4175 0.4192 0.0852 0.0715
4 0.8021 0.5065 0.1929 0.3160
4 0.5140 0.6741 0.4316 0.2272
4 0.4061 0.5256 0.3530 0.1327
4 0.3873 0.5000 0.2494 0.1114
4 0.4986 0.3870 0.1144 0.1396
1 0.8979 0.3434 0.1054 0.2566
1 0.1972 0.3400 0.0163 0.0501
4 0.6157 0.4467 0.1015 0.2235
1 0.5953 0.3712 0.8063 0.1475
