32 0.6876 0.5552 0.0825 0.4390
62 0.8552 0.9000 0.1800 0.1955
62 0.8005 0.6365 0.1131 0.1557
67 0.8282 0.8381 0.2035 0.3238
1 0.3398 0.6892 0.4044 0.5995
1 0.6291 0.5670 0.4380 0.8660
46 0.0576 0.6864 0.0395 0.1815
75 0.7998 0.3819 0.0302 0.0546
75 0.1976 0.8468 0.0405 0.0518
44 0.1321 0.6656 0.0430 0.1980
44 0.1626 0.6175 0.0292 0.1116
44 0.0437 0.6986 0.0562 0.0676
44 0.1769 0.6866 0.0452 0.1372
44 0.1555 0.9533 0.0609 0.0934
44 0.1217 0.9487 0.0425 0.1018
44 0.0919 0.9430 0.0385 0.1129
44 0.1230 0.5910 0.0288 0.0870
67 0.1112 0.8506 0.2191 0.2674
1 0.9595 0.7297 0.0811 0.5112
44 0.0155 0.6432 0.0289 0.0611
47 0.8762 0.7015 0.0320 0.0815
75 0.7795 0.4898 0.0146 0.0185
62 0.8913 0.8349 0.0720 0.0543
