47 0.2254 0.1862 0.1566 0.2034
51 0.6393 0.7775 0.0562 0.1438
51 0.0894 0.1552 0.1502 0.1467
59 0.2039 0.5008 0.3875 0.3281
59 0.5933 0.1708 0.5258 0.3236
56 0.4644 0.9470 0.0870 0.0753
56 0.3581 0.8988 0.0839 0.0738
57 0.2930 0.8452 0.0320 0.0337
57 0.2629 0.8292 0.0470 0.0648
57 0.1597 0.8531 0.1903 0.1807
67 0.3320 0.8343 0.6577 0.3261
67 0.1667 0.1099 0.3185 0.2021
67 0.4104 0.4992 0.1662 0.3247
67 0.9505 0.7689 0.0535 0.0373
67 0.8322 0.8310 0.3208 0.3199
56 0.2606 0.9418 0.1134 0.0716
56 0.4403 0.8896 0.0611 0.0508
56 0.3458 0.9528 0.0466 0.0390
56 0.5493 0.5557 0.0877 0.1052
56 0.5500 0.2749 0.0749 0.0687
56 0.4415 0.2192 0.0681 0.0485
56 0.7074 0.2006 0.0722 0.0558
67 0.7475 0.4988 0.4901 0.3267
